-4.4052648009445 5.2544919323693 
-3.3453968903436 4.5894321710144 
-4.7252139211902 4.9491001835722 
-4.2778014393163 6.0290667359203 
-3.3418624343923 5.8353877111979 
-3.6352401584779 6.106670347784 
-4.0698134701734 5.8148621686805 
-4.4301368353991 4.7655265198214 
-4.3079417919014 4.5865372576166 
-3.4608213187135 5.0579017155032 
-3.9112616047629 5.2145443771503 
-4.0818658077767 5.5884272678847 
-5.0658735232704 4.6474828281815 
-3.9053079675708 4.8663392272557 
-5.0572371097036 5.0127437310367 
-5.7503198354644 5.1180783447469 
-3.8084549696662 6.3975321583271 
-5.1142551402873 6.0702109586295 
-5.3684985457097 5.6121315762401 
-4.7555416072794 5.3107780027715 
-3.2375831554461 6.2891794810477 
-3.2249327303757 5.5131332123012 
-5.6832903554286 6.5811152023004 
-5.7536201782093 6.593515254696 
-4.8492416297479 4.5509810986091 
-3.7096252689477 5.1190456001868 
-4.8029658738568 4.9821730963951 
-3.6470785269259 5.6801516228904 
-5.3079217287603 6.4951429992736 
-4.9224588116089 4.4586032354556 
-4.4428606218276 5.2419048711498 
-4.3803181055581 6.1453453292333 
-3.7058083523766 5.4296072300019 
-3.7203365659098 6.7659342114957 
-4.9594467634347 6.8069793806102 
-5.4209072391698 4.9820968745192 
-5.5698352765518 4.4575040073712 
-5.1322689667129 4.4849843569836 
-3.7998632801493 4.63517008645 
-3.2535558485455 5.3716341876141 
-5.4235221098073 4.3874408811206 
-5.5111303310101 4.6338239756857 
-4.6712558142706 6.9193538783528 
-5.3044599116789 4.5582244846306 
-3.8905359069315 6.5061708894247 
-4.7357851905389 4.4676733491906 
-3.7474304552846 6.8202408998378 
-5.6187312884167 5.9895175387605 
-5.2066954977434 4.5182813555807 
-5.5047879716731 4.5384634050253 
-4.4380596875497 6.8363049271567 
-3.5922634550278 6.5166967011089 
-5.7851039428944 4.6296752484888 
-3.3889112916895 4.4940961663738 
-3.4236722105628 5.4339260301354 
-4.5304268280749 5.5234425942111 
-4.3783873587493 5.0308189637073 
-3.82571621724 5.2709838683065 
-5.0200174517373 6.3062815734871 
-4.6721104124588 5.5332038234195 
-4.5184923531538 6.3830886794248 
-5.539749838575 4.5911381261364 
-3.5256755370602 6.74569161068 
-4.5603266858402 5.9159642428778 
-5.680312620361 5.1657638361343 
-4.032340493531 6.6029254652054 
-5.1131288504818 4.7108770067542 
-3.2787853856162 5.8160447814683 
-4.1902466237629 6.8450217127173 
-4.876508782 5.1650652171382 
-4.8656682312928 6.7583543570732 
-5.2406397395339 4.5395986947126 
-3.907830729701 4.6140177364532 
-4.5243185406896 4.7182235251188 
-5.6416019423812 6.0020613235842 
-4.4490361739556 4.7498337010286 
-3.5664319297325 4.8858851702042 
-5.2909809415538 6.3294466287775 
-5.5740363178549 5.596820690298 
-5.0621083007208 6.4852798682477 
-3.5959896829467 5.2666626761815 
-3.7811342451674 5.0100356900807 
-4.5975368811135 5.5166506190029 
-5.8605186728757 5.3693210623829 
-4.7449355395479 5.3701937478577 
-5.4395828713907 6.579340905413 
-3.5177644776301 5.0033986330186 
-4.9497219802777 5.2611804715385 
-4.8204950669471 4.5239039642188 
-3.4771529445035 6.4202028061166 
-4.0892897383806 4.4548699854478 
-5.6734153071841 6.0721196024777 
-4.0486357015439 4.9711599361263 
-5.4613687578149 5.8891012494859 
-4.4040961058634 6.7574137675208 
-3.7135124929516 4.7884560274096 
-5.0946529981526 6.5558231144033 
-5.7109405073226 4.682809231649 
-5.7191622379283 4.9401521556681 
-4.6128086282009 6.4802851918186 
-3.3674649779969 5.5838879351557 
-3.8665772441041 4.4784106786393 
-5.1635719695913 6.8915450469509 
-5.4493414391773 6.0319459656573 
-4.0625526205687 4.8635878065578 
-3.4267362461642 5.883866132948 
-5.0483785091975 4.6649233226129 
-3.7752261915964 5.7415352627886 
-4.9610863919123 6.9625793507593 
-3.9462125286622 5.4236875279085 
-3.5855820073311 5.6684519018652 
-4.6629430230661 4.5969093762635 
-5.6847138334208 5.4223637796076 
-5.2321344819494 5.9555366526315 
-4.3436075717156 6.5665409826979 
-5.2518067854048 5.3690803302744 
-4.3774930297204 4.8746315025842 
-3.376211953359 5.399975422539 
-3.8095502582802 6.4874714846899 
-3.3116114877465 4.8555590545169 
-3.2102897563945 6.942909500772 
-4.2226675192578 5.7482758374803 
-5.3109509403564 4.9801196503425 
-5.1642498500077 6.6401943843082 
-3.7319579201087 6.0981378838794 
-5.0249361403835 4.7190040151305 
-4.8812855087295 4.9609221495915 
-5.3113197396481 4.8199167264893 
-4.1671549624848 5.8848775629875 
-4.4245859218257 5.8402855795203 
-5.6350281673991 6.6734242000507 
-4.9585077873867 6.3878686379868 
-3.6285292426978 5.569605085899 
-4.743933766497 5.3769776049471 
-4.6834878310137 6.2588456351604 
-3.7373302770878 5.9126225176968 
-5.2465919186617 5.512128967599 
-4.0660526714883 4.6244888180222 
-5.0317034176889 5.3683125707005 
-3.9126329125645 6.6963098116909 
-3.7868796817525 4.8156777538638 
-5.6095746247226 4.9068799428111 
-4.5707171852206 5.0051532565822 
-4.562942226488 5.149261460332 
-5.5047680864569 5.3166594514612 
-3.5241090233375 6.4576334339052 
-4.2470407429032 5.056764833141 
-4.3506504123505 6.360830403338 
-3.2538262687296 5.5043569018199 
-5.1634021839621 6.8405009085861 
-3.4409299309993 4.9238652835984 
-3.5624693328564 4.9499533237208 
-4.1917724503396 5.7744726191734 
-5.8507200618062 6.1767178770449 
-5.4899285786385 4.8087541563979 
-4.3960899119723 4.4254367254204 
-5.4086254209442 5.6313636540073 
-5.5334348815024 4.5251237328834 
-3.2041953554013 5.6754778300206 
-4.7172215165406 4.4390520260062 
-3.3857637461528 4.8514386015115 
-3.3910291630758 5.1427073665509 
-4.0157988584039 5.5466426288744 
-3.5723974433568 4.9074660397322 
-5.7684449651045 6.1378899848546 
-4.7689351094869 6.6714626311246 
-3.6347909804057 6.1558133944264 
-5.2459341852276 5.4624689411291 
-3.3793701972662 5.5013181599261 
-4.9041352672889 6.6183974825834 
-4.282399807444 5.0239466531994 
-3.9166269906189 5.4244549191073 
-3.7392753296307 5.4599067651614 
-5.7909107458944 5.1587683913779 
-4.7722446813153 5.8945839038106 
-4.1646682731169 6.064320942608 
-4.1501061035074 6.0877965375184 
-4.1707000921886 5.4421548601778 
-5.2507227227193 4.6844281365659 
-4.9052120348491 5.5830697115679 
-5.4864397809742 6.1923954226212 
-4.8706174946565 6.2951713941273 
-4.8152351371023 5.4354728739971 
-5.8460276382241 6.0953931634309 
-3.4438552537078 4.9126435584277 
-3.5540334356949 4.6941912604308 
-3.3474193334166 6.3325231313515 
-4.5684922136272 4.575348548148 
-5.0336008017489 4.9520394701155 
-5.5422048837012 6.1250393895793 
-3.4725703723001 4.7357559165068 
-3.9975415270445 4.6029759223709 
-4.6454608263772 5.8873698865223 
-3.6974946162078 6.1724807396131 
-5.6083588171426 5.8388360507502 
-5.717189422755 6.3764686218236 
-5.0435453926279 4.7272050804588 
-4.3848140096876 5.9153283453309 
-3.7713902284765 6.8847952857151 
-3.8446938582695 4.5701530591412 
-5.0230014456778 4.7046444241189 
-5.6975170993106 4.7631016551794 
-4.0299092534294 5.8974000040478 
-4.6102205342541 5.001626708482 
-3.8179328893146 4.8887900615923 
-5.6589630661567 4.950680039794 
-3.6976928994039 5.6799515363073 
-4.8293786816021 6.1993975693137 
-3.3586446740163 4.4175012747653 
-5.7014314303236 4.7901500814593 
-4.8905878466169 6.969404587266 
-4.2477789492086 4.4438886464006 
-4.9884516368064 5.5856448891163 
-4.8839137582328 4.4994523084176 
-4.6298468622785 5.1040694447018 
-5.3257251310516 6.4475846424844 
-3.8751194075083 6.88291267648 
-4.4036114754387 6.0020964255326 
-3.6151031090366 4.8463528696972 
-3.5944484661303 6.1413651098094 
-4.4720914092329 5.2199907281835 
-4.9402091994703 5.9531686697863 
-3.3127720720383 6.5681477881705 
-5.3725890265787 4.7395616687774 
-3.5788888984797 6.5199267363315 
-3.4077381704554 5.0918955058659 
-4.7057815020611 5.3601962822297 
-4.8788984464246 6.364569109796 
-5.8499026685432 4.8063491420487 
-3.8427675141318 4.8513421853654 
-3.452528343855 6.284366284097 
-4.7617541065146 5.3017044493201 
-4.8531010003434 4.6287760499698 
-3.5472808818545 5.0044988342509 
-3.2629824322353 6.3090300495508 
-5.0645936075112 6.9080767237566 
-5.627454541169 5.7276697486784 
-3.2138648525023 4.6514556689088 
-4.074625038475 5.116316382699 
-5.1690602693162 5.294315706172 
-4.8240170579996 5.4832344538924 
-4.465684915869 4.8731845773605 
-3.8613650139598 4.7372285924922 
-4.6993347485318 6.1140921150071 
-4.1125884771861 5.0158400863656 
-3.5322265056163 4.7806257615083 
-4.1133128686233 5.00652339703 
-3.9463777060559 5.0114640538813 
-5.6555796441461 5.6091700102735 
-5.638145585858 6.3693353606651 
-3.5058042796281 4.8555888002565 
-5.5298537271775 5.4485352206703 
-4.0982262881545 5.1676480197991 
-4.1637758262256 6.0285932442417 
-3.79666598411 6.3730611972684 
-5.0511688821141 4.6589481293072 
-5.5274269849696 6.9438247882019 
-5.4074077392055 5.8443082246242 
-3.2509966710811 5.8295900323486 
-4.9968399637927 6.0303567199376 
-4.5964794175223 4.5033373747655 
-3.7886678862087 6.4381260835898 
-4.279425715932 6.8765088157887 
-4.9373119312255 5.1097257196656 
-5.6350210579223 5.666734203843 
-3.8682389432174 4.5374850099302 
-3.9811975760136 5.5574948642117 
-4.017906275595 5.7175706555508 
-4.0751589172524 4.7193964069616 
-3.7772902291457 4.7404813932788 
-5.5594437060356 4.888286634568 
-4.102141864135 6.6227669702613 
-3.3128405745778 4.8191972214874 
-4.3413507012357 6.895619750444 
-5.6072468096407 4.3910859609761 
-3.5503165544551 6.2898189477281 
-4.4584976811495 5.5802290112504 
-3.3632648802386 5.2559444264853 
-4.3880146447651 5.8854867012513 
-4.0827469777134 6.62782644255 
-4.5533799954878 5.31451518814 
-5.1445980279532 4.4974987868822 
-4.3394681134926 5.9759760777646 
-3.3194066139758 5.3161359611475 
-5.527625851925 6.5908155783894 
-5.5531865669966 6.6671553566194 
-5.0510604262633 6.0667559185815 
-3.8746955919378 4.5234655868873 
-5.086676066314 5.0597505004729 
-4.9325082656196 5.943747427431 
-4.5849220755727 4.9228490208501 
-4.837328400105 5.1481753579434 
-5.289961867614 6.7858763553529 
-5.1080673961457 6.3115476008544 
-4.3821744960446 6.0055969169909 
-4.5903356092166 6.836115177868 
-3.5303066565348 6.1877062564133 
-5.2849188143673 6.6682537220769 
-4.9305328022656 5.5872948909693 
-4.2365491651177 4.3964000108738 
-5.6258633511517 5.0475166312005 
-3.5744767313339 4.5660284304398 
-4.7090905604118 4.8249610823349 
-3.5541146929681 6.3276545549347 
-5.5244572607742 5.0982514834985 
-5.4904529841344 6.2749172842612 
-3.7414579034763 4.7277357704949 
-4.59962378398 6.2153186563423 
-5.803575584579 6.319864185261 
-4.0872232573716 5.572265045673 
-4.4794368603471 4.85068635064 
-5.0913730996077 4.8639939568231 
-4.4026541881885 6.1753051865018 
-3.5891694612452 5.7582185637285 
-4.4396083323562 4.6283689671532 
-5.5609932186837 6.4681691299607 
-5.6766597547348 4.7829452117583 
-4.0854196833363 6.0160207271917 
-3.8186151211956 5.3188463579191 
-4.1333458276676 4.9945652009302 
-3.6948706413091 5.2399779338331 
-3.9605624619302 6.6411893792311 
-5.7778421447969 4.6775389287901 
-3.965211631901 6.6603792252902 
-3.7883007941277 6.5916166982607 
-4.6935404016433 4.4322929864298 
-5.8091995555902 5.702323229001 
-3.4475241522875 6.0853265530499 
-4.8959480058093 6.4719670384721 
-4.8303860147578 6.7021522872143 
-5.571006466919 5.6978182238457 
-4.7154822097281 5.1352094353821 
-4.8078606916572 5.8276310396704 
-4.9228439500006 6.7459373671044 
-4.7310509068502 5.3729490110207 
-4.269063138467 4.3879262876799 
-4.0144424338136 4.6586817496497 
-4.4547274573549 4.7702105499672 
-4.8294343670326 6.9345662640556 
-3.5123090324551 4.4504546343548 
-5.303432270442 4.4580861726185 
-4.1977726150682 6.113222007094 
-3.7032527340461 5.8686770640007 
-5.7648199699859 5.8196745023437 
-5.0100046988977 4.8099211223124 
-5.3075737734638 5.0700612317583 
-4.757389211105 5.8720812208117 
-3.7251274803645 5.7284998464014 
-4.3880039966493 6.8496226949158 
-4.9628337656104 5.4606648809487 
-4.6586980403312 5.0650741749147 
-4.032837363221 4.5979470038533 
-3.652255718216 5.8879162441508 
-3.4271901569706 4.8616382753213 
-3.8107436024437 5.7765248530585 
-5.1113753830801 4.7016977153539 
-4.2971623015527 5.8082067496745 
-5.5595746330818 6.5841692259266 
-5.5095117009973 5.4881748721019 
-4.4191884349145 5.384229342867 
-4.585214150719 4.9788909078924 
-4.8473248420519 4.4224393624746 
-5.1861241333049 6.4486546042995 
-4.2320955044931 5.0217340066962 
-4.07418240011 4.4584569904913 
-5.3540099419915 5.6170663995281 
-5.0559664113296 6.4988313333893 
-5.4077105635937 6.6463290421723 
-5.7128781448241 6.0087600240603 
-3.4515961350773 5.7884204687783 
-4.2807011609467 5.1352530920787 
-3.7866001244347 6.4815782867222 
-5.7832642364319 4.3967054951072 
-5.1637437594518 4.7978890249396 
-3.2188956877793 6.0613811733646 
-5.5189710622681 5.9259398237715 
-4.7175432807736 6.3072485715554 
-3.5383967396655 5.1866059181478 
-5.1409956030487 5.383523581842 
-3.450454982373 4.8212372853785 
-3.5264302901837 6.927753713229 
-5.6721495788725 6.2888808320822 
-5.2097390532831 6.537636560812 
-4.0151611899367 4.6721628444159 
-4.9699386657949 5.5600400200549 
-4.3824536600619 6.5702677054863 
-4.5486552257483 4.418481892992 
-4.6027258270944 5.4208648866163 
-5.7732156678461 4.4782779478439 
-3.506126165285 4.4897375239506 
-3.3089919372571 5.5354759533632 
-4.1297203547154 4.4668335372105 
-3.4879175985223 4.4227447253064 
-5.7733047338978 5.6822320849559 
-3.7125663053889 5.6170830213719 
-5.2986634482512 4.4357101871814 
-4.5084553435999 4.8841151075212 
-4.1686799216164 6.1248050919886 
-5.5162092329479 6.3229256373515 
-3.9455949093687 5.660235647118 
-5.8505371078182 5.265596565627 
-5.0944449911521 6.2971246854721 
-5.6432080163595 5.8797337765779 
-3.5071493637377 6.1355859585314 
-3.9222330359711 4.5018521202274 
-3.7514574495096 4.6009611354241 
-4.6811577821531 5.5843633270088 
-5.2035680637624 5.259992484555 
-5.3576572407291 5.604952761151 
-5.0423707055383 4.6245244780969 
-4.4635914885141 5.290401766538 
-4.9217975673826 4.9596284575641 
-4.2706112804664 5.3882575886265 
-5.5448720987976 5.3006766621581 
-3.6873351716495 5.9710293842281 
-4.3894045984524 4.6639544095111 
-5.8304806979399 6.0652051912742 
-4.6812215563973 6.6861476527943 
-4.0593248667539 5.8791073846769 
-5.0336532657014 6.9147238537758 
-4.2432054533393 4.7207729084905 
-3.2442438173006 5.3856539242208 
-4.2843220970058 4.5184892835162 
-4.3280238295999 5.3718911452426 
-4.4880456652782 6.0541339537339 
-5.0150055384 4.6059886852096 
-3.9973475456054 5.9023432830104 
-4.3806458055976 4.8712144377703 
-3.680746324191 6.1677192051013 
-3.4735987186951 4.3942888822203 
-4.3667117036324 6.46358179619 
-5.565213734157 4.7992396447066 
-3.6576389715967 4.7901133079597 
-5.5671256662798 6.8922580162306 
-4.5747935626198 5.0964367448422 
-5.26366910745 5.6464320913274 
-3.5422981473121 5.1469030436062 
-3.701137454402 4.8942480418336 
-4.1010445713714 5.1995647838709 
-5.3220563705103 5.7820617588645 
-4.995090983966 4.7446127771458 
-5.3827109906762 6.1651648666897 
-3.5108904621999 6.7366859756095 
-4.9434105100776 4.6371325892514 
-4.7000576850652 4.5349317106385 
-3.283578539963 5.0438994070863 
-4.7664084283747 5.8093288287031 
-5.2518730735037 4.3978432225373 
-3.3313828820428 6.2131133570361 
-4.7402488376843 4.7879105317058 
-4.8563959488978 5.2837420566844 
-5.5440810944266 6.3892256728655 
-4.8109091021674 6.4132499261148 
-4.9324527297229 6.6726708339833 
-5.076957992465 6.0133194799504 
-3.2545534410754 4.7423944459362 
-5.2662446064158 5.5289774762684 
-4.0503339269361 6.4676084566018 
-5.4363286798503 4.7317117476912 
-4.5182695397195 5.7131311422173 
-3.9547554857751 5.2961188364283 
-4.2128525380826 6.497285333723 
-3.5231691406369 6.1891627569478 
-5.6029972540333 6.1170168767245 
-4.2020452840352 6.4599317013825 
-5.14319461697 4.666523578416 
-4.2115729094781 5.6036037024494 
-5.5525680455774 4.4051200914429 
-4.0416487531871 5.2603136583461 
-3.3911566315237 6.7371884094502 
-3.2600245131481 5.1807416372649 
-3.2693609510141 5.3923508207663 
-3.3589417777685 5.2908281731757 
-3.3620516413622 5.7459456951391 
-4.5573969609883 6.1872349540736 
-4.410794647295 5.8972063013777 
-4.2725810722567 6.5425813466727 
-3.7725656421173 5.9043912326562 
-5.2237725547861 4.6078857553954 
-3.4396340248927 6.0561284530956 
-5.1512654990761 6.8500907552529 
-4.3407075124669 4.558942210911 
-4.8643909989726 4.9766432472439 
-5.4478133002562 5.9197638095099 
-4.0251643529007 5.3882966394415 
-4.9948649164568 6.0123813223462 
-4.5109732777598 4.802285366189 
-3.2285558318591 6.3413682173249 
-4.264821421138 5.6286564633311 
-3.4466210536803 4.5155376935246 
-3.4504864728134 4.5770807760938 
-5.4072066024354 4.4178834988018 
-5.6404497448465 4.792493770422 
-3.8259626427614 6.6469438088421 
-3.6784182282 5.2098674278975 
-3.2820790270609 4.974642759179 
-4.1021045082936 5.8714682485286 
-5.5566129661489 6.2515611341184 
-3.3916992516053 4.8418477708067 
-5.8126857880125 4.6548235696887 
-4.1158790599893 5.1446522406953 
-4.9250529309689 6.941681619893 
-4.1305578590289 5.1753511593837 
-5.1132777740023 4.4214448511891 
-5.8609905215008 4.9016507557229 
-4.1333090682978 4.5921980371775 
-5.6180300077644 6.3651735049555 
-4.0559263604248 4.4023539322224 
-4.7749817881138 4.6525542679443 
-4.1012272591489 6.5115485594466 
-5.4201252765375 6.2502876875583 
-4.5807992150317 6.835466859051 
-3.2354584222312 6.5329889712844 
-3.8372622294356 6.7433608528751 
-5.5304732930755 4.7245706333897 
-3.2637754373898 6.3318200689987 
-5.4548486934577 5.5462798329161 
-5.0305566213225 4.6909025548071 
-4.9218431091724 6.4237748640634 
-3.562121417442 5.0598132422209 
-4.9371724391398 5.0311037816701 
-5.0632804369107 5.4033240184018 
-4.1417057264708 6.3813437363557 
-4.0141066335427 6.1812497243112 
-5.8452985318969 5.8526608284199 
-5.4548252750717 5.9484681710308 
-4.4871432958942 4.6173910702957 
-5.1126702511987 6.7628495277852 
-4.6138096756146 5.0504097779288 
-4.4015347734875 4.5495591724026 
-3.4803738023509 5.2986953510458 
-3.8499000429484 4.7175698472689 
-3.8461384326267 6.8999043394751 
-5.2419838531541 6.8475187998208 
-5.2684660939411 6.3653134020853 
-3.8165152595194 6.7284025319069 
-3.949705594456 5.8886165897647 
-4.4277546020605 5.6052404174508 
-4.6598102342836 4.4151395162721 
-4.6432204696864 6.4459123682955 
-3.6927189583077 5.2714056519102 
-3.5180221650249 5.4744162873661 
-4.8299301965657 6.9094900306728 
-3.7119197528559 6.9176720133084 
-3.7934345403931 4.4655448434529 
-4.5141218479775 4.4917126072631 
-4.2894785039246 5.437857161769 
-4.5113098871738 6.8861290667127 
-4.9273628157696 5.8438933191723 
-3.4064582291775 6.496983732286 
-4.2287182894322 4.7038667997332 
-4.7156811186204 4.9386739112047 
-5.3679894162797 6.5514993758016 
-3.3703433548188 6.8162409692984 
-5.1209288723893 4.579862265394 
-5.170769096686 5.4914742530234 
-5.2392083675878 5.8910070946935 
-5.3237514577548 6.6241248938217 
-4.9968678119484 4.9167910806136 
-3.6327928459797 5.0250141536789 
-4.5754137552142 5.9858528892464 
-3.492568808437 6.2937015625306 
-5.0793271762995 4.6383563495139 
-3.6625011609536 5.1006506288406 
-4.6570374806296 4.4431652697679 
-5.6019908535278 4.5536138447875 
-5.2250242806981 6.4952593848696 
-5.2109634232172 6.6403047697269 
-5.8218809178547 4.6549046316036 
-3.4989947282484 5.6897363292359 
-5.8325135328676 6.3242421640372 
-5.4873958933868 6.8795004272936 
-4.5239056074269 5.8264985612659 
-4.3401341902113 4.9301733053217 
-4.3925356949248 5.167620118905 
-5.3761727696644 6.8237777556347 
-4.5372773039963 6.6088586787423 
-4.538494642112 5.987363762909 
-3.2851160990294 4.9721973847778 
-5.216608606293 5.8918024020476 
-4.5456418823742 5.3325861901253 
-3.4668088839704 5.4550357853454 
-3.3798275447117 5.1432609671293 
-4.382292376669 6.4545442131915 
-3.7642731260757 6.3158185738947 
-4.5182857383743 5.2225139531732 
-5.3572122885721 5.544486066168 
-4.9850201193029 5.3054075584524 
-5.4104410230938 5.843751958601 
-3.8988568601976 4.7413301365842 
-3.9110528483427 6.0745569455187 
-3.5641303181738 4.5009716663858 
-3.9158931669549 6.0788875154758 
-5.8510549074271 4.6587004228104 
-4.8960150591443 5.2693143519643 
-3.4617801183293 5.4040951154364 
-4.2383836874612 6.011667638863 
-4.3113503611403 6.6186447856304 
-5.2404447351844 6.6761068588528 
-3.27496625235 6.164539591696 
-3.8925843289023 4.7865416042382 
-5.25574176179 6.5350076863861 
-4.9394084836634 5.5673733109506 
-4.755319886668 4.6573208761908 
-5.4729169814676 6.943523037227 
-3.9059919639959 6.9108978794328 
-4.4910962797887 4.9430443959323 
-3.7175602173463 6.1226683458282 
-3.9399815740295 5.4291571942876 
-5.1550381475933 5.5458250331517 
-5.6244267302533 6.0413843608751 
-4.4263725933987 6.8403228015166 
-4.5074972474228 6.959706317853 
-4.181524248806 5.9453964563397 
-4.1852964003275 4.6778773012585 
-4.0940097703312 4.4815547368526 
-4.1138623240067 6.7657590152526 
-3.2751555226931 6.5742786001559 
-3.4459629402728 6.1637627681623 
-3.787886477373 4.8727068837512 
-4.286382095886 5.5539492370694 
-5.6962632836949 5.6375205853616 
-3.6429863472526 5.4155647593681 
-4.8672822945623 6.3781817807327 
-4.9224310327353 6.8533204261615 
-3.4057776934545 6.3907596144493 
-3.3419390056451 4.8291924647009 
-4.0533501225536 5.4492394756947 
-4.465764961404 6.299117507132 
-4.1510944568181 4.5885923468002 
-3.5151339180081 6.486083783317 
-5.1090420345724 5.5856343936001 
-4.8632330152081 5.6926685031603 
-4.5499771247231 4.4653978158376 
-5.4918801607546 5.1229750667605 
-5.0717647259772 5.8426353688489 
-5.2050054437669 5.3010352668649 
-5.6847014163046 5.0245716450558 
-3.2204823858412 6.4884043458008 
-4.8471633422261 5.2773424947676 
-4.2105950546121 5.1344460238506 
-5.427954473649 4.9521420301667 
-3.9378469471015 5.1424280638527 
-5.1480467364155 5.9344546019975 
-4.0714009808327 4.6300911942412 
-3.7771713410615 6.5176428357003 
-3.7420339501602 4.8387314081664 
-3.9877627158684 5.405114991623 
-5.6459692106614 4.3976028877845 
-4.2506877950891 4.7866002445367 
-3.328982683349 6.8125521229987 
-3.6979176384406 6.186449789948 
-5.4102111797412 5.6951450452715 
-4.8417201230198 6.7163711711595 
-4.398405202395 4.4007267126763 
-4.7419802452937 6.6247304253843 
-5.7160454739691 4.5842093883471 
-4.9455843755249 4.8161065094983 
-4.9594895759021 5.850787484203 
-4.9967702726036 5.8628082688191 
-4.8549064288367 4.493244571413 
-5.0154171357895 5.3271324064247 
-5.523176904446 5.92622326022 
-4.9924339156276 6.5277546128592 
-3.979741806082 5.5792450847845 
-3.6828051551581 4.3875060053028 
-3.6096703923435 4.657543983287 
-4.7847187637281 5.5515526910153 
-4.2991000202322 4.7479360713967 
-5.6810128623568 5.4609047890132 
-3.4495246841164 5.130642780984 
-4.5826103531823 4.5137563565675 
-3.9872633796064 4.8047584705717 
-3.5020195831166 4.4890415592148 
-4.4960656474247 5.5695738302841 
-3.8255890388155 5.3771557014139 
-3.2964174082423 6.2654393440623 
-4.0445245982641 6.1145256345352 
-4.5022741792353 5.1872078088284 
-4.7578119722133 4.9331223948519 
-4.8671018550393 6.0978140706706 
-4.4134016115651 6.0159559112538 
-5.2294724418834 6.5280203942075 
-3.3839118779329 5.2612216775018 
-4.8824599490846 5.206785535081 
-3.9988333399943 5.951879113621 
-5.0546887340485 6.856464281214 
-4.9384652982464 4.4542580918963 
-5.2583479821899 5.89326744939 
-4.0730892048685 4.6431070853849 
-3.7105055792779 4.6433435421937 
-5.51809249488 6.2580585624593 
-5.2673542769075 4.6148131918062 
-3.3567432224662 5.0313749120788 
-5.5661868710659 5.4135131093827 
-5.7025052403837 6.5955633146978 
-3.9482386288802 6.304018780986 
-3.6554582693988 5.6270433657948 
-4.9330181562407 5.707947305311 
-5.327601410146 5.7980836889968 
-4.2510335039393 4.8532719099529 
-3.8400147052583 5.5442183841537 
-4.0200620421001 5.8783370595936 
-4.5904499612859 6.6637689348308 
-5.0944499964953 5.427660098634 
-5.8469781245687 6.323965361599 
-4.5108893131653 6.5611933770867 
-3.6151471201211 5.7148345226135 
-4.015512568938 6.4812065455952 
-4.7057257211309 6.1714758158926 
-5.5352719202264 5.5776481774557 
-4.3263326461152 6.101516212706 
-5.2635970126722 4.8060673490135 
-3.9171038968277 4.4467949156444 
-3.4422499332004 4.9354012169631 
-3.8026267850225 4.6154461434378 
-3.6623863831118 5.6990738655461 
-4.3867704900796 4.9416611656042 
-4.4368915625981 5.2094234958559 
-3.4487850278564 4.8799697570361 
-4.0260230503264 4.3956015193912 
-5.0177124433984 5.5497811001149 
-5.6990732909086 6.4987592666294 
-4.126793523146 5.2841422287108 
-4.9444184604851 4.6525210655272 
-3.4364258598934 6.2251775437464 
-5.3211394994427 6.2884583187712 
-4.4496289514477 5.2618963147561 
-3.2334266871536 6.004192269849 
-5.1417058418254 6.2193511881408 
-3.742674635171 5.8518025911745 
-3.6901436650129 5.5921008551488 
-3.6016623541753 5.5977141180379 
-5.4712829353686 6.585748090829 
-3.8010394651883 4.5125012230788 
-4.577754833342 5.560735957573 
-3.5899637223587 6.3931330358373 
-4.1848522284678 6.6948330238954 
-4.0823944175117 4.7893891978909 
-5.5909629838275 6.3827533148844 
-5.3265001993265 4.9593687056098 
-3.431710921112 5.2761576182604 
-4.6530846414212 4.7822742855932 
-4.5021614708364 5.4673111207589 
-4.2916830232626 6.2391470435184 
-5.5778361946988 6.5766045193688 
-5.5454729373418 5.9014348195754 
-3.2585118273218 6.3003220394759 
-4.7674155365944 6.5550325469562 
-3.3064254253178 5.5764835579981 
-3.8451316769406 4.9417823417176 
-3.5061318951735 4.8821160448587 
-3.4762893103913 6.5490089563163 
-4.3531359693014 5.3649996754725 
-3.6002871078782 5.7199399328836 
-3.6164773378763 6.2520393390777 
-3.3869445916009 5.1495272893612 
-3.7571311238383 5.3673286835407 
-5.4952178213194 5.3022888817265 
-5.4869954383305 4.9817293682282 
-4.3422962796777 4.7844200830792 
-5.2614327725342 4.7437227574037 
-4.8351668192294 6.2342964739318 
-4.9258851110146 6.8294638485799 
-4.3894430128711 5.2890613420649 
-4.3546862636873 4.5220801707756 
-3.6247373480016 6.9635643834866 
-5.3967404165284 5.2038325755191 
-4.8177355821269 6.5263072060173 
-4.4538121426356 4.6598190451767 
-5.6355583713295 5.8953835325148 
-4.6489195880949 4.84784168118 
-4.6361231489471 5.631202734984 
-4.2975690491156 6.1955090047517 
-4.6731477781341 5.6805498943597 
-3.814690322944 6.1177254518519 
-4.9759916545906 4.4939835040497 
-3.4806596898333 5.7918562208184 
-4.3190197078787 5.4206123780252 
-3.9792504608737 5.755333185778 
-5.6311020793214 4.4305594526412 
-4.1138507974308 6.5392700032527 
-4.845333458523 5.5425764587921 
-5.0219219971904 5.7324764802831 
-4.486193154971 4.4097107054976 
-5.4772121441179 6.5198961031102 
-5.7671564096806 6.5956501831804 
-3.9659554349914 5.2424972159399 
-4.956829048925 5.3248211941017 
-4.106320821846 4.4410182028937 
-5.7704906637952 5.178928454011 
-5.7514268666424 6.3007426312277 
-3.8582206787782 5.924810810528 
-4.4736060678653 5.0290491021979 
-4.6379232580748 6.4305513971673 
-4.1073799214262 4.6797519557681 
-3.3096961715909 4.8910585560819 
-5.0912968658478 4.7222862163537 
-5.4456414247671 5.560401459843 
-5.5207927763025 5.9160953852523 
-5.654818609494 4.6193321161462 
-4.9431695807242 6.8127362281264 
-5.2344236898804 5.6171359930055 
-3.6503113593854 5.0729252630798 
-5.11995474853 5.0457509987395 
-4.4549127406124 4.9639028420171 
-4.6919553990158 4.39216541863 
-5.5314857210696 6.2765170213769 
-4.8973286889186 4.6284867449569 
-3.8182854606261 5.5596745887388 
-4.6385934962793 5.4679865415586 
-3.3391855669037 5.736101955779 
-3.9890922653722 5.3356402003309 
-5.5715718933546 5.8449422328263 
-4.7918485205403 6.0012120196208 
-5.6878161432393 5.0398434758134 
-5.158436873699 5.3533761418609 
-5.6901211459953 4.8629448094079 
-3.965710008123 5.6586370657023 
-3.4750556070702 4.7557254426557 
-4.9360589528799 5.043340605697 
-3.2392678433292 4.4582474506049 
-4.4096026229203 4.5321099736977 
-3.5578320828412 5.5791585547732 
-3.9074266350057 5.2178712327615 
-4.9200928177721 5.221071660962 
-3.8072420951677 5.1019367659421 
-3.4060009265907 4.4088379231263 
-5.6305218259144 6.0004717918315 
-3.4170009891159 6.7294991671307 
-5.7769456120297 4.823855418226 
-5.6025023226382 6.8498781629612 
-4.4863431408838 6.6222364042257 
-3.9191941496175 5.2998420166984 
-4.33103363526 6.896134401338 
-5.8027605771333 5.9509130615755 
-4.775786230739 5.0977044140127 
-5.2132368764499 5.229190575452 
-5.3027479298078 4.5118837289831 
-5.3557238738144 6.8774212036486 
-3.9831154861113 5.1999592225184 
-4.2169225237734 4.7654943581263 
-4.8746065852705 4.446087052291 
-5.657632187278 4.8465706353334 
-3.919027415126 5.150951941103 
-3.6626159207484 5.3229761510591 
-5.3729302531177 5.3544067690522 
-5.8142855233533 4.741117426066 
-3.892604566309 4.537027869992 
-4.9708819885326 6.3356530553051 
-5.6088429465242 4.5222077112495 
-4.4270884385783 6.8462805844715 
-5.7003508232596 5.3302901477506 
-4.7332022262396 6.1902376999199 
-4.9989927396534 5.0984788869537 
-3.6480495515431 6.6532150234229 
-3.2219202750624 4.7501977932828 
-5.5495313002055 5.3749979078366 
-5.5280172744857 5.3093961794627 
-3.8709805926703 4.586418661481 
-5.6251167925113 4.7724440277352 
-5.7419721679985 5.1909626358669 
-4.6082041599921 5.3050820630193 
-4.5880619022159 5.4383290075421 
-5.4617082384023 4.6041672753039 
-4.8702521176518 4.7866569531768 
-3.6193822245254 5.6379693579056 
-4.8311796766498 6.2257793959264 
-5.1172289012331 5.97838601273 
-5.5415326317359 4.7813840338206 
-4.1471311621979 4.9421368887122 
-5.0297060718056 4.7540219921551 
-5.1839688572681 6.0711451707906 
-4.9874947110802 5.8169602710504 
-3.7232597447735 6.9468744203292 
-5.756432996172 6.0426609751898 
-5.5214409385841 5.8578674216727 
-5.8514177038537 5.9499238097127 
-4.7246342516559 5.2217134789623 
-5.6198075458292 4.5561778424543 
-4.0199848602806 6.8340085060664 
-3.6176719847204 6.2399037454998 
-5.7525580624354 4.6974285068133 
-3.7507491299827 5.3853063911443 
-3.2234381263513 6.0110192559323 
-3.599628172665 6.5875581663769 
-4.2553724201393 6.9611379709597 
-5.1490633985279 6.0597011185922 
-4.322166002674 6.0612279643292 
-3.2401463793808 5.8929385939058 
-5.590028381638 5.4694060946924 
-4.8990130759707 6.9053924971255 
-3.7714372030088 4.3961917400229 
-4.4300064782067 5.8399495886884 
-3.5460185454894 5.5945152052446 
-5.331013164056 5.3203492328463 
-4.6593162857255 6.7263659007307 
-3.4466475366199 5.9519388041003 
-5.3832176529864 4.5715559166811 
-5.4390541530578 5.5984843091453 
-3.7100911202109 4.9908645800522 
-3.3313283641687 6.3372763854834 
-4.9426778660294 4.7228218597901 
-4.5723317523697 4.9404478834584 
-5.4728846982998 5.6993170025783 
-5.7924764712157 6.1629676873142 
-3.626803953872 5.0836817354178 
-5.3576772129204 6.3105811224831 
-4.2290654781481 4.5275999736142 
-3.2707304035043 4.9370821772233 
-4.059280558279 6.8186376896274 
-4.6047896708818 4.3984545232641 
-5.2577253999767 5.4759657253541 
-4.5053649770186 4.8240872973366 
-4.1385461388917 4.796858988653 
-5.3903330319277 5.8024329138669 
-4.5651075947593 5.3439991332637 
-4.3861922841686 5.8369680615574 
-5.7308451413383 5.0420312258216 
-5.4568674673832 5.633125019199 
-3.2221187155686 4.70270716506 
-5.1668315556791 4.8836094683745 
-5.1215291924172 4.4789322387838 
-5.71489119008 6.3165577865283 
-5.2280179553544 5.9264533841414 
-4.9082587359174 4.5383818823103 
-4.4959395153946 4.6529926332688 
-3.4806161873607 4.5729384249939 
-5.297407708988 5.4125268643213 
-4.9674293938456 5.6054321662744 
-3.5509997681191 4.4568955822088 
-3.2887319040311 6.319457193342 
-5.7157283539258 6.4742414550826 
-4.9060540256068 5.8131773918972 
-3.946267912892 6.4832303672256 
-4.2305493927494 5.4642874649744 
-3.9792148551529 6.3008438367349 
-5.2713059655638 5.0400040604241 
-3.5384860358572 6.9204641283854 
-4.2514800970127 6.4253720273686 
-5.8058064983528 6.5976155341552 
-5.2917587876873 5.7389388956597 
-4.9568443187662 5.6758976033783 
-3.7780423430077 6.7400338600993 
-4.1029667530982 4.4962994686501 
-3.5988830792585 5.9591184912574 
-3.9133583473853 4.7503791240964 
-4.2070084623016 4.6468788740254 
-4.321987320096 6.0754651421164 
-4.2756214960987 5.0000360834256 
-3.3741219529201 5.5780625982641 
-4.2522655369765 4.9917930355332 
-4.7978445383725 4.7866830550663 
-5.3347759275902 5.301347688393 
-5.4923295168202 4.5831122914737 
-3.5231414061314 5.0706256188287 
-3.4535927800093 4.3932789127292 
-3.4327723534113 5.1475384328117 
-3.8706291427751 4.9837445205297 
-5.0016052699878 5.9995097016289 
-4.452567978844 5.0766669282895 
-4.5430202996942 6.746645752311 
-3.6020316905373 4.9513502553886 
-4.5102112209111 6.5827091476597 
-4.9440432561038 5.1369619677947 
-4.6773278359248 6.5967100783636 
-3.7044300440073 5.0462248527781 
-4.9773729380569 5.6930990395291 
-3.3325089343249 6.7792155195399 
-4.7013193093071 4.8272774680338 
-3.3948627558762 5.2453429302399 
-4.453765312025 5.3561173279386 
-3.412240087463 4.5871636725396 
-3.6984918572838 5.903157778498 
-4.0794052133733 6.1192430478665 
-5.0057484089061 5.2354433716027 
-4.9893935396598 6.7244424428121 
-4.4058623308279 5.2226561672974 
-3.8310769854826 5.5745296051474 
-4.6329974357812 5.267706087834 
-3.7118066471939 4.9753075277262 
-5.595606795555 5.0447810796048 
-4.6505371405665 4.4657433574641 
-3.5618280715106 4.9769781666116 
-4.7699589865658 6.7008939255054 
-3.259828723155 4.6795625512686 
-4.6293348876113 6.1457815152181 
-4.991234187532 5.2714582688374 
-5.0055568798566 5.5620912508691 
-4.1564448043868 6.2092622236899 
-4.9736912667472 5.1870728075968 
-5.2785672288103 5.4374746743135 
-4.0891313876191 4.9405357363188 
-4.3716078246398 6.2783427249243 
-5.5380362774037 4.85984940223 
-4.7438844113815 4.6931871417145 
-4.2616060602521 4.7818673114933 
-4.4825010180863 5.0060569033506 
-5.2316544940875 6.1037303316282 
-4.9880813724524 6.6392952375061 
-4.8214500416177 4.7057147448399 
-4.5511436705538 4.7913685829176 
-5.6101261114909 5.5091837848616 
-4.939360200686 5.9407835230104 
-4.7959886733502 6.3514930617592 
-4.8925560383297 5.466072795337 
-3.3771020745929 5.3959881161571 
-3.5829933619113 4.7027567480855 
-4.1780051121627 4.9558274444901 
-4.1925721907134 5.5133858259763 
-3.2665892564586 4.5948915497796 
-5.60475331003 5.0983501164963 
-5.4539534842022 6.1014282711168 
-5.8244961747584 6.8193736156174 
-5.5205655523971 5.9111924174066 
-5.4534921609082 6.875267702073 
-5.2121102413919 6.9211847835613 
-4.7820533238307 4.8764174242787 
-4.3512200859589 6.9533709193426 
-4.0363282462423 5.4661910677583 
-4.0717817647029 5.1214408111776 
-5.8294408446388 5.4936310181177 
-3.6540473460827 6.1973996548458 
-4.1270669729937 4.5624146661278 
-3.3773518064116 5.711614870687 
-5.6247157220402 6.4195226984833 
-4.8703020786738 5.5099482259174 
-4.6797402240019 5.4210330632222 
-5.0623361416323 5.4007961670151 
-4.7262219589312 5.711880873239 
-4.1385559133521 4.6909803314684 
-4.9184755596823 6.1969407003836 
-3.8661846585716 4.8342707857692 
-3.898147774849 6.2040365935664 
-4.6574025096233 5.0094415272492 
-4.6248110852486 4.7527028819526 
-5.8614330697892 4.8309613460794 
-5.8614020665553 6.8775174995021 
-4.5593536458013 6.8017662274524 
-5.3629110892524 5.416425267925 
-3.6070657987344 6.5610497341426 
-3.4405434104599 5.2140022602439 
-4.4283011472232 5.2476395214277 
-3.6010691521881 4.8229112303592 
-5.583496866414 4.9232263966333 
-4.86509948426 6.0879595864105 
-5.1697226847776 4.8354759922689 
-3.5337417851459 5.9035102931836 
-5.6967629766104 6.2129656551982 
-3.3696411589223 4.8656667565084 
-4.8991335038693 4.591029364385 
-5.8056770262537 6.6094563673657 
-4.6208445125818 4.7365882745608 
-4.4714689850613 6.3084675997774 
-5.797233589501 5.1864976146847 
-3.7883017432993 4.9895881151267 
-3.5429619109276 6.1053963534091 
-3.8326554347196 5.9709407405225 
-5.8018019274047 4.7191370083224 
-4.4877588307802 6.8099133654105 
-4.7679508930205 6.8030129280459 
-5.1608363247758 6.5844419982815 
-3.7087490010304 4.8415119530465 
-4.9396385239268 6.0103609506713 
-4.9924979655396 6.0199439372569 
-5.3345028315906 4.7525434721683 
-4.9384555511748 6.9718951751411 
-4.6817110084323 4.4330779727315 
-3.4085334764732 5.8791490491443 
-4.9242003225764 4.6633950284106 
-3.3474738686025 5.8703002236723 
-4.8323288751153 5.6511142539719 
-3.9958706568346 6.6583551342364 
-5.3032561109818 4.6546071626222 
-4.3253662330021 5.5972197636695 
-5.3111683437079 6.8419429348435 
-5.7953116443889 5.9552956989256 
-5.3200679406896 5.7641556011448 
-3.5926273286334 4.9769982027774 
-4.8613122877588 4.7275249659432 
-3.670179192305 4.5632802194423 
-4.8835964935932 6.6690616556861 
-5.1472490800881 4.9908215125924 
-4.6167338736473 6.3657309561043 
-5.71243949646 4.7428222301042 
-4.1318764479173 5.5305321426943 
-4.6594865599589 4.5711374195879 
-4.8305795839591 4.4042449444578 
-5.2490046551892 5.4604000553424 
-3.3481795223663 5.1768587268622 
-5.0872649251658 5.3201269617736 
-3.324157403709 5.2289566588946 
-3.9436239787262 5.8153307897658 
-5.320620774927 5.0650660927767 
-4.4275193166469 6.4664373312991 
-5.3312055353741 5.9889585917758 
-4.9748034018889 6.7123137850535 
-4.9680710665929 5.0982548959431 
-5.7987977606509 5.9723825198178 
-5.6722257788543 5.6348383294096 
-5.2051431334105 5.3732018634749 
-5.8260978841467 6.1104510406827 
-4.3052651705323 6.6067266184852 
-3.2364154801405 6.6953403628475 
-3.584992117348 5.9866201333886 
-3.8515420194533 4.6319402868481 
-5.3477754357529 4.5165619133075 
-4.7424608751857 4.6511440560698 
-4.2534556900492 5.1367727920291 
-5.2134876099526 4.3904161521907 
-3.8123671320096 6.8584392539093 
-3.4134183352229 6.7127644772166 
-3.3554463042494 6.7552018511827 
-4.5203313923607 6.5310073678994 
-5.1576729168989 6.5427498045165 
-3.7224688378143 5.1956767356164 
-3.7907506028148 6.6620742730516 
-3.6225108842164 5.8288134181453 
-3.8112762936843 4.5958801908258 
-4.0755358621691 6.936461650075 
-3.6512048416852 6.2042218947654 
-4.72300925159 6.1187688069233 
-3.8372548087602 5.6047837384585 
-5.2141643948503 4.3975574583869 
-3.5777476549239 6.6257049530176 
-4.9834858649812 5.0906060683282 
-5.230938480031 5.5711746753884 
-4.9014363325117 4.8962706517021 
-4.436847183808 6.2646509406363 
-5.8123481670139 5.4471189417092 
-5.3444387433594 5.5937946770834 
-5.8138867445256 6.2538438495841 
-3.7794428264044 4.8237846893801 
-3.8293490690434 5.8778410058829 
-5.4095796809677 6.3540561352415 
-3.3880383197455 5.395527220792 
-5.8208586506983 6.5076149156783 
-4.59627491265 4.8059035066572 
-5.5784963799575 5.4188896964498 
-4.0511373755665 4.4154294644363 
-3.6562519391022 4.9055709209145 
-3.2844693881714 5.2743971389736 
-5.7327210303609 6.6039187308079 
-5.1149107653441 4.4811503860625 
-5.4913196741255 5.2893465351862 
