-11.196457852017 3.7646708107875 
-10.991095059009 3.1617637453805 
-12.196951132914 2.6812989631003 
-11.183614855865 3.032717374919 
-10.023328987055 3.6564966877207 
-11.519812469049 2.3575773512217 
-9.4305823725951 2.4001191077177 
-12.836331258293 3.3722710459287 
-10.892226254167 2.9834634342882 
-11.404592507574 3.0482965215531 
-13.788477187793 2.8283783160285 
-9.4520888121745 2.5412250585397 
-14.423891321654 2.8450300225376 
-13.127317898958 3.3740934995542 
-10.54109914619 3.6019484161322 
-13.499264847609 3.14514640845 
-9.6780493888441 3.4961362325165 
-12.110652259647 2.3704988667183 
-9.6089855020908 2.4085255536222 
-10.11023911151 3.351430562425 
-9.2194465266913 3.1164417312627 
-9.4494406391799 3.0304719912968 
-9.3636640215637 3.3848593585238 
-11.824578962763 2.3428599842664 
-12.857508403923 2.1903241230017 
-12.046507998557 2.2540805564718 
-11.612406153861 3.3468895336362 
-14.719883575696 3.186681639563 
-13.090264525198 3.4659812529484 
-10.920897040042 2.6869118126841 
-9.2902260508113 2.223253435061 
-13.500930789094 2.6197880467255 
-13.566729240533 2.2458292609595 
-9.2606222609868 3.4482444004934 
-10.353732091675 3.5546613736838 
-10.204940590076 3.1540075577805 
-9.6634160466636 3.7427043570056 
-14.578148430875 2.4688703683661 
-14.593733608392 2.2761848660688 
-11.396091748872 3.4178121192427 
-11.648123234592 2.2769880490378 
-13.436050472632 3.5139550038326 
-10.117236257103 3.1553414810739 
-9.9657943267018 2.7759315329472 
-10.633532887227 3.6130407828883 
-11.053318767084 2.9149353172255 
-10.608376011228 2.5226575092142 
-12.505689889414 3.4566774583712 
-12.768451023175 2.1962597041391 
-9.5263164748886 3.5267495063307 
-12.171244765051 2.9786602705912 
-13.742131989098 3.2551321314861 
-13.185612613714 2.6904476650921 
-11.793438546793 3.4328682740272 
-11.548073329058 3.2143330374385 
-14.247291011134 3.4788712541822 
-9.9561769147579 2.4860416706584 
-9.2673757742327 2.7964929557541 
-9.4629976986974 2.2875053497551 
-14.477935351149 3.2488282082827 
-12.062523481232 3.3010115933507 
-14.397447042411 2.2128242361916 
-12.398079892752 2.9183474258306 
-10.275050103792 3.5015497527679 
-14.136932748301 2.4213817447967 
-14.0492081577 2.2458754577684 
-9.9309087327259 2.7817245248053 
-10.825292845237 3.1497614316614 
-12.599536413525 2.6100342325182 
-10.518163102278 2.8009534165071 
-10.063749398061 3.1870902435172 
-9.8386398701647 2.6359051802572 
-13.765146738971 3.1669105773262 
-11.199239844075 2.8379015473539 
-10.647750972024 2.9052877798926 
-9.9730278357672 3.494305026592 
-11.843337777588 2.2727980463735 
-9.7907498318137 3.2916284554974 
-11.708110138804 2.2206024560324 
-9.2932227078092 2.8990258233791 
-13.476585772699 3.3465108369432 
-9.9939218074632 3.3856958194193 
-9.2652617134979 2.2077403978601 
-12.950421388717 3.0680148411125 
-12.009799602482 3.6021712786392 
-10.097085610795 3.2633077565637 
-9.7028784069407 3.0264913656791 
-10.400598176836 2.7182364202467 
-10.559732661609 2.3580413615672 
-10.525522598172 3.6288928540371 
-9.8292722277682e-05 3.2399172924485 
-12.272585942265 3.6831019356924 
-9.5241438480137 2.2414609990821 
-10.971668904164 2.6165449181847 
-14.211840995485 3.1370811162183 
-13.471558984437 2.5820187313743 
-12.934705407761 3.2256584013484 
-11.010209499023 2.5603343867063 
-13.934868144943 3.4314415060688 
-10.604665823147 2.2703260889354 
-11.134023116259 3.3984896460029 
-10.946375467183 2.3249720016752 
-13.649924946578 3.38943410686 
-13.358929552636 2.5344404619214 
-11.843039735728 3.3792504388539 
-10.693894607677 3.0058953335166 
-10.844783058517 3.2769395606341 
-9.3734618923961 3.4196725248512 
-9.9335119632179 2.9417657383862 
-12.159101222161 2.8827060988277 
-14.723948102167 3.4410120488827 
-11.098139900295 2.9835521094577 
-13.234154887596 3.0688197030702 
-9.4495280390689 3.6764888217415 
-11.122482861553 3.5838246304567 
-11.151472086454 3.5859106141983 
-11.753973528976 3.4477724599821 
-9.3700226783565 2.4496798301119 
-12.887036888965 2.4019594577848 
-11.294383478046 2.2455046197275 
-14.19179968568 3.1826444137672 
-12.915344234291 3.2676007656358 
-13.782340134145 2.2978162303686 
-11.507722186179 3.3703926799912 
-11.981304558218 3.2878651172121 
-11.43371113528 2.6723803248003 
-14.130823047537 2.5686377608507 
-9.3739892845918 2.2756494469345 
-12.062624017769 3.2563040181815 
-12.243839441422 2.650127292145 
-10.666408060702 2.2334839820979 
-12.705163955012 2.2227781793095 
-13.721370491662 3.1664274906631 
-11.976014131249 2.8595592798524 
-10.506702773763 2.9691634753652 
-13.129128460076 2.3522837927944 
-10.108978538212 3.4565506194876 
-13.387349345632 3.3333550202923 
-14.531225807425 3.5157447508983 
-11.353670260869 3.4618949805024 
-11.139852992747 3.3932786539284 
-10.056458180131 2.7339527557531 
-13.068221840188 3.6972963663132 
-13.420591322362 2.400058930431 
-12.066619515683 2.669933004939 
-9.5174615140936 2.6727029531777 
-14.355084409333 3.7037851643501 
-9.922721413411 2.7636717814635 
-10.594383560111 2.9966568548158 
-10.647712501384 3.1686521917758 
-14.083674851033 3.4639503398514 
-9.3918950618392 3.2784087723992 
-10.26176678809 2.2156003756883 
-10.386313693199 3.4514784772063 
-11.505502601032 2.5962917602228 
-14.73035232389 2.2674121643303 
-11.457989013891 2.5435870721891 
-9.6238009400692 2.6405721983978 
-9.3601040661395 3.3661944293254 
-12.705770874715 2.6186487794789 
-12.292059902696 3.0850559463513 
-12.51211693092 2.56640204907 
-10.052754011172 2.3076636894286 
-10.649888084677 2.3734736880452 
-13.523288896518 2.4611682931218 
-12.524387767342 3.5916553268653 
-9.5351959622044 3.5595884147675 
-11.016627734017 2.6939869002286 
-9.9270013558497 3.1445031101546 
-10.155831000506 3.3142283974476 
-13.106219598029 2.9871351782624 
-12.870536453206 3.5851965329728 
-9.2156834980141 3.5743955809766 
-9.9652671687484 2.7353190260875 
-13.135277529636 3.7539132935004 
-14.240993810962 2.5186128545263 
-9.4609964250697 3.7324566849902 
-9.778986343785 3.2905543575143 
-11.373047246333 3.0714716871842 
-9.6247321901779 3.5751156275251 
-14.282948064657 3.4613043116053 
-9.1513454865986 2.6097370688068 
-10.210756961726 2.4600369878988 
-13.352939406766 3.5936871553484 
-13.939012841329 3.3913924800905 
-14.34199372029 3.6190963668288 
-10.829833950681 3.4351324067649 
-13.378399552379 3.0254921596363 
-11.439147530365 3.4101923776408 
-13.257727025016 3.0985281007239 
-9.6859328428155 2.3086414863487 
-14.256982901055 3.407161172761 
-10.067088526897 2.594841467028 
-13.504676330907 3.4440114466938 
-12.632617063355 2.752409608165 
-14.383327612559 2.5350830912607 
-10.163119501156 2.2435538407931 
-9.5058655274883 3.3607579397222 
-9.8055501518746 3.4658047622262 
-9.6711782880542 2.5967897979203 
-11.726908471044 3.190823732909 
-12.770935721816 3.2529488862018 
-10.777992866201 3.2737236668147 
-12.998282580978 2.5921002704432 
-9.6519378256729 3.0259887273232 
-11.252783801168 2.3152067026731 
-9.838388351648 3.0146008106495 
-9.9531124921582 2.2826869169321 
-12.33416939579 2.2987450213843 
-12.290072499554 3.2122820777162 
-10.793465564803 2.2074332846854 
-9.9961392789814 2.6219785468977 
-10.438744440425 3.2653976365318 
-14.037953173999 2.2193691812553 
-11.989775684458 3.6896185989987 
-12.58399841323 2.4593145593137 
-13.25641076504 2.8513920763892 
-9.2771579171022 3.5027287286537 
-13.429684964699 3.3928083761335 
-12.607797168287 2.4240294175445 
-11.964589519706 3.125671953632 
-13.397090830715 2.2342090515773 
-9.4460774495432 2.7696300989086 
-9.3886635826787 3.0934146264604 
-11.18045898258 2.5324187748587 
-9.2871099830741 2.2699104541256 
-11.332194022311 3.3565468685642 
-13.976543900014 2.4962078331626 
-10.039922971164 3.0011641486446 
-9.9716999522582 2.3389562708572 
-11.590120028166 2.9662504328913 
-10.801823841946 3.1863114025125 
-13.548683395087 2.358679374334 
-11.953490457675 3.1181767279752 
-9.5820698321235 3.1302123586097 
-13.228462903775 3.711446360707 
-11.566832433683 2.9436430680859 
-12.780690340109 3.4052252819509 
-11.100715580029 2.231571404734 
-13.550042940138 3.4094189191616 
-14.643021437078 3.6766392772157 
-11.962113068228 3.0757144390072 
-14.27263422565 2.2963785622417 
-14.338624407585 3.1400236503585 
-11.03181551239 3.6230369997851 
-10.364201408384 3.6988464122505 
-12.374598094186 2.1914270864705 
-12.775868508917 2.2338097542175 
-12.416127074904 3.3711837808487 
-9.49695499948 3.7604924215206 
-12.086772983597 2.2715045582027 
-13.861801162415 2.8441127247135 
-12.280074263188 3.1954628298669 
-14.468823634153 3.2512945769663 
-14.53140835129 2.5592963452537 
-12.838606895612 2.221787896213 
-11.525365709082 2.7554952374534 
-10.72242222167 2.6440116099957 
-12.822300740655 3.0161743098098 
-13.022716639269 3.1376062013833 
-12.300292878736 2.7139384347111 
-10.060660681814 3.1761912267652 
-11.668687387357 3.0819289045049 
-11.181779754781 2.7453261048946 
-9.8503816005204 3.034269016622 
-12.633238446801 3.5845508444982 
-12.28487881421 2.2153651163822 
-11.593680001076 2.6561745708369 
-14.552185555154 2.4093129332754 
-10.928786165282 3.0326395945831 
-13.079949297524 2.2500609256912 
-10.729359851447 3.5791578082525 
-10.239390512441 3.1935860084981 
-9.8802880280699 2.3639391410681 
-10.498214146907 2.6999540475742 
-13.186674931243 3.0219667942136 
-10.375870297722 3.0702289686906 
-11.497641856253 2.2109583640064 
-11.773897265606 2.6527789596892 
-13.650717893612 3.3045500412133 
-11.296920594681 2.3777910522743 
-13.607544660283 3.4729237369434 
-13.319332293684 3.2045284381613 
-14.026330143833 2.7897898999239 
-9.9722961193425 3.5780510483918 
-9.2854443248909 3.0426225793853 
-13.011482660032 2.8117031112662 
-10.438378947798 2.7264474128581 
-9.2008676428278 3.1240164456425 
-9.4453882128342 2.5609665837822 
-11.14661370815 2.9667016530235 
-11.148192165108 2.9104839441642 
-9.415297879839 3.2642657474237 
-12.032482541898 2.439662299669 
-9.2889740138226 3.296650645606 
-10.901054801102 3.1051430070044 
-13.94876637891 3.2035403541656 
-14.147919620079 3.7510655866797 
-12.630411530212 3.1447222126523 
-10.21378850564 2.5895611701013 
-9.7624159652172 2.4083424637785 
-14.213504111188 2.4575355640401 
-13.966385814539 2.3640493690827 
-9.5169524226318 2.9063219874017 
-12.927424538468 2.2051486277245 
-14.635510223291 3.2603963824522 
-13.655368598177 3.3507297619191 
-14.677356163997 3.5921617809645 
-10.805359575125 3.4691375576023 
-11.123811391923 2.8622904398167 
-12.601369142768 3.1332669064378 
-12.680612100495 2.4638536041214 
-10.398084379823 2.9094846147973 
-11.179339165954 2.9223640716218 
-13.886688660128 3.5074912709343 
-9.7251234483603 2.5838193008713 
-14.098911681639 2.8574602446292 
-9.7647518116038 2.2411185460405 
-12.520367995464 3.5099884434905 
-9.8601948553286 3.2746186245288 
-9.2596787647533 3.7727917936486 
-13.054087198379 2.6410360483544 
-9.9283634513134 2.2976239875379 
-9.8599462413589 3.3944261415881 
-9.7515942409541 3.579667740674 
-10.959407228362 2.3701205711325 
-11.34357417699 2.3248484251568 
-13.90164017699 3.7353528585233 
-9.9197192490979 2.6337663119662 
-14.24799526714 2.6710204120491 
-11.658835476613 3.3342085318149 
-12.001526203423 2.93255775176 
-12.030266226599 2.7134468451153 
-9.6395926713323 2.9678293524501 
-13.472504610875 3.3925519003521 
-11.208018506236 3.571729672096 
-12.181975144843 2.7110419709078 
-11.872966757057 3.0273496064078 
-10.221195433278 2.3179411613694 
-14.690158067625 3.1750874653033 
-9.1265002777477 2.5814573255575 
-12.342380837311 2.846739123844 
-12.488156547705 2.2088370003475 
-9.8285409501935 3.2044160890959 
-10.685708219125 3.409765349768 
-11.40812498456 2.4818741124292 
-10.594955762454 3.0812562725333 
-13.084217547154 3.5287666015949 
-13.892802602957 2.3852687955524 
-9.165771101135 2.7582839787984 
-10.681410271461 3.0511213496989 
-9.9179424452472 3.5048792346828 
-9.4681359514966 2.4336954267444 
-10.181083405675 3.662805231871 
-10.749302464519 3.6397915671739 
-9.8874021531889 2.9335056846691 
-9.9222531159122 3.0529351371249 
-10.32179095837 2.8667938348577 
-9.2599348914949 2.626008526861 
-13.317435541984 2.7243524081894 
-11.390895666822 3.1344788603986 
-10.105613634122 3.3487617181015 
-12.697392465812 2.2065232249529 
-9.565327722941 2.8016990307143 
-9.915659198648 3.3476361007587 
-12.9460066992 3.6825113891605 
-9.273495861517 2.9967853686581 
-13.515603539352 2.9199655411609 
-11.413190360377 3.245260798693 
-11.53833721151 3.3319207537271 
-10.620398604259 2.665789939323 
-9.8212987105099 3.6146956704752 
-9.5403963820108 3.1327795584335 
-11.183350865975 2.5087509194025 
-9.6194593951581 3.2040709103206 
-9.3972083643902 3.399934529124 
-9.7299822655924 3.2398840423079 
-13.784252809877 2.6145275785389 
-9.4297238851332 3.3091192246005 
-10.119060268194 2.6778341809718 
-9.795345460541 3.2846879998147 
-10.429877524744 2.3912927537465 
-14.229134449941 3.3761623267974 
-9.6443909403972 2.340583833674 
-13.863588510591 2.2036255629372 
-11.403263231998 2.9497571117705 
-13.562806099539 2.4189312601458 
-9.6215787101121 3.5669979379263 
-12.518636049108 3.1547826530575 
-13.277251508221 2.8099545690128 
-12.128692723954 2.8159333225305 
-14.093954062138 2.8244488010122 
-13.634585409154 3.278849687219 
-11.09971136164 2.6246157951936 
-9.5580266917269 3.0676344603788 
-9.8451319296871 3.7307548082801 
-11.710828014811 3.7203808213493 
-9.7048731996412 3.1285731806109 
-10.198187972723 2.857118627334 
-12.798570090886 2.7043673557927 
-10.071202444993 3.5721209085777 
-9.2103811222958 3.3867907849557 
-11.227216750177 2.354019725371 
-9.6123337728606 2.7598830056075 
-9.4557397285512 2.9725907088219 
-13.448990046079 3.0989321326217 
-12.190692638495 2.9667136352573 
-10.401162403302 2.5710051560681 
-10.598250036963 2.5530141652477 
-12.386205568011 3.7653953132917 
-14.280782025 2.7641671828234 
-13.437987075191 2.8589351096382 
-14.385968179661 3.4533047847277 
-10.125120338753 2.7001366187559 
-9.3531161637048 3.4651983687393 
-14.088033140325 2.8488411974522 
-13.640510984615 2.9887071768086 
-12.074947314262 2.8656916252364 
-11.978369262138 3.5621717492835 
-12.661305077834 3.4512887219445 
-12.933213739932 3.6380627146693 
-12.593328428823 3.7089152468302 
-10.499372792994 3.7566238328538 
-12.879397701878 3.438228152039 
-13.702286294805 3.0051115830695 
-12.715000522633 2.3539421950093 
-12.874866533019 3.4693255421003 
-14.643396157443 2.7815191388263 
-13.966168329702 3.4710923440468 
-10.00056896835 2.5957837813148 
-9.5638249509652 3.3234440732341 
-9.3094165994754 2.8268691143753 
-11.124963053161 2.9082412704602 
-10.933383573035 2.9783409009391 
-13.292251053841 2.8392064223549 
-11.106502224054 3.5342385971285 
-10.229344729534 3.5572622026629 
-12.634685813632 3.6414204416157 
-9.1948765657845 3.4753106160313 
-9.7187307464471 2.3126106446912 
-11.912642137377 3.0253047354978 
-12.853863992673 3.7341329808481 
-9.9256722011632 3.5279499314164 
-10.093866139004 3.6281637793254 
-11.350191807043 2.3008399835372 
-10.351751393134 3.5056960328104 
-11.546996613605 2.478301314711 
-13.63172090355 2.2779644040343 
-9.9219682833789 2.4172048553616 
-11.187657881154 3.4309260182336 
-10.597440809535 2.2208617744191 
-12.108644806724 3.5854299478142 
-9.293885868545 2.7832059868507 
-10.374313950602 2.2789565897068 
-10.087618095503 3.7675153246584 
-14.129031399029 3.7712495284735 
-9.9272396815804 2.6927014425289 
-12.184357297733 3.3702854122082 
-10.331564023668 3.7682946868445 
-9.5843120981842 2.3933987668503 
-10.299437844338 2.4616689323738 
-10.925110885856 3.5399349446136 
-13.722427205876 3.1302888153001 
-10.492787071968 2.8408327169775 
-10.200784623675 2.4260417649542 
-12.817365546169 2.6908756020049 
-11.759884332311 3.4333193939407 
-11.994944977967 2.6126855411237 
-13.538146550809 2.608728610149 
-12.985288750952 3.5778982481172 
-9.5755143297084 2.9245592523823 
-13.023926811153 3.1235730079264 
-10.721850804404 3.3216144735285 
-9.3582802867005 3.5001867392835 
-10.831807863267 2.3426606489496 
-12.113335005894 2.2634374396818 
-13.694575092925 2.5209459986731 
-12.794714294212 2.618658832285 
-12.840253578274 2.8178859431698 
-11.770827734192 3.3641086232292 
-11.2226488626 2.2471299945935 
-10.223640930591 2.7637816112674 
-13.207744797311 3.3143153992454 
-11.656408583269 2.3497583501368 
-13.591217626396 3.6101639905351 
-14.333332708867 2.2907556691364 
-12.155795036916 3.0488978152702 
-13.338040443093 2.9572026340916 
-9.2708075811936 2.5389846822579 
-11.824676831844 2.5327876165461 
-12.011727353943 2.9366686660113 
-13.515570600917 2.7105253821498 
-14.434599359294 3.4225602934799 
-13.427040969846 3.1467017534818 
-12.540483608165 2.5603837423947 
-13.345757590062 3.5562993775369 
-10.564888269943 3.1281156365959 
-13.172035904141 2.234435844505 
-12.06813550459 2.5638478974112 
-11.148763829101 2.4497336844112 
-12.012575579313 2.2983573218489 
-9.9614200758634 3.2445671361725 
-9.9073453917746 2.761477131472 
-13.582895305515 2.277872991253 
-12.742671187138 2.442157869784 
-10.429933896291 3.762740130121 
-9.1418105305034 2.3451674692181 
-10.372617603793 3.3006121041092 
-9.2701082819452 2.6950378823224 
-9.4374236993578 2.3740708875731 
-9.3360877471002 2.9601505204318 
-10.113812259808 3.2551807603799 
-9.6808285140862 2.5502160574469 
-10.523259566176 2.527332488928 
-9.7150441330979 3.1785945509329 
-12.307670555132 3.2874901656116 
-9.9172124690167 2.9539388732747 
-13.648652705794 2.2496157762423 
-11.771597453609 3.490715583733 
-11.621941138561 2.5793959733419 
-11.032497085611 2.9852687028424 
-10.014069189404 2.804454844718 
-13.81380321711 2.5102122897065 
-14.255955638736 2.340096676119 
-9.609972039567 2.5464137501033 
-12.32139785104 2.3337910629367 
-10.760022870275 2.5696229275809 
-12.880416755452 3.5457691590968 
-13.19861783838 3.5369907044175 
-9.3717796195782 3.3953610793124 
-10.701039071643 2.4337304073378 
-9.6933046574298 2.4846640655229 
-10.438434329374 2.8377297040806 
-14.468074313659 2.8995925049099 
-11.795226587974 2.8195691377196 
-9.3759650496426 2.4706387644339 
-11.018132896799 2.7302489786103 
-10.322917593765 3.2093949432224 
-9.2739937151163 2.8193600957579 
-11.041522542321 2.2303621847423 
-13.002330031479 2.5935686816049 
-13.431246486675 2.8800260648306 
-12.903417336103 2.702322532783 
-10.492662696401 3.7496696393638 
-12.556802254005 2.2243605736815 
-11.002337688947 3.4942637016044 
-10.818488282131 2.8428343472592 
-14.142648914661 3.6700476440012 
-12.366137723006 3.0394062919397 
-11.353147638043 3.4332341228338 
-13.339284385012 2.429865381799 
-13.090599280555 3.3108879116463 
-13.63764583899 2.74732110339 
-12.489771892414 2.6927089906319 
-14.686871206189 2.9518418264761 
-9.133522588858 3.3344134701406 
-12.317291655326 2.4048033608275 
-12.115600391681 3.2247168204858 
-9.6821693667332 3.3557253095279 
-11.245164912244 3.3440923101012 
-9.3244249537641 2.3126603532278 
-11.955423943042 3.0068494106317 
-9.9059138830389 2.348416527622 
-11.805251908353 2.808472370546 
-11.313406206697 2.7823981927475 
-9.4765025381534 3.2697137395244 
-9.2876260365711 2.5232088955481 
-14.736618281729 2.9973590867256 
-14.162700538408 2.6021898077322 
-12.188602283197 2.8866361142417 
-14.439421336363 3.5122091829354 
-10.76228367838 3.1504519226821 
-13.874226686717 3.1842092683017 
-13.426416194731 3.0229423258246 
-13.363216238906 2.2732420567958 
-10.25480142544 3.2332563191757 
-10.027214925867 2.4082202349023 
-11.269769183282 2.65672032484 
-14.591220525177 2.9395957712189 
-9.463516728052 2.9911111447523 
-9.8948175375211 2.8017717551254 
-9.3079156195586 3.5631376598103 
-11.340098157625 2.4603079165512 
-9.2399383024798 3.0730897381399 
-14.514042327375 3.441741278808 
-12.387868800348 2.6009109191322 
-9.9978552175308 3.4771726523566 
-12.531615064167 3.7594057281013 
-9.6066921802907 3.4410950457568 
-11.51636536586 2.4522065252334 
-13.785928928834 3.7239951116545 
-9.2168167153252 2.7616802281524 
-10.350865308277 2.7224366666023 
-10.39381223093 3.6815255173528 
-11.972504999569 2.2052828957832 
-10.862853860294 2.4672406390174 
-13.79934982267 2.2057522736429 
-9.9386795114546 2.9675183290736 
-12.470143909712 2.4093593131618 
-11.860550566934 3.5485638409067 
-12.724896738185 3.3231459241556 
-10.382277194258 3.4527553415266 
-13.118607429298 2.8420749892176 
-12.884382561867 2.9385576709335 
-9.8971481852117 3.0500183274752 
-10.985140694777 3.2752756856448 
-14.48508138239 2.8767756785724 
-10.002028613568 2.9666460620715 
-11.962997571047 2.6679597099109 
-14.189279921913 3.6371209883384 
-9.3135060373655 3.3069077498395 
-9.9187894901555 2.4145556796749 
-9.3075611008825 3.56243379641 
-13.199224638922 2.3259411612418 
-9.4106831194297 2.8581410130501 
-9.790009904875 2.2505809928708 
-10.280944506696 2.9688753593373 
-11.280538219981 3.6924254305107 
-10.792507300054 2.7921466943092 
-11.040400817853 2.2013457692283 
-11.394372858429 3.1935981675289 
-10.86682915473 2.7662673384475 
-13.559199989102 3.6821636078134 
-11.868535937381 2.8542726770737 
-13.091722781641 3.120615719126 
-14.210407565008 3.4564414599751 
-10.252627382867 3.1266687129854 
-12.619933708492 2.5955465115199 
-14.716028054078 3.5543280628987 
-13.232240974173 2.283102194031 
-12.748774092527 2.2220064318973 
-10.320909984493 3.6308988100735 
-12.076631912972 2.3670981912673 
-13.082742163635 3.6043158558401 
-11.302299869465 2.6299872803463 
-12.96828644975 3.6228064366094 
-11.049599058197 2.6580133271958 
-11.192198405179 3.3425564440979 
-10.227482412589 3.7585662606218 
-12.357140801242 2.4259408111711 
-9.2884907292803 2.8502607910267 
-12.849798034128 3.3873923018226 
-14.416717071188 3.4771426903516 
-10.663656863618 2.4017781119386 
-9.9884520680912 2.5086398802569 
-13.095045263064 3.6955215249754 
-11.849014109374 3.7039157099622 
-11.822393785614 2.875958294608 
-13.498042253506 2.9601101401921 
-13.762247579869 3.7226695948321 
-10.88541334283 3.5022329374008 
-12.822014979578 3.0695343421541 
-9.5426294485252 3.7402465321191 
-9.4956962822661 3.4307543923188 
-11.864025649906 2.2304141714899 
-9.9195957599478 2.3789149660613 
-14.057582051929 2.6361597296015 
-10.1216020772 2.7664784662234 
-12.061452121997 2.7100454285629 
-11.70115924605 3.5823343678108 
-11.327087586633 3.2617283055966 
-13.199849303603 3.7394441810622 
-9.6598022185573 2.553412284167 
-10.963249259911 3.2258211797428 
-10.57018990647 2.6082850802152 
-13.423595344254 3.2536158083241 
-13.346185296489 2.9988078648945 
-10.807313371804 2.5411522675045 
-12.863769143047 3.3761898340203 
-9.1689474500911 2.222053212624 
-10.883518644997 2.2428408497956 
-9.4425256012548 2.4246470764115 
-11.224273399518 3.724170057876 
-11.000533686202 3.121579287446 
-13.530857702964 2.3439540268831 
-10.805885968514 3.5156848618123 
-13.750009934788 3.6901081336344 
-11.733161703572 2.9018206731957 
-9.3758811690152 3.6631727087537 
-9.7535548545776 2.5058178050543 
-9.7160370294596 3.222513465956 
-11.277511846452 2.3257441991092 
-14.647139442878 2.6015484682601 
-10.950584262698 2.655017239567 
-10.549642941362 2.2967703886453 
-10.781304104187 2.4688500346471 
-12.201972985779 2.2935257242098 
-9.3619575755046 2.814991889159 
-9.2100249604978 3.277431541499 
-13.646588191421 2.8037972035989 
-13.314351158189 3.6738731062348 
-10.189300311592 3.3895553410574 
-11.244553755045 2.8400782003862 
-10.550121416685 3.4268496775344 
-10.468956254506 2.2040728903939 
-10.262168582401 2.543060671048 
-10.216137304409 2.3172535319535 
-9.504836243994 3.1863324571059 
-9.4573769249962 3.6956405413185 
-10.911578784114 2.7118412103641 
-9.3652683076207 3.4340939219601 
-10.997548179277 3.4257055977931 
-13.545937692739 2.6831947749373 
-9.8010290954686 3.6500884426403 
-10.452731248774 2.4720368732756 
-10.287287568242 2.3452760673215 
-9.9222428178074 2.9866528447743 
-9.3131446547925 2.6388276868418 
-13.48377434551 2.8009792002917 
-11.650193046002 3.4336678123394 
-11.250683548983 2.7578232343287 
-12.718765617369 3.2936074914179 
-10.921262451712 3.621799720985 
-10.028479902778 3.6082963317075 
-13.162220126683 2.8567689814385 
-11.448066291388 3.310975262584 
-13.341562507245 2.2544750758539 
-13.773196434619 3.0587002019516 
-14.658454819104 2.2144306177045 
-11.253022918133 3.4852301164479 
-13.568729344893 2.6239025218467 
-10.391614394597 2.2320016721447 
-11.125927209511 2.8499270121338 
-10.800820278489 2.6986613208737 
-10.63521244633 2.7633562287033 
-9.9218798961524 2.4360257799433 
-10.756186498662 2.7736757501417 
-10.147849486433 3.7226674733031 
-9.5378977682176 2.7161762616044 
-9.9327264619299 2.2606112052148 
-11.424562022043 3.6508265936255 
-14.349965730793 2.4071954757126 
-9.5414290323629 3.7247895249476 
-10.743552180697 3.5955691731663 
-14.122731369374 3.7586679925597 
-11.393095374282 3.6298233917938 
-10.529404483198 2.9111465398211 
-9.8039372819896 3.565293987611 
-10.28113706835 2.9383477432832 
-14.513353880918 3.1374626809602 
-10.642792407507 3.1108717004753 
-10.730188755372 3.5256154154312 
-10.41620709357 3.2732393867971 
-11.38149322636 2.5859198474227 
-12.463931405383 2.9168460675912 
-10.875300340177 2.9743137504806 
-10.516449345616 3.5052104405342 
-13.085977205824 3.4093792977244 
-12.861496561115 2.9587024034313 
-12.103580721112 3.3748232952435 
-12.078444113433 3.5318627678126 
-13.688724467443 3.3939788358853 
-12.589576794937 2.887852693093 
-10.097048114294 2.2899100651024 
-9.983157733222 3.743182459371 
-10.774334084409 3.6167722683218 
-11.171102803756 3.6094590345364 
-11.685460290143 3.1076699663065 
-13.035673655877 3.6555412698863 
-10.043203297486 2.5899495738873 
-9.3023272797535 3.2287653718347 
-10.598358602017 2.4654538820553 
-9.1664219445405 2.3913340500096 
-12.718122547559 2.8393429822693 
-13.977477729292 2.5776065923797 
-9.7962257761822 3.5753736951499 
-10.742565372326 3.7650503268328 
-10.044311239112 3.6710565544713 
-11.991147979218 2.5434558300098 
-9.949120467916 3.4267271260252 
-10.521148370986 3.5670811591275 
-12.098937851981 2.7602500838198 
-14.003181725806 2.9601594025199 
-13.213749817682 3.3711696619663 
-10.525208055558 3.5731430857497 
-13.921490940241 2.9909508366453 
-12.390248321871 2.6420820531829 
-10.226179194538 2.3238287768436 
-11.366024323444 3.7532251780374 
-11.805882304552 3.5346015602679 
-10.755890455431 2.843089034491 
-10.060416026893 2.8610601643165 
-9.5377987850329 2.9174597469119 
-12.491588515698 2.7160407477156 
-9.4381824659056 3.5105845745565 
-9.8017227293387 3.6957811844498 
-12.223721218355 3.1168005292655 
-10.682450797987 2.4219954205982 
-9.6639563862792 2.7439881315802 
-11.456343757895 2.8328448336333 
-10.248428615849 2.2689614552101 
-10.053694110583 3.7041531028248 
-10.194471700133 3.4589796215583 
-11.438485493234 3.3558067928042 
-12.881482417831 3.6545384171484 
-13.621296877296 2.4685309971957 
-9.5054494974177 3.0019498767988 
-13.591231290309 2.9341977888021 
-11.620045868347 3.329349108517 
-12.189467957666 3.0200091594372 
-12.415812005108 2.3205532246542 
-10.374225585892 2.452700166235 
-11.564545020748 2.9534231106382 
-12.824662428196 2.3587439491437 
-12.578602073993 3.3360420606572 
-10.847935190168 3.2131035006114 
-9.6972225039395 3.1928252805649 
-12.239824700333 3.6249111104811 
-12.223670903182 2.9638337104631 
-11.305270671064 3.3600895436384 
-11.594348715575 2.3008390977009 
-9.376668684738 2.4811768975869 
-9.2667931651581 2.6992992346152 
-10.432007401821 2.2450425864481 
-9.1718330279939 2.2812127706553 
-13.470521621475 3.080395073121 
-9.7335510402234 3.5024781648063 
-13.736990976602 2.63549143794 
-11.281350637163 3.3889698838634 
-10.094825166907 2.253290369911 
-14.402358052316 3.2424659316905 
-13.64164580836 3.2850325343652 
-10.616561791939 2.9054115454781 
-10.276384137188 3.6718996511445 
-10.384157743065 2.6984661683769 
-13.393138363006 3.4433098215992 
-10.561011619229 3.5338540405093 
-11.270220032621 3.4460675276228 
-12.287601453899 3.1142161484705 
-10.750197684824 2.4223661760446 
-14.421120724906 3.5818803123028 
-11.358580749823 3.0072733685698 
-10.983543706957 3.2688483619198 
-10.943575058568 2.3651086426701 
-12.267671592531 3.2636457974468 
-10.835544983331 3.3912034165783 
-12.339098400279 2.7608874382533 
-11.843556855716 2.6343799900262 
-10.237642203608 3.396878547069 
-14.058591012949 3.7399168373007 
-12.205448055212 2.9626990717411 
-11.418992201651 3.5164338209345 
-12.305456488682 3.6617098717968 
-9.8515619712284 3.6818842825422 
-9.3318796120843 3.41494424341 
-9.5512377757357 3.5546154555097 
-13.918050982955 3.742893644142 
-9.6445121758901 3.0274978847998 
-10.220070884648 3.6092857034443 
-12.658037237476 2.623877403048 
-10.071481851721 2.5198092750822 
-9.6094212972747 2.3361813826178 
-10.64022663297 2.4076393827251 
-13.383009480733 2.2461245761414 
-14.365091036155 2.2838919263156 
-13.395827162722 3.1936189665421 
-13.439413886023 3.3011208982956 
-14.666675588875 2.7287678789501 
-13.452390770181 2.4402116652611 
-14.084696865585 3.5121917989424 
-13.969021268316 3.3624111125105 
-13.74257491155 3.5297530491568 
-14.501116375608 3.1230327346013 
-11.886723482773 2.6375101193598 
-12.033119495658 3.7703004854886 
-10.043399046796 3.3705514612366 
-13.052516334217 2.2582264177302 
-14.38411662245 2.5111373300324 
-12.273071181736 2.3210344316234 
-12.28912960588 3.1671142345656 
-10.16760436046 2.800552177207 
-13.979479925497 3.6869303168748 
-14.140248343473 3.1945023306859 
-10.396247280994 3.5715376240173 
-9.56134915179 2.8518706738216 
-13.310783534178 2.4465899470765 
-11.963824649903 2.2601701731867 
-11.124762061574 3.2970076653331 
-11.847604817992 3.1265356176383 
-13.725295069499 2.3286397053154 
-9.6607368788347 2.4028795634753 
-11.161226176463 3.2507887199164 
-11.046860072834 3.1591139783296 
-13.531856906304 3.3668498104798 
-10.870312979666 2.2493416530242 
-10.39609878962 3.1911342042393 
-9.9872897437379 2.6587662357043 
-10.632704103051 3.5833812313448 
-11.100775545041 2.7481990151367 
-10.738962534021 2.6205641614221 
-9.8017274372054 3.4593593638635 
-12.654104848792 2.6446111188155 
-11.075443967231 2.7885317442927 
-14.537174042106 3.5339474353664 
-10.376727065714 2.3461989093494 
-11.200983170916 2.5667031890138 
-9.2489689905824 2.9727634284182 
-9.5080264394055 3.6216799695161 
-9.4476916365631 2.6806478670794 
-10.527509778425 2.746222695987 
-12.905729188156 2.3901232797611 
-11.126735341938 3.1820473258062 
-13.405043919077 2.8696135312298 
-10.970776086144 2.3671976858343 
-14.709608511188 3.3243172640223 
-10.892851398618 2.4716211267992 
-10.258763707245 3.2390396113322 
-12.865270661118 2.329288315242 
-9.8930974123768 2.7434499736725 
-11.906025834629 2.9146354889323 
-11.85754276034 3.6864207080296 
-10.211764312226 2.8614720349871 
-14.455206856214 2.3802835132318 
-12.551751110151 3.6622846270143 
-9.5070736406535 2.3253049255621 
-13.093545734157 2.5363658963583 
-11.852142553871 2.2088939769652 
-12.707133263906 2.2241579419842 
-13.743488029493 2.6287053915616 
-12.779738422481 2.5911276289643 
-14.132874496867 3.6691654665512 
-10.88842568824 2.6643835792455 
-10.49907509648 3.6759530594155 
-10.826679003054 2.819891434271 
-9.1122355374916 3.6136968045001 
-12.854585604556 2.7137128058478 
-13.431052651114 3.1295859924069 
-12.551931027187 3.5202351252966 
-10.891588771553 3.2474673092779 
-14.523822462482 3.180955541452 
-10.402866050628 2.9302037932164 
-12.797813150002 3.4952309174226 
-10.092731958992 3.4379439757603 
-9.4055285705203 3.0814946218964 
-11.169713818937 3.2255868398173 
-12.375104778972 3.1310683028196 
-11.972316921794 3.1419474845717 
-10.245131180902 3.7177074661702 
-11.453877620686 3.4517262134825 
-9.2924867820745 2.6072323420465 
-11.128367003184 2.2108246197322 
-11.135235002408 3.4859202586783 
-13.271773305315 2.5715361000006 
-11.101293115709 2.7105350879578 
-13.675004025576 3.4720253505534 
-14.681848673311 2.7921074628845 
-11.945229321028 3.610264142694 
-12.706866529401 3.6663057967978 
-10.425010052618 2.5469111848717 
-12.244720886108 2.3998415528261 
-12.949116090706 3.1308131690551 
-13.611194816794 3.3941254038466 
-14.205203269246 2.579523273134 
-11.317049250284 3.1935779992089 
-13.557284876145 3.1300986853458 
-11.544306811873 2.4203866337098 
-10.563097425685 3.1495193983195 
-11.048328448257 2.4378379962571 
-12.85857057968 3.6064716057496 
-9.2288076039565 3.4731551706396 
-11.984312476591 3.3186068535907 
-10.367229699361 2.8502015577064 
-9.7768098936969 3.3974954941618 
-13.402137849196 3.1929819672648 
-14.051985213578 3.6957874842478 
-11.684872538808 2.8057890246877 
-10.674084561046 3.5323865337067 
-12.062927837153 2.2895454434841 
-14.538618834462 3.3534062074561 
-9.2554264353115 2.5607891590775 
-10.483718105763 2.8355113608421 
-12.010511120664 3.4791256285993 
-12.226060894195 3.6389690788038 
-13.07256445886 2.280054465311 
-13.704874697803 2.5493567986412 
-11.459868757251 3.5331031870741 
-11.924385230747 3.3897684854241 
-14.134285629253 2.318257135343 
-11.481175294446 2.4098341310497 
-13.448396325402 2.8318845860704 
-11.361133849744 2.4692138715122 
-12.000179375207 3.1008441616635 
-10.316440682154 2.5049886833828 
-13.91262435329 3.761021415166 
-13.951460951162 2.2941816218943 
-14.337431280667 3.6277227362572 
-13.033267049663 2.4131485388278 
-14.686643951134 3.4926043652457 
-13.330233275623 2.3110936722674 
-13.965343426148 3.2954729028024 
-14.631934047201 2.9468700458643 
-10.004323856633 3.0903915350703 
-12.998535733749 3.5150806023943 
-9.8828885435537 2.7571088554429 
-13.721243773922 2.6968697964261 
-12.441298373182 3.3311886044266 
-13.463739225424 2.5767036639629 
-11.257666413071 2.6483162940178 
-14.015734644366 2.4351452844949 
-9.6616795870134 2.272178098579 
-12.509810440382 2.2865097177651 
-14.032079001662 2.270790675779 
-12.316027696926 3.6319547791819 
-14.282937293121 3.0791063612021 
-9.8202092528519 2.7429847722186 
-10.765693525709 2.5113924206967 
-12.820503289089 2.4382636229542 
-9.7601035429235 2.6201030061126 
-10.213795826092 3.1151608438025 
-13.771349722582 2.833215555875 
-9.9451570448709 3.3460818565184 
-12.206622025393 2.1981788123539 
-9.6661832384179 3.0521499911481 
-11.631421646712 3.2184260302404 
-12.428740347534 3.3403019307604 
-10.707689645561 3.2346675397171 
-11.690494879861 2.6308665797864 
-11.528548945295 2.3677700251989 
-12.728145426594 3.7079480834457 
-12.203914129878 2.9423258497502 
-10.165409747082 2.9602790986159 
-13.37213767587 2.616792776365 
-14.391661781879 3.1669314715434 
-10.908409573201 2.8714819579115 
-11.678102158223 3.554238702332 
-13.45419435137 3.5724759727517 
-9.8324476065339 3.7107475746572 
-10.153822100945 3.0224918091353 
-13.376140171147 3.60352588173 
-12.526107689085 2.6349930227608 
-12.734632461997 2.6644162892453 
-14.51369273906 3.6735277609199 
-11.425940125952 2.5255971591963 
-13.947581831806 3.2485913381039 
-9.9114294060089 3.5109857573569 
-9.1859664597722 2.2342759822947 
-14.446170989034 2.2680124027195 
-13.089879646865 2.2953298117153 
-10.199250634756 3.23540029242 
-12.089274111651 3.346451418946 
-13.437482893061 3.608942294419 
-11.825328493571 2.9520892151414 
-9.5157855973426 2.5727524324891 
-11.52273451724 3.3489469557603 
-9.3702459728072 2.8083866872433 
-10.375402759261 2.4165117586562 
-9.4302076722146 3.213941561329 
-9.757509008042 2.5174341021248 
-14.068346101895 2.2638494770018 
-12.388165225577 2.7301569810863 
-11.993799827006 3.4764717461117 
-11.82542748804 3.2278650560525 
-13.755527288399 3.2125980747383 
-10.923213743398 3.6944191043502 
-13.159232431483 2.7728242265802 
-12.990062560031 3.2648745702046 
-13.107809073132 3.3788013967356 
-9.8387555649984 3.6169737726801 
-13.274102330502 2.7897695166956 
-14.412422736563 3.530307934147 
-10.273676173835 3.3886227644412 
-10.615095569034 3.2537911480681 
-10.438293425869 2.2030271628676 
-13.724166736473 3.5118220375115 
-10.092362971791 2.8895963065542 
-10.220877987803 3.1499150497391 
-11.432818497844 3.2647486992035 
-10.105806927028 3.3820690223939 
-10.823738350167 2.7433746129054 
-11.112094232187 2.4024442770437 
-10.099340115452 3.5860186115093 
-13.728538639593 2.2443076279992 
-13.626164663007 3.0733365001777 
-14.112927038798 3.4518125296611 
-14.145957628806 2.7143875976883 
-12.802939951453 3.0605079355938 
-12.572328566781 3.6098788722054 
-12.051752687733 2.6217664277319 
-12.390664348782 3.0866606000044 
-9.7125869310908 2.2393825475125 
-13.884886166736 2.535758217741 
-10.516836851695 3.1196148196945 
-11.555783963966 3.5035261507565 
-14.08593574942 2.8222050473628 
-11.038802609555 3.5343881831618 
-10.75027641551 2.7291354008176 
-9.6257515467347 2.9157310654455 
-14.13521131702 3.4378298048773 
-9.4953023527491 3.4566770063647 
-13.161332627936 3.5099726611184 
-11.672641357259 2.4467497422403 
-9.557575252892 2.5177838275624 
-9.6043528281952 2.3346461897376 
-9.6249198824767 3.7268372197619 
-12.452992862074 3.0696025836157 
-10.757494670315 3.3020501642187 
-9.7237223411596 3.6122884951805 
-14.50895826313 2.3991603772933 
-14.314016595445 3.5511918617616 
-14.172548804824 2.3803189975286 
-9.9640992484612 3.2984005281199 
-14.480069423391 2.49015345724 
-13.607954058903 2.5430962933259 
-14.333144038849 3.2931695705875 
-9.978572370046 3.626184487915 
-13.383084095586 2.9563148140024 
-10.095288133432 2.7483484329538 
-9.6493689405997 2.4815741881352 
-11.514644766828 2.7210630758913 
-10.578559929892 3.6032842949534 
-10.748062756228 2.9056684877573 
-10.493085503776 2.965967356839 
-12.410818354569 2.8748637454182 
-9.9542509688191 2.9961615470673 
-12.74095653505 2.8856592425559 
-12.778678332688 2.2752963844114 
-14.645913272113 3.0586235449262 
-10.548780917135 3.7058007636195 
-12.361269627955 3.5991864495309 
-10.692169285027 2.776468938474 
-12.852186789167 3.4400344981531 
-12.946499292987 2.3454103522608 
-11.69895196674 3.5760462410355 
-14.267955996007 2.5620385483197 
-14.510410789328 3.6089400997044 
-11.12130504527 3.2425218789859 
-12.551651189742 3.3809340506829 
-10.330198174142 3.6536574914182 
-10.492823868369 2.5700469758103 
-11.45968097492 3.6870140313309 
-10.354967162293 2.9083060367877 
-11.311572606615 3.0639059798193 
-12.593842146249 3.4101152203102 
-12.18618449311 2.8964073905054 
-9.898956561068 2.8526669188049 
-14.177547789817 3.4700114787397 
-14.0662221166 2.2835740599797 
-13.863679732953 2.7932577931841 
-9.4709818154864 3.6879131586638 
-11.789195996471 2.3733805049988 
-10.989269307859 2.613301818601 
-14.56830534279 3.0545892232542 
-11.481299447032 2.6906822525754 
-14.229772424235 2.7684268093503 
-11.591555839839 2.2504990833867 
-14.272776368395 3.0440406889764 
