-15.797653798713 -0.67168745596826 
-20.817767196193 -1.7826868631088 
-16.863718822862 -1.9166574620537 
-15.877916947944 -2.3534943996142 
-15.50661241682 -2.1605542642885 
-17.166443626353 -1.5102558388635 
-17.804813721096 -1.898841304247 
-15.551585956661 -2.5799102575987 
-16.142945733301 -0.84066035505278 
-19.502355617378 -1.9629727380008 
-16.934265966282 -1.1340704856525 
-20.040377872568 -1.8922615081262 
-21.957455594736 -0.9046756343023 
-15.345675899819 -1.3596005971117 
-20.471866229536 -1.7863671767653 
-21.545652592009 -1.0286644352473 
-17.718390035829 -2.558293115646 
-19.07095247721 -1.5438803067114 
-27.381292054436 -2.274888089748 
-19.494267982378 -2.5474533706924 
-20.981237011659 -1.051881060191 
-19.279683776114 -1.8338956685467 
-20.775522942328 -0.87510883580007 
-19.989706799537 -0.78374684943866 
-18.677194869122 -1.1582932487477 
-15.140035236334 -1.1764600182043 
-14.988360111101 -1.7730113556781 
-14.776422134298 -0.72219056748573 
-20.975801806291 -2.5302905970568 
-18.577268379257 -1.7989874594998 
-15.92348604078 -0.82264966662238 
-21.353062633752 -1.3616192993474 
-15.064996265108 -0.76065976942049 
-21.331149011343 -1.2663346026938 
-17.728063218662 -1.7224229156477 
-18.318238527584 -0.6486108010692 
-19.03989680271 -1.6880824491429 
-17.576136391027 -1.9417922164259 
-16.239635354799 -2.3611848465205 
-18.041068779532 -1.5705901648783 
-19.410853791772 -1.394941822527 
-19.475236522301 -1.8168385906997 
-18.936767971648 -0.99530754785707 
-19.848967383703 -2.6363598279895 
-15.510627832741 -1.7318048977328 
-15.467331296053 -1.6545925661862 
-15.58823166119 -2.5463759581291 
-20.844017277004 -1.7691670467361 
-15.704182724817 -2.6222180558271 
-15.940560027101 -1.6622514570922 
-24.130873837543 -1.6123205928429 
-15.015891076762 -1.4784702148986 
-17.896998238188 -2.6064516773929 
-15.723193991298 -0.8771775201507 
-16.650653224142 -1.9643046893283 
-15.008393639602 -1.0179871918447 
-15.561740375482 -2.579440410804 
-18.658893429052 -1.7064330680651 
-15.11520780371 -1.8182003468635 
-16.286764934458 -1.4609217721958 
-17.633768622134 -1.1874467945604 
-27.199033877795 -1.9669506955111 
-18.564785815763 -2.2600063556892 
-19.958658288903 -2.1862822767336 
-16.67896316366 -2.0546311317674 
-20.259333744076 -2.220831457666 
-24.093040525468 -1.8773123649276 
-24.248320524646 -2.6248474045857 
-14.871635172325 -1.1225661000256 
-15.717156928656 -0.98749422920322 
-15.215666719576 -2.4345380908049 
-15.390882186476 -2.0505574458503 
-19.045290856864 -2.3152373073774 
-18.583121645194 -0.84175238827 
-19.970906118136 -2.1710147271297 
-17.711132576086 -2.5080444404259 
-21.640221276171 -1.8561774076927 
-15.17944869155 -1.7937147987346 
-23.791603182666 -1.19677671514 
-25.232753824041 -1.806452844729 
-16.204839078694 -1.5102423793652 
-24.411718203872 -1.480001078219 
-20.187626464166 -2.0189352771559 
-15.220093781059 -1.1239254565159 
-15.725949996709 -0.79545403870628 
-21.266335636751 -0.88181090500751 
-21.913884397161 -1.1831771461202 
-18.692950453926 -0.97789779575523 
-16.072477789782 -1.3014279548692 
-16.152144591118 -1.2396776274466 
-18.603652707847 -2.516014087975 
-21.344811908107 -2.6435204531736 
-27.977246545125 -2.3344826147848 
-15.762932371509 -1.249338813743 
-26.551780304319 -1.4305226447002 
-19.014593996193 -2.4530744174008 
-22.663444552446 -1.943689469237 
-21.497585144218 -1.1353554946677 
-15.093378233218 -1.5778223122785 
-17.702582689781 -1.4571521051962 
-16.329331222616 -2.3160617729232 
-19.927651853471 -2.027899423477 
-24.063578051549 -0.74069499504696 
-20.013180000899 -2.427219484432 
-14.937759106547 -1.2894381145735 
-21.511351752332 -0.79039855131868 
-18.107723968919 -2.0689213702595 
-15.192419545225 -2.4523682775981 
-16.134659898867 -0.65318596549116 
-23.238259393287 -1.0359156648838 
-19.732571058362 -0.64300998581332 
-21.752267958533 -0.92501143425232 
-18.950808353644 -1.1713755299048 
-23.440203984925 -0.80567518216695 
-16.103164444277 -1.7900708023842 
-18.813536874285 -1.9478836602497 
-18.02671874269 -1.2715395781935 
-21.454563934538 -0.80154491669174 
-18.859398697657 -1.2230746309316 
-16.639190245552 -1.6531850310406 
-18.131273087632 -2.2568628472951 
-15.156566328743 -2.3219080863127 
-20.30654325291 -0.7151720776623 
-17.20199261558 -1.0535183852753 
-22.693308157649 -0.95573815485961 
-27.201578110396 -0.64998256386742 
-17.892212746802 -0.65502978858952 
-18.80806749734 -2.5842933468621 
-27.463242920386 -1.3457866370518 
-17.376307148031 -1.8598632816963 
-20.823456307354 -1.2246679358188 
-16.532950141627 -1.0755837760148 
-23.140974198712 -0.91581741484236 
-19.734650966158 -0.70017710479634 
-21.609475366561 -1.9258440774683 
-15.513319439752 -1.6116415258473 
-18.345681556378 -1.168922732114 
-18.627364198422 -1.2021377971166 
-17.208036749819 -1.6919464417528 
-26.063221848979 -0.68820280713949 
-18.557980352613 -0.97767709729566 
-17.62902465933 -1.9051335194219 
-17.430880672172 -2.0536924319432 
-19.16699741918 -2.1184549024943 
-19.826243961071 -1.0358154192147 
-17.958768184585 -1.1448834375315 
-22.235199087896 -1.4431357613477 
-16.573209126469 -0.70057093491334 
-24.048893123623 -0.66921508196704 
-17.640651525813 -0.98111357086656 
-21.55148477849 -0.75506069757703 
-15.457705324316 -0.96251334520024 
-18.05344248198 -1.7387599841071 
-21.820803200934 -1.8400051096104 
-15.786345055061 -1.0140477377985 
-20.354954256812 -1.1404196484529 
-19.888508097145 -2.1332021768445 
-19.522096488408 -2.3194991034028 
-17.869638376328 -0.98019218655823 
-16.232351450776 -2.0144304846557 
-17.883495901699 -1.2339167294941 
-19.485928304389 -0.73574034908798 
-17.717756766609 -2.1851703046587 
-17.411452481059 -1.905442991391 
-15.659535720694 -1.2336320482168 
-17.474966968625 -1.3665946593372 
-15.680016174467 -1.8106308449586 
-17.117872348225 -0.86131412236903 
-21.552232538099 -1.5324686873063 
-25.343291112262 -0.66851738519561 
-19.546419077483 -2.1095168644433 
-16.703058058343 -2.3827724537391 
-22.251799480792 -2.5704939999628 
-19.460364182265 -0.75800625419869 
-17.680223493997 -2.4630640358744 
-16.445084741892 -1.7963055293955 
-16.57732558771 -1.7608098074339 
-17.450910273179 -0.980271492795 
-16.636836544954 -2.6156725038822 
-16.598806820464 -1.9114045626261 
-26.645686842229 -0.96283701905001 
-15.69504438472 -2.6131232401855 
-15.086929571764 -0.90894813204881 
-17.109575523515 -0.86614516997306 
-19.062036889141 -2.4283720804587 
-17.622999772172 -1.1442609732377 
-21.490170884384 -1.0065333210369 
-14.772715243855 -2.58244710969 
-20.761397917896 -2.401880515676 
-16.436576879536 -2.5508338361288 
-19.657919446854 -0.81134691804034 
-19.228209753474 -1.01252471767 
-17.123653296842 -1.3181516418023 
-27.642180071699 -1.6459889397853 
-14.692072526983 -1.5716352950017 
-20.171916651888 -0.75351389698302 
-21.668298811879 -0.99551890964354 
-25.842151148028 -1.6331749587033 
-16.432020594063 -0.74024538353848 
-26.518387000874 -1.131214754067 
-22.220846313836 -2.320308145251 
-15.113875834045 -2.3110615099959 
-19.270507540481 -0.89389459571892 
-15.096324579188 -0.95599157851599 
-14.709656409981 -1.7032155781444 
-19.764512876885 -2.2946195236888 
-20.743936134873 -2.0931662512908 
-20.148887709615 -1.1641016202019 
-16.028354562122 -1.2030316074341 
-19.825537930381 -0.70882450338362 
-21.698419553503 -1.9298687170611 
-19.965778643474 -2.2569328467924 
-19.180869666315 -2.2889627679329 
-18.232646510463 -1.4351949883548 
-16.577178123288 -2.3562294152033 
-18.959579497659 -1.4854345350486 
-17.062624411405 -1.0868615870822 
-20.647483514607 -1.1425519116474 
-15.462244965255 -1.3438408908281 
-17.622912019149 -2.3592139407923 
-18.05482420351 -1.9358838503069 
-14.995504121113 -2.382889440313 
-15.179995842025 -2.080341283302 
-18.060564243864 -1.1809160113339 
-21.220857203794 -1.0914497983476 
-22.591389528106 -1.1801138512624 
-26.678271091239 -2.5448876540336 
-21.46235994143 -2.4809894444239 
-17.157728466745 -0.70995640175227 
-25.429552411909 -1.3327521300105 
-16.723422891673 -1.6261628853754 
-28.818235610899 -1.9852863324154 
-20.243199606475 -1.0610327201226 
-23.061510855909 -0.75001198311024 
-15.731591924485 -1.3519802020984 
-16.763503352951 -1.6912523426944 
-16.096221227722 -0.95250813592281 
-24.29209234183 -2.60109300037 
-22.933615717605 -1.9302054495547 
-24.170966702581 -1.454267229589 
-16.730800245049 -1.6615396692889 
-16.998432998448 -0.7544839160877 
-21.692985195938 -2.5203298543164 
-18.770733577122 -1.3696267421765 
-16.003981765037 -2.0753228912023 
-15.838419942771 -2.3156806071618 
-15.63260066422 -1.1079405244407 
-19.628866743893 -1.0061581950816 
-17.9909726329 -1.4521255507876 
-14.880033671769 -1.981709907507 
-14.977807024688 -1.7658982318158 
-21.689478938877 -1.6283593968339 
-16.150497685567 -2.4798716324625 
-25.896444923466 -2.0919786026099 
-21.786724649129 -2.4448334844541 
-16.37821771483 -1.1705004366487 
-15.172381073328 -2.3287075913953 
-19.309636269973 -1.6042799142595 
-21.988424431767 -1.8149367094519 
-18.620725929758 -0.78387068565667 
-16.812604441697 -1.5465088250978 
-17.954030403604 -2.5394023089461 
-18.702225813812 -1.2875006089553 
-23.174695632791 -2.3657808290153 
-24.850826685765 -1.6186399624092 
-16.243954798447 -2.2591775318871 
-18.593031176937 -1.5062805600869 
-18.562506778791 -2.0385146272496 
-15.44009714469 -2.5700716462042 
-19.011998193115 -1.3559041390775 
-19.05550930694 -0.79497874151435 
-18.060324820695 -2.0559796921024 
-18.096007480019 -2.528150796561 
-16.53073677141 -0.85165910214698 
-21.224378290723 -1.8197762031118 
-19.755874540497 -1.6706460623092 
-15.254299871885 -0.72328691912809 
-16.444784146577 -2.4694961835712 
-19.597383629035 -1.9328161994232 
-20.996867914378 -1.0787983122033 
-17.216733618194 -2.296010068072 
-27.383945689011 -1.1491773236768 
-23.099906113492 -1.8195955891116 
-15.936451405732 -1.7928222504126 
-19.615246781118 -2.5242374087643 
-15.128365497803 -1.6893429792514 
-28.059192077055 -2.1725577783138 
-17.20738312499 -1.4940766552974 
-14.974277984561 -1.0093269755763 
-18.600539621159 -0.67151308156255 
-15.244588429651 -1.8163844793094 
-18.376303713667 -1.0629123724087 
-17.924225283355 -1.4562406215671 
-17.218022261835 -2.1489781208036 
-16.655536597819 -2.2953968631428 
-17.557170207849 -2.5458664258023 
-27.94953143423 -2.0361249256195 
-19.083557375876 -1.1635873897811 
-22.28889904934 -1.7370394823602 
-14.947873805589 -2.2013124225821 
-21.684346650956 -0.81487844051649 
-16.580835280098 -1.2313519338828 
-21.630985333774 -1.9938926874236 
-17.902772874786 -2.4028159331868 
-19.623856085764 -2.0721737799049 
-15.406967916156 -0.93266689375863 
-15.334193132606 -2.1414113398198 
-14.916318582961 -0.97255810934496 
-22.038409266151 -1.5830799183726 
-19.66267987291 -2.4405932283574 
-14.681529087506 -1.7943151999546 
-21.416816890554 -1.9328954665071 
-17.566778617633 -1.2341120250256 
-24.866786591501 -2.1468185747274 
-15.748547847813 -1.2393022617942 
-22.680237859905 -1.1394115939653 
-24.328281733242 -1.0210767259651 
-16.554984023747 -1.710958091382 
-16.817395350699 -1.4288567123475 
-19.598700177308 -0.83400356737791 
-15.842207393516 -2.0892605455101 
-17.960602888876 -0.907746628648 
-15.167503534288 -1.7519511828782 
-20.826879108319 -1.5242667301221 
-15.374554555251 -0.86837891220364 
-16.825336316768 -0.92735050080294 
-15.250858079983 -1.569562342648 
-14.745959914998 -1.7601140560633 
-19.284063063515 -2.6353896341913 
-15.61057926333 -1.181112703063 
-16.123283444894 -0.88341852476494 
-19.963548395236 -1.3546539732515 
-15.987920070908 -0.93169572558401 
-16.524080249257 -1.1837558706035 
-14.867830046842 -1.2534454956028 
-18.684639512275 -2.1188100735757 
-15.679990953699 -0.8719110064976 
-16.787561082528 -2.5463139918241 
-24.260341637843 -2.0019206336833 
-22.913680683201 -1.6953064685328 
-19.646763120758 -1.6802190270695 
-17.601716760357 -1.2807112577718 
-14.801836462985 -1.4032155142556 
-17.077483595871 -1.2172183117673 
-15.834867393437 -2.1310940741766 
-23.089472540651 -1.0855134151961 
-15.106635573427 -1.094768704858 
-22.640924315356 -2.2470946548801 
-19.39143237528 -0.78217403901863 
-20.484719690746 -2.1492800952188 
-26.940429088723 -1.6670207705393 
-21.356741761984 -0.76232166732574 
-21.634458606264 -0.69994818864137 
-16.556876756756 -1.597317656075 
-15.29427082268 -1.2435469566202 
-15.549412301563 -2.2469364187463 
-22.153480892219 -1.2298077863003 
-18.458883300509 -2.2602632027857 
-16.032939439904 -0.81400536010707 
-20.38250658329 -2.6243047923599 
-18.654328785769 -0.88355155164261 
-20.950006690767 -1.5062905933739 
-17.203859664113 -0.91290835720621 
-23.964606359674 -1.0454280818227 
-15.025790348431 -2.2790190726348 
-15.581141816497 -2.3886189817587 
-17.103536534206 -1.7261020205646 
-18.830762608984 -0.74324872973642 
-20.528275605853 -1.1724434515085 
-18.909444931276 -2.0489111018931 
-21.063792466615 -1.0492567322957 
-20.111179245611 -0.87323885392302 
-21.018518391985 -1.2529043613459 
-15.264303576539 -2.5670765347241 
-16.614340546181 -1.3780847630034 
-24.748467629479 -1.334914550027 
-16.815227600643 -0.89568857226107 
-19.122335042756 -0.95805756032413 
-17.092842342402 -1.7505868771169 
-19.886199633032 -2.2060659330607 
-18.748015116406 -2.3028444720707 
-18.451999547787 -1.1613112719754 
-28.319806590504 -1.4526898790182 
-24.252577412238 -2.0875699523096 
-15.78696761048 -1.769200942205 
-20.027455477219 -2.4705248465892 
-21.888766175608 -0.66793141382212 
-20.249791878401 -1.8320153442937 
-14.727947893181 -1.3274952562283 
-15.217398799262 -0.81259719865062 
-15.128572539359 -2.3566897969117 
-27.052863771151 -0.69589186055409 
-17.247085503602 -1.7963275244958 
-25.360768133129 -0.70945754651351 
-17.882114248299 -2.2625742314692 
-18.511702855948 -2.1910047698691 
-24.941936920695 -1.1363936267526 
-15.001352613541 -0.68181037337298 
-15.986288680979 -1.9910238578736 
-17.11887369783 -0.80908359077901 
-18.365400996699 -1.8883130354576 
-23.707873270476 -1.4687082184405 
-18.427106202748 -2.4165843767142 
-19.404683785747 -1.6403816469938 
-17.994319246368 -0.64135474928086 
-17.816316870464 -1.2301004357227 
-20.696353023664 -2.1310960188868 
-21.434141155405 -2.588908638483 
-16.421180660841 -1.249838083426 
-15.453977765561 -1.0525363720725 
-23.895409508803 -1.785405014308 
-15.702647999144 -2.1759165087136 
-22.182872195771 -1.0431170493655 
-17.571501242217 -1.873861370122 
-17.320299727538 -1.2312817586799 
-17.039848138963 -1.4421183905159 
-22.123336235302 -2.0252918346117 
-18.077261402119 -1.0905123802583 
-18.421175901577 -2.5379063353299 
-20.109711874679 -1.0566828057726 
-18.014438550425 -2.3360409447029 
-17.537732722721 -2.1412697943652 
-16.872572484782 -0.75978933500387 
-22.832780816742 -2.4056881796135 
-23.563929203114 -1.6651886679412 
-17.213312986881 -1.9532573163963 
-14.919759763732 -1.4426264314029 
-15.308909371442 -0.85122493697359 
-20.845227509047 -1.038602808685 
-17.485926290827 -2.114571518769 
-16.892415912291 -1.0557027547135 
-15.732015028047 -2.4442977018411 
-18.697416011078 -1.2666265298389 
-19.514780502861 -0.83967169133335 
-16.924079411317 -1.5481541732486 
-15.181913098248 -2.4839596500427 
-23.673840275972 -1.8682403352542 
-20.53467178829 -2.0287332285481 
-27.51051210693 -0.86723233511947 
-14.839707534337 -1.7709607142567 
-22.610569880393 -1.7132299732757 
-14.696207371081 -2.1090598519957 
-17.689215144886 -1.7046281944873 
-22.287563678701 -0.91133894577504 
-18.611054236287 -0.66351134867166 
-22.475890717272 -0.92813989087597 
-18.30001722997 -0.90072692387737 
-19.021744612184 -2.3720820455004 
-15.085972441616 -1.3486826703422 
-16.951674235621 -1.7405877058577 
-26.637466013901 -1.4805080434383 
-19.631471653888 -2.2852946777096 
-25.433595168608 -1.0901150844002 
-18.763543356128 -1.8305060059146 
-18.345306812693 -2.3875925357649 
-27.014455561825 -0.72162914463602 
-25.779316024288 -2.1704919779317 
-21.07554564484 -0.80516089985042 
-17.553029972348 -1.0462119142233 
-21.179835814941 -2.0721386210022 
-24.332963081905 -1.9323176228055 
-21.868541095385 -2.3828773329669 
-16.625102432411 -1.5436047880627 
-19.622006038046 -1.7403513210869 
-17.79461174378 -1.6354673168015 
-23.937004272582 -0.77665808390122 
-21.081069137222 -0.82108197845134 
-18.706735310032 -1.3441347115619 
-16.476391721257 -0.76766030741424 
-15.982440671125 -1.14805725789 
-14.772776665387 -1.1877009244252 
-15.286834305088 -1.8218829315716 
-26.082134650339 -2.2919507701355 
-18.552621213716 -1.8078071493269 
-26.332347080668 -2.6292858158296 
-16.878294839478 -1.9711135239611 
-24.59852917438 -1.6617619365969 
-18.532327970046 -1.9109009552767 
-17.127341483519 -1.1257408604586 
-16.550872834886 -2.5999603930277 
-22.916533284364 -1.2540136322845 
-14.956279884436 -2.3759393069892 
-20.328439427657 -1.0692806661908 
-15.233810432691 -1.5546566016942 
-22.525278392558 -2.2375974014699 
-16.839261940189 -2.1726561977808 
-19.912760169746 -0.83006736721597 
-17.827458867179 -0.66385069153381 
-15.483285698386 -1.7006734156979 
-22.841846254232 -1.3178404961395 
-17.36993331362 -2.1603872368849 
-26.304517770102 -1.0898814387548 
-15.276889636961 -2.4261351001341 
-26.921631843976 -1.849900029514 
-19.75290572395 -2.2798609259052 
-29.052704771591 -2.0333979912233 
-23.734918469054 -2.1857341339723 
-26.588227576633 -2.1048774974095 
-21.561168540629 -2.6093968545254 
-20.345390058997 -0.89242243047965 
-20.076106501193 -1.5398889185073 
-27.572676097387 -1.8283339463869 
-22.76610614191 -1.7697643844189 
-20.041651650792 -1.7673811766781 
-18.26493541644 -1.0719687932794 
-15.197997824232 -0.86868432454916 
-17.758405569615 -2.5351926865709 
-23.533315595228 -2.2107588184414 
-17.212556010837 -2.0274206140149 
-20.492557630835 -0.72758922985957 
-17.481529600718 -1.9518004500558 
-19.517614519488 -1.1541060014641 
-20.256546640837 -2.0697785688852 
-25.630224779885 -2.2234551431445 
-17.02853811143 -2.0313132323799 
-16.539425644782 -2.5795225409449 
-17.621182164183 -1.215895885052 
-21.374421437939 -1.4766484209463 
-20.280695576943 -1.5056187588295 
-22.830901022023 -1.0927386088883 
-20.357805438927 -1.7780610253619 
-16.189122468409 -1.1574679981833 
-16.217893440004 -2.26589019199 
-26.622920470677 -1.5429519847812 
-25.959197340728 -2.2908249631309 
-15.469634527915 -1.5350192252436 
-22.495985835769 -1.5139109363971 
-16.599420703827 -2.4871696684495 
-22.970377786964 -1.0720460381085 
-25.097756408123 -0.89853980625626 
-22.253734549007 -0.68329249499883 
-18.836098575697 -2.323630163941 
-18.208317324754 -1.108641172966 
-16.763146088334 -0.87437291351628 
-19.541611259449 -1.678462201103 
-16.443068471536 -1.6242371775137 
-18.040582273826 -1.8241144340506 
-17.600654879238 -1.3419244484239 
-17.020948102835 -2.0024882645399 
-14.754709378967 -0.87271903552959 
-20.726506397795 -2.3216236559397 
-15.763376241751 -0.65596846601326 
-20.773239408312 -1.0199682988636 
-15.972966023996 -2.1040726141744 
-24.391598890234 -0.64809845241676 
-18.371242214058 -1.6978510007222 
-17.514994403357 -1.9128679832707 
-16.710537959461 -0.87913204821346 
-16.546119607948 -2.5366513722631 
-25.312381779015 -2.6227749638096 
-19.392393006621 -0.91766664757177 
-23.135972602922 -1.248398743861 
-18.352529458598 -1.1446897664658 
-22.411073969415 -1.6552834155012 
-21.187274567692 -1.2267507546638 
-16.461032170815 -0.64744319635645 
-14.890053721811 -1.4623673344903 
-21.045551365537 -1.6798265824133 
-19.112080837577 -1.0925603299119 
-19.07497412625 -1.8172303608066 
-21.350818777236 -0.66492071388487 
-16.112081903145 -1.399245527097 
-24.992915842042 -1.5765333391479 
-18.034718629011 -1.524645796664 
-22.338742050732 -0.9215627125576 
-19.458379577557 -1.5427650470935 
-25.947447946881 -1.7234685692084 
-17.265185496275 -1.0141558739193 
-21.722967001405 -2.4277516111485 
-16.735081504615 -1.1910529372828 
-20.81332908451 -1.9421978473225 
-21.131317706182 -1.6149346602478 
-20.77733992767 -1.6792533019252 
-29.141906422011 -1.199822989306 
-18.681730071639 -1.6880030933761 
-18.703748078618 -2.4104644366961 
-14.731915787627 -1.1944685743112 
-15.31887160942 -1.9208738134919 
-18.170915066014 -1.7547993146263 
-27.655485204018 -1.3480390758087 
-14.760695610523 -2.5176038488055 
-19.440260221446 -0.8503243298526 
-18.415055935812 -1.241523222643 
-19.404870887188 -1.1863038596329 
-20.26712404376 -1.2691734003049 
-16.248572915523 -1.4233585039184 
-25.638621172452 -2.061097942934 
-23.608780552802 -2.0239533968666 
-19.67372638685 -2.5428844822822 
-15.446130740541 -2.2348141643638 
-21.760516964831 -0.72282219196908 
-18.048375284139 -2.0160024314666 
-28.497821762126 -1.6694573145337 
-29.023770172293 -1.4959487361752 
-14.794013101031 -0.7423342302259 
-18.334373806968 -1.2625985817904 
-16.581428704308 -2.4202623361988 
-16.817394441825 -0.64597841433831 
-20.53386891526 -1.9091827040545 
-14.864156189193 -1.3115836871204 
-15.368332190148 -1.0007859487489 
-19.109313545214 -2.547813648384 
-23.252027119171 -1.158894959327 
-18.737689615478 -1.216937183547 
-17.820169775439 -1.5847367647326 
-23.478807907003 -1.0245644837544 
-18.626461121964 -2.4106595824555 
-16.454487089166 -1.3799409630459 
-19.628745695564 -1.0382720157875 
-18.998538830801 -1.8432303308573 
-22.593851509182 -1.371815495277 
-14.732053060637 -1.9312541455578 
-23.04177484398 -2.4849459439879 
-15.525134603979 -1.4002414920052 
-26.552928149546 -1.3517422294972 
-16.195503244429 -1.5205827182719 
-15.836947548882 -2.377349850432 
-17.318040543439 -2.5724347698982 
-15.744959439311 -2.0278274745731 
-21.229587739446 -1.2438783107064 
-23.84534224238 -1.8108366069743 
-18.703867187449 -1.9051746494747 
-16.064257609901 -1.9875018691885 
-19.169383011271 -0.96172555922658 
-17.474920569489 -1.0831860435335 
-15.565009979142 -2.2190144327224 
-27.137047664677 -0.76471405991643 
-21.49497503024 -1.9879410673823 
-14.799024932044 -2.4251719913962 
-21.705601961765 -1.5742493395072 
-23.00951785142 -2.5822122754749 
-28.120531403411 -0.67166586510663 
-20.571116144915 -2.1988271492649 
-22.763235511484 -1.4664377020889 
-16.093622746078 -2.5015375837797 
-15.481120864327 -1.8889020952333 
-23.762874641854 -1.567558736182 
-19.12349420137 -1.3364803859052 
-17.478692166136 -2.4013244608115 
-19.517969592323 -1.2823800918978 
-16.16908866368 -1.1306535315351 
-23.749076636861 -0.73117337327884 
-27.197392778068 -2.4720585147524 
-26.272774262034 -0.78925400657116 
-14.793811563946 -0.91754212627145 
-19.669721552862 -2.6086292310909 
-16.754448049583 -2.5559301609921 
-18.513788587274 -0.66734656845455 
-16.402454543372 -1.7093595260849 
-18.628660830746 -0.91645241890181 
-17.250034311377 -1.1934663705186 
-20.472234545839 -1.0987968477014 
-23.967756661357 -1.9131225264596 
-18.92323510081 -0.92776545274826 
-16.088432237781 -1.3644019103744 
-16.858495689063 -0.649854069518 
-20.927563718234 -2.5706957937777 
-27.673048210373 -1.4382754716742 
-21.952600297845 -2.2585309176984 
-17.310961766476 -2.0543325810816 
-21.12754842693 -2.5170282797913 
-16.310587223241 -0.76595395872634 
-20.001313166162 -1.3117601075598 
-15.158971313795 -2.3347885580358 
-16.377610153519 -1.6335704413536 
-25.80045622226 -0.95675859640486 
-22.261533852278 -1.589011021126 
-23.97011856038 -1.5712904188323 
-19.721522351714 -1.6510852213704 
-22.495839001121 -1.07918100784 
-20.155793427586 -2.032935186574 
-22.172227478005 -1.4172197778325 
-15.740456234547 -1.5340828530491 
-20.832275384368 -1.7217427567972 
-19.441893093491 -2.0123999319619 
-16.928897395414 -2.52233622708 
-16.99227552309 -1.5784596807588 
-15.810186189732 -2.4964931916445 
-27.773528346517 -2.5651614254836 
-15.079802330073 -2.2931234211221 
-17.676211404745 -2.4888913264858 
-15.086520554194 -2.4533171443264 
-15.015445297275 -1.3018309627047 
-21.35284511079 -2.2996762293238 
-23.28173516083 -0.64696134924573 
-18.261797700975 -1.780685724574 
-15.049147774342 -2.044763875695 
-14.839099207555 -1.8811602930286 
-18.471063747782 -2.608413723669 
-16.498125762526 -0.87429309759991 
-14.792780707979 -1.9392379624127 
-17.921030789584 -2.3465183606539 
-16.277750835541 -1.2831187104885 
-25.122320849167 -1.2984611145427 
-18.471663779003 -2.1535002592998 
-19.838047264731 -2.2835414948809 
-17.7935870294 -2.4612080359573 
-17.879638475118 -1.5304976331513 
-17.329699471567 -0.66792318006543 
-17.594724578863 -1.5094819190812 
-19.383514867363 -0.81959903440501 
-16.851931093183 -1.7040737681209 
-16.036811783286 -0.91860950616815 
-17.233693254445 -2.5413115999212 
-15.007562245814 -1.8946846575221 
-16.631761701126 -0.72162274612329 
-14.9901493583 -2.1995023579144 
-25.339478933307 -1.2964914548013 
-15.357475706359 -1.3725998985966 
-27.824507009456 -1.2056877916966 
-27.503873854718 -2.4235973765336 
-16.307936843341 -1.5262209382123 
-15.204329847159 -0.66310781728967 
-20.193205594325 -0.94977126080433 
-23.494901932283 -0.70605019517358 
-16.031514596537 -1.0668757554178 
-20.580228866709 -0.88948548867756 
-17.381093070075 -2.5423984468208 
-24.342986985506 -2.4396236026969 
-20.649069627092 -0.86124571775869 
-27.939252299252 -1.6812325257482 
-16.093118537404 -2.0202467741837 
-19.676560022221 -1.2995826265756 
-17.575556183451 -1.8241533643224 
-20.748396496927 -1.5972741855654 
-18.107806000536 -1.9042987709023 
-17.973128107872 -1.9639992231124 
-16.127455280171 -1.975204684931 
-23.984047334909 -2.1996080943885 
-16.483374197534 -2.0347663169568 
-18.011708212227 -1.0637580671601 
-18.338928676099 -1.4476077085189 
-20.374987878919 -1.7670079192289 
-20.565099087775 -1.2664447570023 
-18.793151136902 -0.7171260905605 
-21.468254836426 -2.527268640945 
-18.661029124843 -1.1731405229306 
-16.055228459273 -1.5479384124873 
-16.688703753123 -1.2958272405412 
-23.521050107716 -2.5159475174529 
-19.53746362563 -1.3280932249138 
-16.968140744765 -1.4666167919422 
-16.480083481314 -1.9222108559225 
-25.148208754875 -2.5792318700762 
-15.172856519003 -2.1602287311562 
-24.963321786856 -2.5409063654121 
-23.977838120254 -0.6420207101607 
-15.995599733426 -1.9275152510637 
-24.224005703561 -0.82776469980719 
-16.879618046908 -1.7985982779195 
-19.234816572087 -1.5746240725818 
-21.58195876228 -2.3725851995073 
-23.340625416861 -1.7705967563427 
-18.690803359021 -1.8471696000037 
-16.734275478401 -1.6388937040922 
-17.717682537009 -2.4590740935901 
-15.253674670503 -1.1369106951895 
-18.197764746171 -1.3506728512996 
-15.693705607472 -1.1706864838658 
-15.225413373963 -1.790215327923 
-24.001652304031 -2.6332866104109 
-25.115439602482 -1.5132643994275 
-19.255455790648 -0.82267326456031 
-17.968133211851 -1.2695131840828 
-25.601724853475 -2.2208952679302 
-19.326136190715 -1.2680077982443 
-18.388095462562 -0.99993790157946 
-18.763150425162 -1.9844746854802 
-22.091964199304 -0.69668066174334 
-16.625103538829 -0.74025793309404 
-25.102579323696 -2.1887979043791 
-17.517208823972 -1.6480158572475 
-27.358274352021 -1.8658525082746 
-14.895872960934 -2.2322459692856 
-17.576936783937 -1.9011307788965 
-17.753577389873 -2.369766272045 
-23.174609500754 -1.4326611108608 
-15.475077942217 -2.2339279942841 
-24.834346071078 -2.4165931187885 
-17.210007146713 -0.73332975613712 
-22.323133842546 -2.3602017392591 
-18.089424039812 -0.71241026936352 
-14.748578576336 -1.7611688685501 
-23.726833791433 -1.7356993672946 
-19.657965884906 -1.6885069263867 
-23.69177527483 -1.4822802203305 
-20.37131470595 -2.1247539481888 
-16.436265714936 -2.419277132661 
-15.72015199724 -1.1547887963618 
-16.844422718118 -1.6563474479389 
-18.437980307895 -1.1767415991017 
-23.924728922257 -2.3000974573987 
-15.22624884343 -2.4283468518708 
-23.233647341104 -2.3747029085193 
-20.678504808031 -1.1748604441372 
-18.42200624674 -2.2273703217688 
-18.451419272337 -0.99640290039291 
-16.50181258283 -2.5097893633755 
-22.887226563102 -1.2470490794292 
-25.181292087393 -1.8096475432874 
-22.749278246396 -0.73138804695901 
-25.862098554181 -1.9181283367345 
-17.094367655397 -1.5043221749281 
-25.577182331609 -2.0916455501258 
-20.603707191452 -1.7634824997389 
-16.609584291292 -1.626783701627 
-15.721530735097 -2.0037924142041 
-23.530412821977 -1.6176510745531 
-27.882443968144 -2.2091537614168 
-19.824938086276 -1.1218962807368 
-21.642662728054 -1.0665326921115 
-17.584220374094 -1.7264776088168 
-17.059783650029 -2.1773801871303 
-26.343948142318 -1.8925677625973 
-23.492774705057 -1.9702389483254 
-23.349077895644 -2.4233930370602 
-18.62796736443 -1.3026553781257 
-15.267630727309 -0.64078417054959 
-16.03616126703 -0.87973250517502 
-19.975058965414 -1.4990302033681 
-19.830967485641 -0.75679727335605 
-14.827555196771 -1.8549577504638 
-21.003955575057 -1.6013745931658 
-27.898778938351 -1.084270021071 
-16.57049215819 -2.1605432686985 
-19.612170551577 -2.3453583184642 
-17.67119047952 -0.77587242687563 
-17.618546630031 -1.1410455500409 
-21.989008810957 -2.1463622320336 
-15.473742120659 -1.9514602194277 
-25.332143730728 -1.0885711063997 
-26.925167667138 -1.2592932972792 
-22.921876389864 -1.2334025994086 
-18.628766459914 -0.91808308985834 
-19.063500903757 -1.6253534273386 
-19.297497227582 -1.0617319148074 
-19.226540873654 -1.8302825022602 
-16.668564996625 -2.1221000558124 
-18.417416413755 -1.4143981285798 
-18.241988515009 -1.13150210464 
-18.412065605434 -1.6996011253657 
-15.216874929207 -1.084674534375 
-14.981371944296 -1.7396775107718 
-23.362064390617 -1.1921965474169 
-17.924280069885 -2.1677773226164 
-19.29235827067 -2.2288287472617 
-20.817631494383 -2.2042813362751 
-21.676144713324 -2.0975640308923 
-21.071794564298 -1.2821451589009 
-19.20698930537 -1.4408117592904 
-16.870401971222 -1.2404978030597 
-17.279874183602 -1.1506020754927 
-15.668215752515 -2.0214688079813 
-16.155844426646 -2.4160135320399 
-16.914358498221 -1.5649571482121 
-16.042659173777 -1.530422382529 
-16.525838558385 -1.5185423364786 
-24.251050121208 -1.7728599436149 
-27.046383189391 -2.2409103702525 
-17.65590730964 -1.2285382597737 
-28.97994302302 -0.90454406114074 
-23.997549421832 -2.0843640693397 
-15.176160309074 -1.3797765228834 
-15.13245713338 -0.79491989179587 
-21.485551188289 -2.2389674791577 
-16.502965524494 -1.2287644121254 
-18.179520728463 -2.2188353855643 
-16.492638508454 -2.2309108038957 
-15.449565824136 -2.4835174285696 
-15.593045362116 -1.9081776987525 
-16.031191114589 -1.6230446046505 
-16.17934513173 -1.1481985023425 
-19.361493315939 -1.8560391335887 
-25.951159088845 -0.78910712626424 
-14.957955674697 -2.3642662780242 
-16.515842919655 -1.0031815341701 
-20.398892803368 -2.5807843349373 
-22.115268308432 -0.8799019664314 
-17.840232019521 -2.3646459763139 
-18.727777405443 -2.0190315444081 
-16.662298541088 -0.69502982378404 
-24.797977507099 -1.0089826566476 
-17.283978239599 -1.0799677571224 
-18.597566314871 -1.7960749620127 
-16.613642669136 -1.2550733743377 
-28.614700969136 -1.1930846641975 
-23.731292721948 -1.3817202590265 
-14.755375079658 -2.587900059561 
-14.902752925157 -1.960929036428 
-19.995523507673 -0.96560821787853 
-19.580111608444 -1.0179876895405 
-21.478776143785 -1.3857115267283 
-15.245258937441 -0.69819364285488 
-16.583679855673 -2.1206503009292 
-18.269681746468 -2.0377950982561 
-19.104291277953 -1.4544697876528 
-17.968605491287 -0.86800174077257 
-14.790304027082 -1.8622458116755 
-22.002281891461 -2.0726980266803 
-23.370522389777 -0.83997996080309 
-14.992919607758 -2.2592630597787 
-17.915174506814 -1.7589768719713 
-19.568559599215 -2.1642985899634 
-16.438915059787 -1.3304145959523 
-19.996350827168 -2.0486619811147 
-19.465337598798 -0.97029829897482 
-17.538501968979 -0.69633286023977 
-19.110687668856 -1.9523064613674 
-19.670142464163 -1.6123407860144 
-21.724439928972 -0.83207370484297 
-21.140900567496 -0.67725427637108 
-17.449828637295 -2.0593111004673 
-17.322637015869 -1.1490221490989 
-15.230527797904 -1.5870843600238 
-18.238712439075 -1.6109584348401 
-18.053661021125 -1.1421709861708 
-15.748050904385 -2.2833834982732 
-21.80883134399 -1.9407271122318 
-17.293062381133 -2.1150549528624 
-20.181367915108 -0.73662158323822 
-19.886202390063 -0.71770709354198 
-24.109076517965 -1.5793826289895 
-18.513519615871 -0.64433952756105 
-17.896971711471 -1.5610500815932 
-15.65303751301 -1.6957150001989 
-28.207352699995 -0.66459131364509 
-15.515592161106 -2.0900421943357 
-14.845604767089 -2.5882874405874 
-16.038697250907 -2.3639452464172 
-15.16692576791 -1.5594990194578 
-19.38283017167 -2.1387440756198 
-14.872652375639 -1.5140857949736 
-24.260722670785 -0.89517799338232 
-15.579636231028 -2.0335326277217 
-18.801132260781 -2.1124705841381 
-23.14484243438 -2.0649478115531 
-14.708316032822 -0.76240552167509 
-18.185214614328 -2.178612448365 
-17.272242814777 -1.9289974712718 
-19.93095678367 -2.0945448810784 
-27.00703661111 -1.0233436576235 
-17.019988591905 -2.4567104357553 
-17.188886456016 -2.5702858315159 
-25.540368297914 -2.3878661449932 
-25.219263517337 -2.1197755460985 
-19.093218366371 -1.7231705813243 
-17.961595698567 -1.8417118432286 
-15.923465230343 -1.3384616398779 
-17.42274774142 -0.85143157569771 
-25.380284178296 -1.0964841076277 
-22.422130733053 -1.0296418440643 
-20.78969179639 -1.1184870866157 
-17.922215072766 -2.6013180028907 
-22.082797286871 -0.63879288488833 
-20.68313002387 -1.9123191798539 
-18.34879357766 -1.8374541977893 
-20.73632496325 -1.9281542337022 
-17.399516571015 -1.6088754605344 
-16.657830508811 -1.6025387744813 
-16.232359123956 -2.3087060062365 
-15.363532580535 -2.6389847455598 
-27.650285199283 -2.5206061901609 
-18.339678595032 -1.3286774581086 
-14.935038572232 -1.3270505664152 
-23.203990863398 -2.3303891552268 
-18.301993267185 -1.7841876618515 
-20.801190568118 -0.94942174631997 
-18.776828368257 -1.9449068284645 
-14.840273661797 -1.0300450161147 
-16.9636291981 -1.9979337067457 
-15.508407663128 -2.546919798585 
-16.697236678346 -0.99344196190786 
-14.755346712193 -2.1232974256836 
-16.071672880476 -1.1856911206764 
-17.50971812421 -2.3098284369427 
-24.944103219968 -1.7565477516085 
-16.372005911196 -0.97209047259661 
-23.535734199086 -1.5347086371019 
-23.768453431665 -2.1350638494783 
-19.92372487195 -2.5349298407876 
-18.804989662998 -0.66044951679813 
-15.593997615682 -1.8377179147224 
-23.612577169813 -1.7873446865069 
-15.881374695913 -2.4044612012572 
-27.12048555315 -2.1966024729718 
-21.07899412527 -2.500071032203 
-17.739757310392 -1.8207210445836 
-17.814174362551 -0.67720601874296 
-18.723758145847 -1.6453565781059 
-16.925425212313 -0.80832831016739 
-23.711482530655 -2.4563475711782 
-27.871051574238 -0.70892604213953 
-19.541627461847 -1.3100677573416 
-24.160220475908 -0.6594786979372 
-21.122917291585 -2.5122236322442 
-15.669396792935 -1.6603562078539 
-25.959863205335 -0.91777619148287 
-21.38278123533 -0.8757781996398 
-26.786110702746 -1.7582224952036 
-19.593973109747 -2.0979675645451 
-21.139285224212 -2.5747445145361 
-23.646098485675 -0.93415912847082 
-15.487174537445 -2.1660846568477 
-19.386043166249 -1.5908800421636 
-19.279012153534 -0.80771336608711 
-19.928766054825 -1.5475838646802 
-20.548202526865 -2.2929876423389 
-17.3612037433 -0.90557751737674 
-26.227943342213 -1.2105919658192 
-17.888110393166 -2.0372122877526 
-26.805559302924 -1.4707925330743 
-20.21858698413 -2.1612342768331 
-17.337226995921 -1.5422176358187 
-17.030380118401 -1.6505544719065 
-16.406917038221 -2.401582940088 
-17.258582083468 -1.3739245033909 
-17.043647745873 -0.81482245950755 
-21.547241647741 -0.78531199730773 
-16.843077927258 -1.164104118649 
-18.39031567555 -0.66612721746986 
-16.340420260507 -0.68135487894113 
-28.014614098518 -1.7490463271992 
-24.115811081969 -2.3528817521322 
-14.781720563853 -2.3109547596754 
-24.181802984734 -2.226405918691 
-16.256963628167 -1.9124000861148 
-17.368105068808 -2.2379397484296 
-15.099149558575 -1.6163984349787 
-16.103775194391 -1.7752302659464 
-18.319183590265 -1.734809662408 
-23.255769777515 -1.8549142246826 
-22.59517806877 -1.0460659186971 
-22.51742165853 -1.1888327981663 
-15.037552124295 -2.417931029333 
-17.075695603982 -1.8195612254496 
-21.629971454643 -0.67218448971616 
-19.779947482931 -2.2750309212701 
-15.110448253915 -2.5884993945432 
-15.322974673534 -2.3596317196697 
-17.090999774875 -1.0712570891553 
-15.712436209655 -2.0649225692798 
-19.281895147998 -2.008612654197 
-15.488004418594 -1.0911123092813 
-17.401483105248 -1.1103358818743 
-17.054624440802 -1.147057095758 
-17.29310023273 -0.69375841585777 
-16.601710576744 -1.1974635460805 
-25.488265134084 -0.68381126271104 
-16.524330535689 -1.1516897080364 
-20.384652099748 -1.8043752408369 
-16.096528162406 -2.5994466062803 
-27.659683600537 -1.551744403928 
-23.074602944049 -1.6072271874991 
-15.644572849172 -0.64246094552151 
-27.937571923546 -1.6997867958463 
-17.250414038793 -1.0437932464938 
-20.439308619297 -1.0433689073022 
-21.621660774108 -2.4728090205814 
-18.391092641899 -2.3029600318281 
-15.605231029847 -2.092972083629 
-24.137338837696 -2.1289093809416 
-16.092982841529 -0.76927244206685 
-17.385221373187 -1.1214092832307 
-22.931981573541 -2.3506670422745 
-23.681126928478 -0.67066436609222 
-17.780302462981 -0.77492929101178 
-18.908182480614 -2.2867697721122 
-16.022102050915 -1.4620689703424 
-16.333718653341 -0.81963791117943 
-19.954795683941 -2.1959445286509 
-16.059898906192 -1.4530145738069 
-19.018177585119 -2.3052694591822 
-16.612509608593 -2.633288510319 
-24.479218163002 -2.4482098312804 
-21.003646972701 -1.0185328878905 
-19.740478188048 -0.73740430701277 
-21.044214742346 -2.0240187602932 
-17.792128006769 -2.5627937373981 
-22.132076694049 -1.1538188018522 
-17.929100601312 -1.5351909773213 
-17.404704144062 -2.2271489090421 
-23.89292392677 -0.77319315797107 
-21.165393217851 -1.4638747914448 
-15.071981009736 -1.7577895801298 
-17.903799217033 -0.79741863008989 
-17.488829354182 -1.9918640719213 
-22.459779332418 -1.6538462882953 
-24.590082234723 -1.9727742958858 
-20.721683942706 -1.1398232104004 
-16.786276145068 -2.240780083257 
-18.778235267174 -2.1172473174521 
-22.597991435771 -2.414240406046 
-18.453017859084 -0.75348286016605 
-25.509844339971 -2.0916750904252 
-19.218580032023 -1.6326649901564 
-18.667857189466 -0.96430286449132 
-18.351127939732 -1.5911599605806 
-20.037436202281 -1.8796685112649 
-19.404192131519 -2.2899008483015 
-15.295684220175 -1.1195813550297 
-24.71539047629 -2.2855844979154 
-23.781883468038 -2.1045701083242 
-14.89986272358 -1.6993516314418 
-20.65827383671 -1.8615003658068 
-20.308652534267 -2.0701732736933 
-25.755046850424 -2.4341010148226 
-22.582312911537 -1.362377930579 
-19.207225080475 -2.1276726827934 
-17.605705821234 -0.9563897244309 
-19.297458793165 -2.334036777168 
-24.711685888723 -0.98428812773468 
-17.993993507151 -1.3985871530102 
-17.381992496224 -0.93247031149064 
-20.578655897877 -1.8432170058997 
-19.276220391468 -1.2873675022573 
-28.730299810682 -0.80388444879694 
-20.932979187439 -0.71827838794608 
-22.90756290489 -0.69021026368509 
-21.022285369457 -2.5477907077689 
-18.852228438878 -1.0367094829855 
-16.637899190776 -2.372022388946 
-17.198232718302 -0.82493947657995 
-23.706293671441 -1.5416776687178 
-18.628089970125 -2.4662613746575 
-17.601737491403 -1.8061456488882 
-25.102465796463 -2.0813778196713 
-17.329152755483 -1.0462851893042 
-24.111839522471 -1.1664797118937 
-18.396319609198 -1.9197631015943 
-26.754893789481 -1.5079259210967 
-24.176009001337 -0.70626288797024 
-19.699805824818 -1.6361190314555 
-17.86678783119 -1.7079377753063 
-20.548653104833 -1.2690008828409 
-20.817441931724 -2.5727091788356 
-28.67622643419 -1.0748296255103 
-27.148730413603 -2.5689140876631 
-17.102521698993 -1.5914532979598 
-18.608133899353 -1.3653243585445 
-17.25351577114 -2.4129706866493 
-25.179757870874 -1.7581008897036 
-20.602183699806 -1.5497648510227 
-16.539939889137 -1.810740691497 
-19.536830596762 -1.4603568937344 
-17.674695587111 -0.76185438367688 
-20.137828892505 -1.4346402800693 
-15.661097709984 -1.0144160638953 
-18.55726990299 -2.6066576512806 
