-9.5473816573854 -2.0347777587457 
-10.943337021949 -1.2912650752497 
-13.009379595218 -0.955988909962 
-12.07342735246 -1.4630966149147 
-12.31694778781 -2.1702099371961 
-14.531964827649 -2.6006748337252 
-9.9197918670847 -0.83381209255811 
-11.774581607032 -1.6690341608078 
-12.618987899603 -1.1865848671229 
-11.160820088719 -1.0954229899388 
-13.905166955265 -1.57449626649 
-9.8846255466308 -1.1751272938829 
-12.714232683354 -1.7122040404944 
-11.112093785413 -1.6863897726991 
-12.212648492986 -1.2035318174904 
-9.2926579316527 -1.7828365338336 
-10.656968900669 -2.0798147630444 
-9.9706811634264 -1.4198644351627 
-11.076496045602 -1.2606775319428 
-13.995344727348 -0.89657589322609 
-11.976030526669 -1.5270782651793 
-9.4203488915424 -1.2802854230902 
-12.372035124098 -1.0829807682625 
-13.334820761037 -1.2337547709371 
-14.560856472544 -1.8374196304307 
-14.316455051462 -2.143788815519 
-13.101438153732 -1.3519255421972 
-9.5690087116761 -0.90029552895996 
-9.4931658494175 -2.3553480419322 
-12.010181843255 -2.4056788205805 
-10.699298695777 -2.0600033467627 
-11.679422694004 -1.4987128268915 
-12.801466356668 -2.3079801503922 
-10.174826038904 -0.85643016542734 
-10.256475050928 -2.1123334719319 
-13.230749818743 -1.6450562116469 
-13.363307892623 -1.2610493512705 
-12.686325606603 -1.357630335141 
-13.238227289346 -1.0753367898502 
-10.436419385692 -0.9346788800157 
-10.678374298103 -1.5800634389792 
-10.885088478198 -2.3758448495586 
-12.542785653953 -1.8080042250531 
-11.641882352139 -2.3728058869452 
-13.502959907628 -1.585676501173 
-10.502658593519 -2.3379512736102 
-10.154175843239 -1.1267272224652 
-13.135946569797 -2.5645481025331 
-9.3336714721148 -2.166210953048 
-11.349332408378 -1.7312996524215 
-10.11574454755 -2.2271878932393 
-13.099945763913 -1.845767904336 
-10.712277184702 -1.7442415639156 
-13.186714676476 -1.4958848383919 
-14.070245378604 -1.0426480853213 
-11.210151512464 -1.8200089113698 
-12.880577805839 -1.1527435553656 
-10.662200187815 -1.1512170695525 
-13.461822625295 -2.4668230017142 
-12.51325427051 -1.8616688716603 
-11.553606579291 -1.5618204263685 
-10.048635915499 -2.1031621550556 
-9.4673963417204 -1.728851998786 
-9.8032042641188 -0.78917677669905 
-12.07581052526 -1.5087729816345 
-10.176799251434 -2.6219562103721 
-10.658856012758 -1.6538259499035 
-13.608120517667 -1.1819102548818 
-10.05723178704 -0.85980647785811 
-10.150575998335 -1.4977066601722 
-10.733642634602 -1.7797737055286 
-13.218921633934 -2.3126240995199 
-12.721725094442 -0.82499273679099 
-9.6337474368192 -0.91012382989022 
-12.698891245011 -1.286910830949 
-9.3757917849613 -1.2853756871676 
-11.024740517267 -2.0590847403294 
-10.770852678337 -2.1303028966205 
-11.805744874175 -0.7955580752844 
-10.716105383448 -1.9774023339798 
-12.570580316691 -2.2025826249483 
-10.504969233983 -1.5303438552299 
-10.468452853151 -1.2406346755392 
-10.422412263275 -2.5793369581055 
-11.942092728507 -0.87886055972943 
-12.60046566996 -1.8257619514861 
-9.3714803817879 -1.6801143982867 
-10.081551630393 -1.5091824328381 
-9.6316870866226 -0.85616114885525 
-11.764455877127 -1.0298089073179 
-9.3969066882257 -2.5532822037446 
-12.44719446874 -2.2446087688303 
-10.13905846417 -1.0985312741823 
-10.809971088008 -2.3985944271486 
-10.87174083629 -1.3199249740192 
-11.969779731359 -0.95433891690956 
-11.493745672262 -2.3039232552015 
-11.687298083588 -2.1118634086894 
-10.984923156466 -1.4910421680381 
-11.157813939509 -0.87829897251418 
-9.7119911982437 -1.5902951904665 
-9.6398299658575 -1.3674368623864 
-14.288454364689 -1.1128490686833 
-12.817559514691 -2.5039723435071 
-13.226565890874 -1.1681881874121 
-9.7109504830871 -1.2725606649119 
-11.288819733694 -2.569481035657 
-13.500586060239 -1.3425963274429 
-10.761968348369 -1.8046618775798 
-10.641530797351 -1.3471312966256 
-12.854288589347 -2.141451720406 
-9.7686465250032 -1.6052731558251 
-12.356788285235 -0.78006730117948 
-10.899523940096 -2.0741315994582 
-11.54527771959 -1.3401432766902 
-9.3554335002967 -2.0522526184553 
-12.074433725324 -2.3229508431626 
-13.480363966241 -0.79021465686492 
-12.500433794261 -1.1056608091597 
-9.5543860152573 -2.0131694060939 
-13.709173108156 -2.5179819940037 
-9.5461355642461 -1.6186517872766 
-13.347283523078 -1.5004660011624 
-11.506827205287 -2.1622164634301 
-13.102688026559 -2.2512259747885 
-12.987147094027 -0.80712252185702 
-12.896542597922 -1.1684789826249 
-9.5338951320785 -1.60916358764 
-11.557283535832 -0.81726590769455 
-13.602801219526 -1.5709150657865 
-11.378075599258 -1.1419708771667 
-14.570138028654 -2.5183835420024 
-13.275771415596 -0.7796097334202 
-13.756017083393 -0.92658431575157 
-10.154385719901 -1.0554799781308 
-10.715376872749 -2.2024243560086 
-12.391094427518 -1.2772597735599 
-13.878636920132 -1.2947793338565 
-12.95618833614 -1.214076445872 
-10.264672745357 -0.87145859660789 
-9.3999557684919 -1.9990658487056 
-12.512017544453 -1.6896564284448 
-10.45440470798 -2.5112040013156 
-10.403253011584 -0.88331231307614 
-11.208788995543 -2.3457296699704 
-12.089102528099 -2.3332507127866 
-10.539432351826 -1.6503997170435 
-9.7028843595221 -1.3928005195077 
-11.824948814981 -2.5536303729194 
-13.155083470562 -2.0052000370754 
-10.682173671128 -1.3306205841135 
-12.359310545904 -1.6506166837613 
-11.297639143287 -2.6067075665889 
-9.5077555465203 -2.2275973497026 
-10.991048815447 -1.3754760742675 
-11.507565349757 -1.5364343800452 
-11.768771324714 -2.4090711320404 
-13.372218183282 -1.815580210595 
-12.602535661685 -1.4911713618271 
-10.74209869895 -1.5693567797227 
-11.577441234475 -1.2824667403637 
-12.441992056479 -2.2896574075802 
-9.9079810668784 -1.9028683978824 
-12.622284570138 -1.7664538518774 
-12.482060596068 -1.7050686387789 
-13.195699893984 -1.325219905384 
-11.941659429405 -1.9636994156532 
-10.230169378901 -2.0405591875648 
-10.373732303257 -1.2436122547264 
-10.377735302164 -1.2134571376729 
-9.4857159203521 -0.91880012087322 
-10.545936119023 -2.1203418647162 
-11.125154094108 -2.1016773115248 
-11.047913345221 -0.96982531504114 
-14.069885561364 -1.0381007829842 
-10.347969350915 -1.7832615989934 
-12.544766034759 -1.9385918531597 
-9.7603794453331 -2.3692710559459 
-13.691132573144 -2.5396936038954 
-9.9231075342011 -1.3600910549888 
-11.355943861224 -2.3464512388702 
-13.688343670979 -1.1746148943407 
-11.687200355935 -1.9318058406991 
-10.607781527459 -1.408732663499 
-11.34017299429 -2.1153227118112 
-9.9857341673832 -1.1519515381355 
-14.376866221182 -2.1770049847073 
-10.001572107766 -1.2269993397218 
-12.664978914256 -2.6035059321734 
-11.55903691181 -1.2135224366979 
-12.89038650216 -1.3550657730843 
-9.9448520146763 -1.6852025454961 
-10.858944878747 -1.7755168056893 
-13.59279550818 -2.1299966086718 
-10.522144079053 -2.1460718047736 
-12.474588188033 -1.2949309728522 
-9.4391493680808 -0.78405938345526 
-13.961391555857 -2.3807055238515 
-11.551484981153 -1.3846877956644 
-11.898323148152 -2.3506242765174 
-11.098399470369 -1.9567298592295 
-12.825253821446 -1.8525718224251 
-12.787234812011 -1.2844586327477 
-9.6138560001855 -2.4056891209019 
-9.4809657926632 -2.4887058987288 
-9.9914203697429 -1.3088444295062 
-11.287425761341 -1.4308218010905 
-9.4403602116347 -1.0613298375182 
-10.305866096253 -1.1409816430635 
-10.57073148318 -1.8839459011696 
-13.463808639274 -1.6277081971979 
-13.355121884832 -1.701143246679 
-12.058697018115 -1.9407858023238 
-10.065884578927 -2.44445216956 
-12.249717746879 -1.5941703957761 
-14.356616498822 -1.0211745244785 
-9.9691132566539 -1.9486232368772 
-12.382488693638 -1.5091958584014 
-9.7977703810571 -1.3622979176991 
-12.623532856147 -1.5299464250961 
-9.7664184392503 -1.2803932365318 
-13.863038017679 -0.98054242645191 
-12.921408710818 -2.1416937024689 
-13.726256036772 -1.3072085852746 
-10.688953712511 -2.2008129748983 
-12.620477121219 -2.466863989259 
-9.7045180771571 -1.635406623049 
-13.710174491144 -1.3739321367702 
-10.535998378846 -1.5875114122607 
-13.092246949636 -1.9245525826249 
-13.759989065366 -1.6944032324588 
-12.305422838671 -2.4680907814582 
-11.082976271361 -1.6369628881009 
-9.3156683934207 -1.6756431395889 
-14.285119559148 -1.5509598757986 
-9.7409252762789 -2.0606928852057 
-12.38993574801 -1.9903493396152 
-11.255421833557 -0.90600041671862 
-12.67204075024 -0.88436018075022 
-12.164692062658 -1.8356848841902 
-9.7810111429899 -1.9117045886177 
-11.014532848169 -1.1909656006238 
-12.042673733212 -0.98746955433779 
-10.727381526511 -1.6478621799741 
-11.28292203256 -2.159065761545 
-12.362187853184 -1.511761779317 
-10.213962429063 -2.3071284259516 
-13.955622058052 -1.4727589564388 
-14.006073474081 -1.0785805281981 
-13.532828332378 -0.84776154484637 
-10.396266797224 -1.4982533102698 
-10.909308098144 -1.1096648968526 
-11.19609813328 -2.3449880290554 
-10.452726463338 -1.8067507061641 
-13.788647690373 -1.6933689177227 
-11.290457043873 -2.1765977665634 
-10.246821732316 -1.9613937503647 
-10.574601439178 -1.4459712811097 
-12.547061618795 -1.2560600840767 
-9.9455728511111 -1.9241618287771 
-10.085584617511 -1.7865475413991 
-9.4685523740809 -1.4260535854657 
-13.91900829537 -2.224201566076 
-12.397105826929 -1.1671499881556 
-11.041953058957 -1.8520724614049 
-11.550057990503 -2.6056723038716 
-11.360123060565 -1.495644369282 
-12.52182492084 -1.7819388664389 
-12.068890158619 -1.4677141234871 
-10.397320727891 -1.3627238509783 
-9.9675971526513 -1.0533527031622 
-13.934539192669 -1.1242320449183 
-13.4281731738 -2.1348716001035 
-9.7952721253204 -1.0124906771859 
-9.7411500808625 -1.8494405581225 
-12.844939066498 -1.7240911535759 
-14.102252577307 -1.4181531578976 
-12.477955788432 -2.0893555271975 
-9.7266523387425 -1.4110584463371 
-12.157984410736 -2.2232534737995 
-11.417749698273 -1.4775070729314 
-12.583541446393 -1.3886287031175 
-10.531756002021 -1.779695210598 
-13.083046512131 -2.4877488391914 
-13.814379505676 -2.0379333867027 
-10.331080125898 -2.2425155796658 
-10.281035081823 -1.5961568293019 
-10.476490675357 -1.9516731025205 
-13.597767060935 -1.0334893591436 
-9.8278305571984 -1.3005135742249 
-10.342492709281 -1.7459568913488 
-10.682078835789 -0.8331481390913 
-10.015026977475 -1.9684196188129 
-10.914928904288 -2.2081435032502 
-14.07551838263 -1.4221453333445 
-12.602207828426 -2.5022550317141 
-13.077319831994 -1.209899556274 
-13.909542153896 -1.5968109871609 
-9.4641571838191 -2.2962188535256 
-14.315421515239 -1.411309523393 
-13.937150197145 -1.3231178570561 
-14.567165038103 -2.5094143621838 
-14.151884180442 -2.276588190091 
-10.397961485626 -1.4044096362944 
-14.0318495556 -1.8978814452063 
-9.7923856843379 -1.6710841915865 
-10.357635193167 -0.92044187228155 
-13.6285197699 -2.1820890397456 
-10.297719413997 -2.0940697484729 
-12.540927717899 -1.5246977709005 
-13.864588487342 -2.4480194985794 
-11.667689105985 -1.7411092985125 
-11.382513070159 -1.6060255373318 
-10.05916503642 -1.4970910378496 
-12.284134734818 -1.8526815712873 
-9.3867306442604 -1.659396129524 
-11.671305189232 -1.6085190162417 
-9.3847711439677 -1.2762686481507 
-9.6030552320383 -1.5140797175082 
-11.750025050818 -1.1919479301334 
-9.5807106113931 -1.5556001381907 
-12.97310556385 -2.123873748605 
-11.783601044186 -2.4403378379649 
-14.324973263043 -2.3789252634822 
-9.9547032323279 -1.3825527164535 
-13.408875259346 -2.5813649771783 
-12.024871114198 -0.97435257136868 
-9.6290754550976 -2.2188231483963 
-9.4057229262167 -2.4075078900442 
-11.093766866253 -1.5191781560631 
-13.972310783458 -2.3549354841367 
-9.5802285293529 -2.323825488091 
-13.410200587056 -2.1202579314472 
-10.750785315553 -1.4691921675968 
-12.777273874203 -1.4146860214023 
-12.737436267962 -1.054552995005 
-10.054821982759 -2.3487292652552 
-13.968593694822 -2.4283948840204 
-11.711533287245 -2.4687852157431 
-12.185944152343 -0.94231745040112 
-14.09576829391 -2.5891692361068 
-10.026216312948 -2.3874711027188 
-11.512435869754 -0.81472522703757 
-9.8015666398061 -0.97644751815786 
-9.9881571228292 -1.9069965603617 
-9.3089930911427 -2.3971124497306 
-14.420898347984 -2.1661490573941 
-13.461281589445 -1.2178206182635 
-11.481162713483 -0.87823217554071 
-13.619651089741 -1.1924044055192 
-13.115546837741 -1.8271322204546 
-11.553849459701 -0.89175594572087 
-9.464783123429 -0.83230586606099 
-11.779271269148 -0.82124253076273 
-10.456268067363 -0.98534899184801 
-11.76718427821 -1.5623392380217 
-14.487458085867 -1.0265729870513 
-13.040728072585 -1.9065642048925 
-11.009079006674 -2.0977212005212 
-10.510462639604 -2.0575488289975 
-11.407356778948 -2.6194894785097 
-11.308435934558 -1.8909837244511 
-10.004752479957 -2.0847541423753 
-14.373119842754 -1.6486464375849 
-14.638940197686 -1.0172204288052 
-14.605584486091 -1.1726262174736 
-10.789000302259 -2.2655117268792 
-10.136309369043 -1.7162702261399 
-10.074484196845 -2.0937726742442 
-12.220874630463 -1.5553978587977 
-11.232638463578 -2.1848771672182 
-13.757856459988 -1.8430043888693 
-14.37499163741 -2.348504753834 
-14.430772379616 -2.2997432980917 
-10.996921695083 -2.4371751339303 
-11.19710202521 -0.89729914077832 
-10.180974376225 -2.42702135764 
-10.696410726104 -1.4296435518309 
-14.074606396758 -1.2196041658744 
-12.533631165107 -1.9118811087875 
-14.541198852881 -2.4058728239815 
-9.7390934356954 -1.6067593848437 
-13.102564108611 -1.7817919473837 
-12.308297301959 -2.3090979494893 
-13.191940834281 -1.5569570442865 
-11.42606996622 -2.2013693142895 
-9.6943564546994 -2.0894447707719 
-10.371135686519 -1.259127617881 
-14.301840031958 -2.2264922308888 
-11.004713865512 -1.9937809788117 
-13.551007746346 -1.7462077722878 
-13.748307855961 -2.6291693947903 
-13.995504468503 -2.3144973679824 
-12.306618196062 -1.3433473517125 
-10.141876741832 -1.3599791019904 
-11.030522097175 -2.1463424838014 
-13.454942353822 -1.2732333299571 
-10.747550556831 -1.3454834389517 
-10.832126644444 -2.2924949955507 
-10.679133908135 -1.1855690743043 
-10.290371689624 -1.8367920373078 
-11.894105976933 -1.268109202811 
-10.954875937509 -2.4853257741124 
-9.4621773227573 -1.7553657888337 
-10.588192022764 -0.95584014325539 
-14.032037686317 -2.5175778769337 
-14.03785256172 -1.9447803941608 
-9.5594719091298 -1.2357342903625 
-10.786460828646 -1.5621444012022 
-9.4466973752462 -1.8711943514088 
-12.837125129734 -1.4588464584101 
-13.934951561136 -2.4820529928275 
-13.188835202711 -1.9621760016162 
-13.353974337964 -0.94699532440393 
-14.664631542994 -1.6325048477891 
-12.327815598028 -1.7824854167139 
-12.890989190078 -1.6410045308441 
-13.08402220094 -2.3398018131917 
-10.816747697136 -2.0575240918464 
-11.927709259338 -1.2296742380956 
-14.486715043644 -2.3886509537379 
-13.981901966355 -1.3731693802705 
-10.86072662594 -0.81024748123651 
-12.020709092553 -2.5387219833554 
-12.740286029375 -0.93931339312305 
-10.751548690875 -2.6392116161683 
-12.832675533803 -0.90317794613526 
-10.888137762851 -1.5108854303526 
-12.591027955662 -1.3241319550338 
-13.748826643895 -1.0631215416167 
-10.621016493677 -2.0590402939965 
-10.770450183921 -2.3299894129356 
-12.158146836761 -1.4607338286045 
-11.897090817747 -1.2700887035611 
-12.99715086552 -2.1940267214508 
-10.968638954672 -1.1622186651333 
-10.519614996395 -2.6209856516726 
-13.307023902521 -2.546660991765 
-14.346006917609 -1.9484539233421 
-13.127122160148 -1.9647404747466 
-14.014499179047 -1.7539577044393 
-11.75910487668 -2.0982571783003 
-13.120117587326 -1.7825001937211 
-13.276825194451 -1.4291271436767 
-12.584929592985 -1.044189336 
-10.378809029995 -2.5805313923307 
-14.20149777123 -2.2331736715101 
-11.770541995643 -2.2577326048413 
-12.229458005863 -2.2595002765714 
-11.470658106659 -1.2776493594036 
-12.838083201244 -1.5876393388296 
-10.687155664443 -2.0510819231546 
-13.131358845185 -1.0487662318249 
-10.150367035866 -1.6196629820107 
-9.6834250798408 -1.152912859752 
-11.00414097455 -1.2224417290915 
-9.9947767543034 -0.97689356091189 
-13.372824303086 -1.3560900402303 
-10.956504949259 -1.6470381634307 
-11.138280749447 -1.5367116408994 
-12.374385406576 -2.6106293458055 
-13.30101482959 -1.6499404294774 
-10.994135468513 -1.9832227908943 
-12.071699823209 -1.1433732484279 
-10.2569158344 -1.9078214446226 
-14.187454202124 -0.98193672853457 
-12.927202934795 -1.9540360732095 
-9.6106289783478 -1.8704514253125 
-11.825112040949 -1.108010874859 
-11.844634135109 -0.89517801104084 
-13.668287551177 -2.586442072576 
-12.18835699177 -1.8176945733107 
-10.436096069193 -2.5743876614283 
-11.98268685453 -1.0829229917768 
-9.6627110337053 -1.1381162921513 
-13.872787056086 -0.90223440991505 
-12.001285248616 -1.3382567323845 
-11.132949168775 -1.6105502231277 
-13.957714443424 -0.96640546829184 
-10.19380243773 -1.1877992253235 
-9.6474765662219 -1.3321589669314 
-13.498254003499 -0.87763528407637 
-13.387521090651 -2.4631097984752 
-9.839422707999 -1.680639195205 
-9.6672405526064 -1.1764624969796 
-10.556442730768 -2.5572848553833 
-13.000099468596 -1.0683970398567 
-10.713390991832 -2.6434423303884 
-10.20486867067 -1.1713812244875 
-10.114525375205 -1.7766847588104 
-13.890639803658 -0.8231568692465 
-13.995007728479 -2.1809340065957 
-10.346461337393 -2.3464592011533 
-9.8540166057297 -1.1075035463982 
-10.314935893188 -0.97712665206225 
-10.432832936291 -0.77753191408632 
-9.6795203291797 -0.9296757876187 
-10.924278864201 -2.251944991913 
-9.6002738404433 -1.0043904720544 
-9.9293447474126 -1.7622854472404 
-11.865592749394 -1.6957474312063 
-11.157763803038 -0.84013780256363 
-10.426886788847 -1.9282248895524 
-10.118770553538 -1.7895354932551 
-13.343953207018 -1.0519326365899 
-11.480997027842 -1.7806266774003 
-14.313023078108 -2.2627134073368 
-14.402252637379 -1.8144233507402 
-13.722849777323 -2.4835196630189 
-14.018847543323 -0.77688900566986 
-13.029135860969 -1.9424761287614 
-9.7654624317699 -1.7158325430301 
-13.973340829922 -2.2472261943971 
-12.592356175118 -2.1266775133314 
-13.290055658663 -2.002355300725 
-10.757209614628 -2.6071628816095 
-12.993784502901 -1.5674670581322 
-12.846801606017 -0.79854319569292 
-9.4656036737915 -2.317967162657 
-10.711080807885 -0.79831507142717 
-9.3187327357673 -2.1698517139739 
-9.9123966907674 -2.621092788728 
-9.3221994602801 -1.9302735114075 
-12.717217024387 -1.7492281060607 
-9.4285761537939 -1.7342273237596 
-12.262097923126 -2.4520646421975 
-12.81458636451 -0.90803811825289 
-9.3536672839583 -2.501195043996 
-10.740821871807 -2.6271913593495 
-14.204727921187 -0.82511604666966 
-14.071568635582 -1.7198384421254 
-12.354512184646 -2.0730329994535 
-12.04870593463 -2.0456103706571 
-11.339822703733 -1.6798361863893 
-13.684772072872 -2.5060765011646 
-10.718936082211 -1.5946257860515 
-11.717527516718 -1.733722835045 
-9.8246962802083 -1.5920646882291 
-10.975114854656 -1.4430898912477 
-9.6875675229227 -0.99435370207255 
-12.076219941905 -1.3034355326841 
-11.078149193713 -2.4173357304744 
-13.001365689086 -1.5422058162524 
-12.439686590868 -1.1397666088709 
-13.287351630964 -1.0291122629964 
-11.155635653766 -2.4789297913446 
-9.8877270508364 -1.5523609115681 
-9.6263401841285 -0.99325975463535 
-11.912279592562 -2.4668166292616 
-9.4489070902073 -1.9802771315542 
-13.177370651013 -1.6268262975953 
-14.068532792032 -1.2736239930619 
-12.16427566387 -1.7385353810106 
-14.505566727792 -1.4817101387446 
-14.136722644883 -1.6350176753609 
-9.8252706629173 -1.7314950497808 
-11.811708207613 -1.672990397025 
-12.569950989338 -1.9497851982213 
-10.902339449547 -1.8953697068462 
-10.797217689181 -1.3635348539619 
-10.290404646505 -1.1386601780349 
-9.9575100978289 -2.3888964682021 
-10.139425402822 -1.4289534429087 
-11.564112244761 -2.5432228906258 
-12.429098815837 -1.3592225339712 
-10.809153297208 -1.1322913716744 
-11.754146502748 -1.5876068841301 
-10.649223315587 -0.78554744960734 
-10.447940590199 -1.2661602253443 
-13.944899542369 -2.486581706006 
-14.0259903347 -0.9401280239881 
-14.247769311404 -2.0449750965119 
-9.7237174194321 -1.5523796100501 
-14.464652997532 -1.1324058911058 
-10.762702655405 -0.99947261140008 
-14.578760094097 -2.561375043151 
-14.143684595616 -2.6252183283179 
-11.100543444721 -1.3944029514257 
-13.153728811335 -1.5599258300701 
-10.756551505044 -0.85151023193971 
-13.022094707722 -2.5145500084477 
-9.7419110215305 -2.3493609389943 
-14.652833465507 -1.0345697783522 
-13.614848853182 -1.0826189344106 
-12.855102686627 -1.7319085079836 
-10.152545042325 -1.2444378956193 
-9.8781815505037 -1.0503517648375 
-14.055678584458 -1.1921889125011 
-14.161062875655 -1.9848665653664 
-11.481472892197 -2.190199526027 
-9.6027767912181 -0.85216008224473 
-9.9092412921695 -1.0918664349533 
-9.4658253911798 -2.1437074182018 
-14.069588622372 -1.4746411296912 
-13.042090579583 -1.9951466307932 
-13.143495987184 -1.4843565619509 
-14.368029250658 -2.2137872143272 
-9.5815777688156 -2.2396845219361 
-12.154677714419 -1.6185932772612 
-11.956936696359 -1.0302794224312 
-9.4114464516947 -1.154429487317 
-9.9398552743295 -1.6294441998613 
-10.410168351416 -1.3982291500333 
-14.123664029171 -2.5184582586975 
-12.14169007177 -1.3581474194476 
-11.034538587545 -1.211480066591 
-9.5352640471578 -1.8450910315794 
-12.261236906541 -2.3476772261451 
-12.914645333857 -1.5753258991123 
-9.5797028755363 -1.6356630443132 
-14.346922087824 -1.4101844449976 
-10.325372604571 -1.2269404221268 
-10.72842176709 -1.429975269002 
-12.234927858605 -1.1769653995726 
-13.047089433348 -1.3340358041629 
-10.758324192555 -1.3022403634046 
-11.809107180138 -1.8987792742635 
-14.515548385378 -2.2981274414646 
-9.4776535798108 -1.011286264046 
-11.636398706852 -1.3580984244222 
-13.355762564605 -0.80578480390463 
-13.246468112425 -2.1541186557983 
-13.070787765149 -2.1401405193563 
-13.533473221139 -2.4387744118079 
-13.085702518454 -2.1562828223555 
-14.150138615943 -1.3213056637039 
-10.613727039187 -1.2797922422205 
-9.8279901703687 -0.96441901011659 
-9.5151420437401 -1.3271806979051 
-10.856655962452 -2.2712915139657 
-11.754129275247 -1.7362504953734 
-13.467714940406 -1.0665054416241 
-9.2957927554215 -1.4267282155866 
-13.544818985413 -1.5149568827191 
-9.3214598348918 -1.8463463782786 
-10.678513695425 -2.1871923623283 
-13.933521240241 -0.90442301447973 
-13.441164015412 -2.4185360182268 
-14.175594493537 -1.0269057704773 
-11.541788391423 -1.5803944109992 
-14.061089710111 -1.9182549493407 
-12.187566639848 -2.3109409225436 
-12.00284612021 -2.2428356975627 
-12.890312505891 -1.9559106006783 
-13.649533445726 -1.0032658648462 
-11.821113283852 -1.824805780396 
-12.288123177035 -0.86004072970361 
-10.111214440844 -1.8849091017669 
-10.575376167657 -2.4554745112976 
-10.551049743826 -1.0194864922972 
-13.793981360028 -1.9443890320903 
-12.360793380816 -0.82643086272197 
-10.891399040758 -1.0272091914253 
-12.233846766127 -2.383827309872 
-12.808607197466 -2.4087497024374 
-13.30160091304 -2.0385570887632 
-9.6419894512331 -1.5499583584033 
-13.156827150996 -1.5199582581216 
-11.448264348994 -1.8209643229203 
-11.985273904605 -1.4130131752448 
-9.9655444504795 -1.148767430798 
-11.622718711113 -1.5665632864163 
-13.398750453516 -1.0363522702536 
-13.962348626955 -0.88923317484279 
-12.014033149101 -0.78516608403564 
-12.814171396811 -1.4943220184045 
-13.430307278407 -1.7088778048475 
-12.060465396322 -1.9030816942783 
-10.280434177865 -0.96607109208794 
-10.118691263271 -2.5853613703255 
-9.2827106087049 -2.5879521405778 
-10.093892220131 -1.4107231034955 
-10.004788714845 -1.1173430715742 
-13.728806751533 -0.94884235437301 
-12.625595330591 -1.2633761928777 
-12.086591482172 -2.1419271216602 
-13.021926876792 -2.0769866291849 
-12.085458348075 -1.2618872993557 
-14.196813387841 -1.7793969922989 
-11.162280201842 -1.3544736332523 
-13.464111157623 -2.3047511265331 
-10.86962356464 -1.3443624104605 
-11.434518189923 -1.6528437526037 
-9.8215107376743 -1.2411680075752 
-10.066197828217 -0.81864177598902 
-9.8671514895719 -1.4158733141764 
-9.3451168709824 -2.4669758614129 
-11.420291284783 -2.5422429100337 
-10.991839389585 -2.4566065910274 
-12.468726094631 -1.7704215357034 
-11.373758615866 -2.5165508489422 
-14.133860777135 -1.4483996567319 
-13.019318253252 -1.3608019027311 
-13.954027557241 -1.7799225767171 
-14.618407804375 -2.5106464362316 
-13.310102696672 -2.5193383603443 
-11.599969280055 -1.8731009773725 
-10.173154973261 -1.0948660633908 
-10.505172193073 -1.1274494221299 
-13.927453273902 -1.5967310246802 
-13.793467508792 -1.8268312775608 
-13.821556661118 -1.7123319313401 
-12.368254347075 -2.2680850587827 
-10.614643260568 -1.5887369927894 
-11.673050224104 -2.3328599285966 
-13.136754491983 -1.7210244834225 
-14.356697996291 -1.3760699777523 
-11.504294377014 -1.6822416760631 
-13.923261815813 -1.9069869051255 
-14.419671949302 -1.6846315961032 
-9.2963903890302 -1.367954371957 
-14.208650798754 -2.5461401704996 
-12.043446122968 -0.82445887971699 
-12.877173461947 -2.3776054209437 
-10.212223916133 -2.2056131643181 
-11.234824177624 -1.2165981154428 
-11.081181852843 -2.3362547929256 
-9.4209038202979 -0.87480441114988 
-12.90180077295 -2.2131748090096 
-12.524588494756 -1.0113914463457 
-12.275052115054 -1.0222912958444 
-13.477295507578 -1.2337735755294 
-14.105490576115 -0.97459674880804 
-13.090668658818 -1.5440781173249 
-11.947312410842 -2.0660475338555 
-10.001625798905 -2.2571456775122 
-12.253433607428 -2.465180256865 
-11.387091521836 -1.0977917670068 
-13.036721189048 -1.1444796539612 
-13.094565839995 -1.014583001298 
-14.605333924285 -2.5200900500171 
-11.496827796403 -1.0427430409234 
-11.824243780515 -1.1229202135799 
-14.581104679488 -1.4853832034015 
-11.484179084982 -1.7142268076782 
-10.683889381917 -2.1235464037181 
-10.204697366376 -2.3306437937139 
-14.004419415808 -1.1816212810303 
-11.90373398413 -1.3601225809281 
-13.092693338426 -1.7120026754576 
-12.663014313321 -2.2058156510474 
-11.427587084712 -2.5671975923122 
-9.980358386187 -1.6092472172536 
-14.138186268575 -2.6262097312535 
-12.308192776211 -1.8510951816079 
-13.49013131569 -1.0331004618968 
-13.386847174537 -2.3340447217712 
-12.72244712789 -0.83191268089859 
-10.225515604755 -1.0290685371491 
-11.473152122845 -2.1213815215428 
-10.891416420361 -1.2296851157139 
-12.822105193133 -2.3628604088371 
-14.099547475488 -0.97681003435498 
-14.114359820672 -0.96577997581935 
-12.062287519496 -1.9806121817574 
-13.976297442492 -1.8333909673114 
-12.792015776458 -1.0868370118721 
-14.469648916057 -1.9378231542898 
-12.884242873367 -2.3828181630299 
-9.9851313956981 -1.1246266180264 
-10.968078634233 -0.80791188984145 
-9.4970622424916 -2.3885371902944 
-11.054657871628 -1.7490379443649 
-13.433096512787 -2.493042787742 
-14.016964545739 -1.6463531922075 
-9.7181045065335 -1.4004334161172 
-11.124913025628 -1.6484803238526 
-12.955134761332 -1.0966355152757 
-10.490472960835 -1.935018097631 
-12.89272957592 -2.2989933241845 
-9.3593765720832 -2.0599402271682 
-11.411535761283 -2.24974188825 
-12.167467190714 -2.4692229234855 
-11.754029183244 -2.4637874159515 
-11.426661476756 -0.81906344000347 
-9.3364146409418 -0.93978148374263 
-12.149184360604 -2.1821113316417 
-13.474198017807 -1.9512937209904 
-9.9631294871426 -0.87989247371129 
-9.9644761593647 -1.9612563901998 
-12.394348120868 -1.4423651587268 
-11.588420929563 -1.3696468867566 
-10.288209900223 -0.86561205367788 
-10.549311315589 -0.89807091920221 
-10.328840378767 -2.0225030015138 
-10.524977978705 -2.4176517134719 
-11.106492703796 -1.323931076342 
-13.133615680838 -1.6887745341801 
-12.177583328063 -1.6461549204899 
-11.533357645376 -0.94052185129022 
-13.994792913395 -2.1423374752551 
-9.2827860760674 -1.3810224305136 
-13.09302987207 -1.9695892811317 
-9.9894308685451 -0.85550551576187 
-9.3084354614077 -2.2651630976532 
-9.6953316878155 -1.3573668580681 
-12.521635218074 -1.8798130911314 
-10.241211811452 -2.4645358091822 
-9.9358283658134 -1.9202701492399 
-11.254802143295 -1.4108122159131 
-9.8962803313582 -1.3591773534805 
-10.598311906213 -0.82460013848283 
-12.264873546886 -0.94071480552715 
-9.7875215022442 -2.4158336267454 
-10.836444099126 -1.3944540285884 
-14.446066311555 -1.8370487261811 
-9.3033559077889 -0.86083625828527 
-13.297469731057 -1.2709521053348 
-14.658094093182 -1.5517362006382 
-12.904894828027 -0.8850469102955 
-12.732132294434 -1.0507561573759 
-13.989794150654 -2.46275427006 
-12.812129195401 -1.9539737999429 
-12.890989683327 -1.4683871735263 
-10.547925482933 -1.3920061489269 
-11.063811968892 -1.0448862627072 
-10.354188586101 -1.4396306220221 
-13.946424625184 -1.0894609024135 
-9.3869257549075 -0.988988420867 
-11.767173830408 -2.2484773690159 
-12.647656797942 -1.6708831990692 
-12.474246105481 -1.3862784566085 
-11.443899564852 -2.4434812132445 
-9.7407024441075 -2.0353902993704 
-13.101717816909 -2.4226815617334 
-10.681163736196 -1.3629941452265 
-13.158701216386 -1.1806358428198 
-13.381779456137 -1.3126084663167 
-10.557962683404 -0.96587530328169 
-14.197312551744 -1.6666098564886 
-11.25679570717 -2.5861811082516 
-13.525546332657 -1.4857231077532 
-11.970494016586 -1.3575590459556 
-11.587829476291 -1.9310729082052 
-11.772416435378 -0.99227215501167 
-11.090890479811 -2.1102388870622 
-13.41570994907 -1.5690410008342 
-10.262345583326 -1.1979434819061 
-10.871573024558 -0.98554667344553 
-9.8609035858826 -1.854554627396 
-12.739462227709 -1.5181113054925 
-9.4117965640117 -2.3196864113193 
-9.3274107670407 -2.0295251315103 
-13.853729720474 -2.284864511585 
-14.614535949137 -2.6408415586814 
-10.170622978785 -1.3733263486491 
-11.790415113017 -1.7577216798611 
-13.672349818044 -2.2422207905553 
-12.544282071128 -1.7876570325053 
-10.189631594403 -1.7880497211568 
-12.84198167374 -1.3427172872513 
-9.5066670141098 -0.83258714151964 
-10.443154752757 -0.78497925775957 
-9.9362542523369 -0.96081037986552 
-14.184258467691 -2.3854376880369 
-12.004040772624 -1.6079018352306 
-11.867551429958 -1.9141493657313 
-13.488126040617 -0.97669745789331 
-10.839411837466 -1.9734147921512 
-13.716543948567 -0.85890498023352 
-14.674993461064 -2.0942953691395 
-10.218928902171 -1.0953754644296 
-12.114639692255 -1.8175927414363 
-10.235907710382 -1.4574034672208 
-12.874850756913 -1.2163984054851 
-10.188841656832 -1.410016110182 
-9.3515351864611 -2.2404548188883 
-10.587460177212 -1.7344834988575 
-10.611469311514 -1.0945755846423 
-12.836749845368 -2.0223561888748 
-11.434222607035 -2.3766984796239 
-12.843618954377 -2.2120868202459 
-10.210762871198 -1.5755992712438 
-9.9191471639229 -0.86740793897991 
-13.646799677467 -2.1771579546787 
-9.8996735331728 -2.2428183653806 
-14.026465977491 -1.1218049175024 
-12.95454284436 -1.1751885595384 
-9.8983599713661 -1.391224899824 
-11.347833615639 -2.5976101131877 
-11.183262711625 -2.3319698426763 
-12.990364607984 -1.0868412604911 
-9.7141387874099 -2.0192210388415 
-13.741082778299 -1.3801607745805 
-12.041194172042 -2.4043445189995 
-14.107538528506 -1.8080737993722 
-10.908883470195 -2.4905073433773 
-9.7443228439398 -1.9490196976737 
-10.477043704816 -2.5447782269423 
-12.939730731209 -2.6169327819392 
-12.354669508707 -1.6762225452836 
-13.516305769926 -1.6359858089422 
-14.662964605625 -1.3196688734308 
-12.068730427397 -1.0364437864538 
-14.100002976998 -1.48211055554 
-13.863041532843 -0.84261900409491 
-10.941158816059 -1.3707744161181 
-9.8739094209894 -0.99097842723368 
-10.222803027309 -1.7751824494653 
-12.339521324302 -1.4545955432956 
-12.20694614093 -0.96723508118679 
-11.757119768481 -2.552787168181 
-13.971035846112 -1.4482695905729 
-10.15684693023 -1.8270449223859 
-12.635272410933 -1.4958028334233 
-10.072480357407 -1.125952505475 
-14.389398110859 -2.3628861711155 
-13.286454528122 -2.1118719114012 
-13.805170377715 -0.89477066643227 
-12.008091773157 -0.85577881325755 
-12.246790735881 -2.001181697868 
-9.5787072405986 -2.3512593164101 
-12.712162113621 -1.9648249608117 
-11.231751460678 -2.4556376110291 
-12.339421833596 -2.2392850672774 
-9.4218715503655 -1.3303545241657 
-14.631741967777 -2.4565610863143 
-13.609633099422 -2.1381611057145 
-11.769811180988 -1.4367172619985 
-14.337194237475 -2.4892518082797 
-11.006969748772 -1.3640133868505 
-10.755158264922 -2.0571150353849 
-12.285213626808 -2.2009365611565 
-12.26853912223 -1.5276245953703 
-12.456637009477 -2.6129566116011 
-13.484830137271 -1.2173870620479 
-14.454687416955 -2.1577850977176 
-13.587081324919 -1.5519037220303 
-14.239486352476 -1.4323225017729 
-9.7491498061813 -2.2319114410013 
-12.572118258229 -2.5930721855704 
-10.620541681668 -1.7498815797763 
-11.347972863162 -1.5076672694179 
-10.732106853145 -1.926089010409 
-13.39201932538 -2.1957811635959 
-10.4498697978 -1.1869865842999 
-14.05186135862 -2.2901545792668 
-14.174532708554 -0.90816728947321 
-12.801604616426 -2.0778861556686 
-13.597108808944 -2.1616740040433 
-14.136959194165 -2.0345852394352 
-10.944567388768 -1.2447364802641 
-12.289571984071 -1.0824376219095 
-11.669214643258 -2.2682049162444 
-13.097570652873 -1.8821016632219 
-14.198441314685 -2.0871239849454 
-13.432462221251 -1.5294064321572 
-10.283027060487 -2.2156759404035 
-9.4560752306644 -1.6951120720919 
-10.248626720256 -1.2641812376552 
-11.3927911237 -1.7428922250201 
-12.04763998354 -1.1729040074349 
-9.4064453268733 -1.1763332782836 
-10.382459223957 -2.5711587472308 
-9.911814169732 -1.4752801465143 
-14.662886677282 -1.2996289947816 
-13.705334464456 -2.6298968658082 
-14.331369839188 -1.9135769813217 
-14.363489563679 -1.0538860495468 
-13.946331783464 -1.115388878654 
-11.778603723124 -1.4703332191525 
-11.330100281354 -1.8607627707536 
-14.413636922344 -0.94129746985866 
-13.85322491251 -1.3483757973764 
-10.005857191549 -2.2956352169549 
-11.632731367272 -2.360336074698 
-9.2933862051359 -1.5298334817839 
-14.007753600286 -1.2593073211576 
-11.396858225484 -1.5357071238023 
-9.783096171531 -2.2290544677928 
-11.807194825946 -2.2038465115323 
-13.276754941161 -2.4192248553229 
-13.206196019707 -1.4340581247901 
-11.362559528088 -1.3075861739337 
-12.4871631383 -0.80679187748483 
-11.794942668899 -2.114318167558 
-10.799255353416 -2.6360081335091 
-13.114047057739 -2.0066860205516 
-11.79285848551 -1.5918494276052 
-12.890662405923 -1.6421880042392 
-11.96746237767 -1.2948207421269 
-12.854586742461 -2.4821397760048 
-10.784066413732 -1.357558215819 
-13.35309509538 -2.5518908375031 
-12.736715034638 -2.1076568893839 
-13.34686332593 -2.1202272418305 
-9.6345757997214 -0.85450606210979 
-11.290838555091 -2.4592196101031 
-9.6255858313051 -1.6463921676633 
-10.511546674852 -2.5848402019623 
-12.912323751539 -1.2150618584664 
-12.055932418681 -2.0939358871279 
-13.886506419899 -1.6809964388668 
-9.2840267343292 -0.94654242281824 
-13.004417264284 -1.6055769291698 
-14.467550477312 -2.1744492059266 
-13.090804970084 -1.695422065617 
-10.043035282766 -2.4504977028635 
-13.415486353123 -1.8121204181273 
-11.36172369799 -0.83801650290111 
-9.7990347710201 -2.180494295362 
-9.6297805860866 -2.2204280382841 
-12.540056865936 -2.0099088058314 
-14.09814460096 -1.9916887713835 
-12.057887927765 -1.3972367497446 
-9.9821587039391 -1.0378200080936 
-10.648057861348 -1.6312461291812 
-13.502333645686 -1.7607818609769 
-9.5030385712903 -2.6148960087544 
-11.1342030626 -0.90127531436453 
-10.773345098734 -1.8281484434648 
-14.057488454832 -2.5304412597086 
-10.019201839524 -2.3019382316641 
-11.468557161886 -1.8517857258687 
-11.282621292474 -1.9248426365624 
-10.63530067015 -2.1241732287267 
-10.489158808205 -1.5022926793297 
-10.748018059687 -1.3869657680083 
-12.127807993592 -1.2937125501089 
-13.243294510322 -1.9123853829278 
-12.450414539313 -1.9204231919417 
-14.419824912833 -0.82099672770797 
-12.996367122292 -1.2107080096373 
-11.550204233439 -2.4886695776814 
-12.145658270986 -1.0905031200214 
-10.25371566928 -2.0146739579474 
-9.9551518371302 -2.4589871744975 
-10.121506214163 -0.79645056717648 
-10.674098936661 -0.79514249599134 
-11.749260857481 -2.3661065786307 
-9.5443311131147 -1.7781563019406 
-14.019224964122 -1.8925739287652 
-13.152860586152 -2.5326014685436 
-10.02395346862 -1.0999033788801 
-11.893593046629 -1.0424457417724 
-11.013822036061 -1.5112060167162 
-9.9997363289798 -1.6852416418736 
-10.491666073776 -0.84333460227552 
-10.518248431434 -1.7144523706085 
-12.150270652479 -2.0777817891483 
-11.337148644278 -2.6425009941223 
-11.694401391967 -2.3838324295622 
-13.848830470338 -2.2566430055826 
-10.339148687092 -1.9678895868354 
-10.032886732932 -0.81402784572694 
-9.3929787027548 -2.2839254867314 
-13.687127750816 -1.1793617541937 
-9.2939392154181 -1.3361235831461 
-13.564722187634 -1.2626338153118 
-11.895317413238 -1.2231199533476 
-11.749459453252 -1.4399747142388 
-11.741755432607 -1.3633783834242 
-14.193660816265 -1.593155537031 
-11.689256479503 -1.5048132633363 
-11.800762436128 -0.94344372221785 
-10.424933627133 -1.5189334344687 
-11.079202878035 -2.2570290330121 
-9.6291072789238 -2.2092787478243 
-14.581280374031 -0.96352295316466 
-10.257593745192 -2.1586540053496 
-12.905246714646 -1.0388240227493 
-12.61706812714 -2.1508936572899 
-12.757275094643 -1.065727294937 
-9.8493682454309 -1.4324081832116 
-12.652351527341 -1.8272595829895 
-12.176193207875 -1.4686803997939 
-9.9041828999188 -1.4485715211075 
-9.9222059146214 -1.4026078798027 
-13.678452661068 -1.133259699981 
-9.2871520513012 -1.6989002933554 
-12.84354188473 -1.4782875848918 
-14.27834978229 -1.6426293832657 
-11.253156140454 -1.5719288153825 
-9.6167585822826 -0.94771030920465 
-13.48892895648 -1.2575321426626 
-10.14524243555 -0.84212453685205 
-11.45725677092 -1.3800982544381 
-13.402072339276 -2.6188895466022 
-9.9672732050052 -1.8562008055855 
-10.21191220564 -1.5660132818444 
-9.5429141670522 -1.2186760806958 
-11.918288636794 -2.4822582721481 
-10.476489178969 -1.8357975931871 
-11.124588804546 -2.3770035523131 
-12.757782554573 -1.7333998883843 
-10.621412622593 -2.1787066364314 
-13.108061209549 -2.4645513670635 
-10.961314629052 -1.0689082091549 
-11.919676585503 -1.7660493471049 
-11.227407100621 -2.2749734234454 
-11.168510318848 -1.5174954944561 
-11.664914935149 -0.87746703956271 
-9.6476878762045 -1.6201751427064 
-12.054234342382 -0.83434194267021 
-14.347088091751 -0.88775415414417 
-11.181101333476 -2.2497831741738 
-13.989299860553 -1.3973302163276 
-14.204545869487 -1.0018351189797 
-9.5095498599793 -1.1155972237026 
-11.763136431336 -1.7407375451943 
-11.897700262418 -1.3562591898477 
-9.3317087638893 -2.3298066976475 
-10.993537394756 -1.6047604709835 
-14.330158098407 -0.79019932683193 
-10.027275356619 -1.3760998734624 
-12.459071252159 -2.2890470867658 
-12.549264673193 -1.1316960342384 
-12.954295224583 -2.397805524119 
-9.3423689330175 -2.4653057650904 
-10.447818056293 -2.1374410821039 
-12.923962705684 -2.0832024582537 
-11.713332804328 -2.3829961779568 
-12.075692374835 -2.0278464106957 
-10.582511452085 -2.4489396772217 
-11.5592401031 -1.1163628594151 
-12.27256632942 -1.8064053372491 
-9.6329865752908 -1.6840033352661 
-14.266616437478 -2.3053005236153 
-14.216837489995 -1.0676027056527 
-9.9054892184562 -1.2377088755391 
-13.588414595332 -1.854650470102 
-12.612670202682 -2.6440533726519 
-12.560394253688 -1.0164363245773 
-12.339577544039 -0.88530255324695 
-14.221191988915 -2.2221551710013 
-12.065945599606 -1.9992356861693 
-9.7259079693643 -2.3587461784463 
-12.233357932915 -1.2852123528679 
-11.977489591782 -1.3841300428947 
-9.8966545170573 -2.0799265148313 
-10.94030475313 -2.2319835397619 
-11.822148128763 -1.5613813077824 
-11.370797868529 -0.97345469004009 
-14.10889088376 -1.8434679096751 
-9.4131209382505 -0.90516376264176 
-12.700935033799 -1.4782858842316 
-12.915541698066 -1.5831322132849 
-10.805725311222 -1.1863924778032 
-11.937409972348 -2.5604375129556 
-14.235426259216 -2.6206184062469 
-12.921364622951 -2.1311510498663 
-11.183494482873 -1.4148918861321 
-10.235741795912 -1.4399685057718 
-10.62002089614 -1.7649332552997 
-12.152980487311 -1.9074099023241 
