-7.7107009582937 -0.73888424217069 
-7.1407350305292 -0.043910993148143 
-8.5647729930355 0.48976014427442 
-9.1183548790334 -0.72589197870221 
-9.1235249009176 -0.88891522469993 
-6.535976916617 0.37283194821601 
-5.9675096032972 -0.32414146703034 
-8.31555483499 -0.60450012901957 
-6.4306384629884 -0.24535564048037 
-6.8915046676449 -0.92623773956121 
-6.051669674647 0.57146922176347 
-7.0103946389319 0.027249612601934 
-6.2892733697395 -0.62252630295615 
-6.3928325493207 0.39832449116693 
-7.9852823526465 -0.83299509451175 
-8.4381954206364 0.6414994768615 
-9.0606792086306 -0.039238896916882 
-7.0894610868701 -0.45092003439573 
-6.8098468208718 -0.5954593002837 
-9.0390963913848 0.44015424924653 
-9.2333072956202 -0.04710789277229 
-7.9797699024675 -0.20953809342024 
-8.1810365219108 -0.024459355726323 
-7.942070195363 0.021591612948761 
-7.6742483981869 -0.61622717214925 
-8.90048162643 0.37194803075298 
-6.0628209019546 0.087499209473438 
-6.4769934734229 -0.32696120396432 
-6.3616137506412 -0.60446699288642 
-5.9579276263514 0.09613899080993 
-9.0732730018 0.66883912215618 
-6.6224221717661 0.11670435030575 
-8.6865827503367 0.13805703136294 
-7.5566502039729 0.69807987571609 
-9.2139183817844 -0.65703399555911 
-6.7256929679791 0.37128254997984 
-7.6458825084742 0.43731221113803 
-8.1842288988317 0.071055500150597 
-8.5908769176135 0.58285751617309 
-7.1200294515721 0.055731282335371 
-7.9319007260075 -0.77691541798378 
-8.5200548607299 -0.46722108773229 
-6.5363888426028 -0.77328486726897 
-5.9499783081993 0.59906950410595 
-8.9349278185052 -0.49114895255718 
-8.1825221990051 -0.87119130256704 
-7.5221183913293 -0.10925146010459 
-6.6077373074159 0.22252737988736 
-7.0799174679325 0.6280494530639 
-8.1130371470624 -0.37279222740359 
-7.9652848619078 0.42850094273901 
-9.1545831219271 0.63442671526074 
-8.1155387468004 -0.39731723206321 
-7.8772034420549 0.068574616226609 
-8.6192128180653 -0.48741656144771 
-7.8233496845792 -0.23260441724501 
-7.0866244957185 0.62927111269253 
-7.3580478146498 -0.87076664887177 
-8.5018557526239 -0.17076451253176 
-8.4285117737174 -0.11085401075862 
-7.90229127056 0.21304729594771 
-6.902105458791 -0.7762358926518 
-5.9489024370759 -0.54754706959888 
-8.2892839505343 -0.75200245319388 
-8.5210524761519 0.68057171998068 
-6.44880466448 -0.68162896250341 
-7.5813148612945 0.039491900784699 
-9.0290133589698 -0.35533820807141 
-6.7589104274414 -0.33378731627509 
-7.3639042331369 -0.81482880019453 
-6.9751749778642 -0.06276056938977 
-8.2076182990981 0.20266704173861 
-7.5322578653152 -0.20514343874773 
-7.7905006040913 0.11068166092974 
-6.3453860594802 -0.88909854597124 
-6.9054727704703 -0.20257488451535 
-7.4258387685201 0.73756028147189 
-9.1666163946257 -0.023341714483409 
-6.577405094298 0.32437750282007 
-6.6518720628975 -0.57189396519161 
-7.5687537769655 0.24582871702086 
-8.0782964168356 0.64440106449943 
-6.7782558089887 -0.32882697851246 
-6.8957119371247 -0.17101323943241 
-8.1070613213351 -0.85741738833274 
-9.1914939415589 -0.81507841795888 
-7.1328717041457 -0.26284933840551 
-7.6985664097928 -0.16425632653498 
-7.5744969978359 0.51303489393601 
-6.6509108633767 -0.1739570144093 
-8.2527670509325 -0.81566450241902 
-6.1185655702946 0.54292812646523 
-6.3147429561394 -0.69885325314461 
-7.2922046786527 -0.032716232224516 
-6.6726714645783 -0.76468888985716 
-6.6305601238097 -0.19991542586466 
-8.7463118335109 -0.37640745851402 
-8.3241458837194 0.45680935744069 
-9.1994687130343 -0.25402213575379 
-8.3502346328812 -0.71494764807644 
-8.2016943072105 -0.87146550209361 
-7.7525954339368 0.23163081631174 
-8.6446038057064 0.74264817093851 
-6.7197211512409 -0.77410569532399 
-8.1693392066649 0.060438670327029 
-8.9569204746922 -0.17115798620419 
-6.9947196575597 -0.93096217716639 
-6.9726760577773 -0.90861109639976 
-6.1598764030264 -0.45980920417186 
-6.9924349336369 0.15583217606064 
-6.5982762602533 0.17648789841394 
-8.301076490897 -0.66651902085726 
-8.6022325044822 0.21574478670503 
-8.8963584501441 -0.84355491698661 
-8.1975890594952 -0.78173648186342 
-7.486583550563 0.73448894428256 
-8.1494510544682 0.40517137061445 
-8.0322108539662 0.055868154419445 
-9.201747537688 -0.78912028716997 
-8.9770316149995 -0.68196715189705 
-7.0030760065545 -0.72509326399084 
-6.9383345567266 -0.4532996725718 
-9.2313720210284 0.74887196147091 
-6.6117593617269 -0.60682349028477 
-6.3092024233149 0.35359744864098 
-6.3529430521047 0.41239110772483 
-7.2486824552027 0.085086318756784 
-7.8430687065964 -0.24541859265264 
-6.9589277643777 0.16776773541536 
-6.338870339627 -0.22888843105582 
-7.4371273254686 0.37766582248391 
-8.2840531969515 0.060314310946567 
-8.3331915086157 0.10727556330968 
-7.7694630218729 0.073610522625405 
-7.5188273867844 0.0098364819359666 
-8.0984570206909 0.65324354876213 
-6.0544209487777 -0.65252799280252 
-6.9418386592304 -0.43427281846789 
-8.6366935277111 0.61015970290347 
-8.2356655054322 -0.10134649361379 
-8.6112460447557 -0.19976068217189 
-8.2496879227365 0.0085025875237246 
-7.0729436015825 0.73071839525555 
-7.437840180906 -0.2701434542727 
-7.5781045669336 0.47631221102053 
-6.9999777890475 0.51362956589895 
-7.7345266243407 0.47308123019821 
-6.927102704584 0.087918362134763 
-8.0690904170901 0.70513076280551 
-7.9378989322504 0.58229485610398 
-6.0759499039286 -0.029391094499386 
-8.4395530903159 -0.71599905808306 
-6.0610100963297 0.71568780278092 
-6.9392243980285 -0.29342094053267 
-6.3155142629755 0.04714359283157 
-7.0868155938774 0.42784316838737 
-9.2745747541775 0.43736492295878 
-8.5130989400945 -0.078092435486229 
-7.4988574552026 0.73977690994671 
-7.9291821232436 -0.77546891889456 
-6.8998143040892 -0.79158470380041 
-6.6662744110098 -0.41191084693089 
-8.9153164664934 0.38782460550052 
-6.3733010827054 -0.67636427377572 
-6.2846881598548 0.41136805790091 
-6.2352306304801 -0.11768664457953 
-6.6740963962049 -0.18231766437463 
-8.8736451502755 -0.37200548713723 
-9.0557441840909 -0.29596957602702 
-7.4842414176211 -0.13159967592323 
-6.9945435056965 -0.92760810894298 
-7.957450727453 0.67463715512289 
-8.4100109100967 0.09589655921293 
-7.3427600417268 0.62381814084924 
-7.8158145531547 0.30063973904131 
-6.2584808543804 -0.75265893173606 
-6.0748006555169 -0.32797321572413 
-6.5995466268991 0.065267391499467 
-9.2719812978843 -0.20561890210894 
-8.3362038807551 -0.5594836215122 
-8.1713795197251 -0.41825637614443 
-6.1337768111459 -0.47419192096583 
-5.9504593555866 0.50341590979701 
-6.009867012984 -0.63456878759953 
-6.5560731510135 0.33780862524416 
-8.9771634920853 -0.6182647616421 
-9.2261444031029 -0.53848967309072 
-8.1518150095417 -0.85581643759022 
-9.2591883578252 0.1771477224353 
-7.5007863796212 -0.45653233119274 
-6.9554970788983 0.080080464522855 
-8.0106214574905 0.39861850137704 
-6.8550471196467 -0.57108959125975 
-7.9162428946404 0.39916428917804 
-7.9210402362096 0.14169597432629 
-6.0822873261977 0.07154727127796 
-9.1338852253115 0.61605537422821 
-6.6878257315019 -0.52365321017043 
-7.6850542965542 -0.56385029611087 
-6.4649989817343 -0.49123484949691 
-7.5985825461719 -0.90364053104972 
-7.1689398778374 -0.80850727551791 
-8.8465466286965 -0.38985970787137 
-6.164021584536 0.24744573321957 
-6.9617624794278 0.24867640381521 
-8.3580439255863 0.035713527922053 
-6.5022067746726 0.70723058058891 
-8.9805061676044 -0.14540583482779 
-8.1943374167581 -0.69734507245026 
-6.011869177943 -0.72313944362831 
-6.4061083377907 -0.64756809651942 
-6.7959165299174 0.47112826947095 
-8.2461372106678 -0.48206997029766 
-7.4760853651821 -0.7633551733988 
-6.2064430116817 -0.18754207447739 
-8.1656783590403 -0.84114186666885 
-8.3159573641767 -0.1309126891909 
-8.4625301911799 -0.630676910433 
-8.2589359993121 0.21746383526556 
-7.5766578205086 0.21205558435229 
-6.0610811062888 -0.5980352785182 
-6.0352885288102 -0.65603263785925 
-8.8545253277988 -0.39501869439982 
-8.6252389203274 -0.51857867802071 
-7.0961540667968 -0.18457809835337 
-6.5231601157675 0.042740045057234 
-8.3443739817239 -0.4721625378703 
-6.153874188386 0.68474246551384 
-7.0980139732324 0.30016369657737 
-6.4650741869225 0.65269213069735 
-8.4787229755463 0.43413780544211 
-6.4048839699795 0.44992007197799 
-7.1628275885012 -0.40609444849131 
-6.1986882909869 -0.10086279240455 
-6.2688727273885 0.46865494808464 
-8.6301991680032 -0.63280335309075 
-6.5535619516092 -0.90972197872652 
-7.2050361493628 -0.11255278441418 
-6.6066019619246 -0.74213854296281 
-6.4149939843342 0.28724954827836 
-7.5737761897257 -0.71706145639032 
-6.0195028029824 -0.17778295202047 
-8.2474059237422 0.076201923393032 
-6.8435425184476 -0.61529316739969 
-6.6324441609198 0.17324410839711 
-8.9926905399536 -0.62575694122553 
-7.6155963209918 0.60171398180473 
-8.2845687142211 0.37992670128773 
-6.9272923545534 0.46471483342919 
-7.4463679379481 -0.72241226283072 
-7.0537635605745 -0.44744982642711 
-8.6645530897166 0.6926420355866 
-9.2771969776997 0.29994431767584 
-6.7025754101871 0.50187423276269 
-7.4443057405371 0.69196679505525 
-7.8524232153998 0.028129588262915 
-6.9392847199373 -0.50277101973737 
-8.690384418369 -0.10683918061785 
-7.5582466220653 0.66566996782009 
-7.6227983279853 0.61359770693414 
-6.3617041107714 0.58993579440306 
-6.2054634503494 -0.20320591499648 
-7.432218950838 0.043272010912643 
-7.4043957054131 0.41893386326823 
-8.7700040235767 -0.85404958275336 
-7.819010979702 0.6266594452901 
-6.422206322578 0.076386728684298 
-8.6412493180422 -0.7263046894787 
-7.5048908685813 -0.39402473450001 
-7.430643244717 -0.75212659316848 
-7.1278217603935 -0.83944377787058 
-8.7218585599003 0.52331945560721 
-7.9348155651421 -0.85692776662777 
-6.469469956524 -0.64858543392836 
-6.8437582163381 0.044718216326484 
-7.0861481423236 0.24213242431963 
-7.2483812769878 -0.86169031375372 
-6.1999863631265 -0.12573436305668 
-7.2977362399868 -0.4825519464867 
-7.553865639578 -0.71649645400352 
-8.3381649831763 0.29283627532304 
-8.2213370355734 0.31784330874988 
-6.4107087117233 0.7354197906456 
-6.0612267062468 0.5066672731963 
-7.1780270346406 0.3288536651582 
-6.1424425531866 -0.81430140597712 
-8.5006942797501 -0.35634685655603 
-7.1635036420907 -0.25330715065558 
-7.6820996145353 0.59776830038581 
-8.6696065007214 0.69673623716512 
-7.0458391103997 0.52666866933414 
-6.0612068370902 -0.49149593523711 
-7.9552989080774 -0.44519210637383 
-7.1217202243873 -0.51274024527917 
-8.3381602380479 0.05410751032004 
-8.2970319362524 -0.76644842282252 
-8.5853328922302 -0.58514858800593 
-7.7808075985921 0.57200860040346 
-9.0076540029426 0.006067126381494 
-6.3150209615958 0.58516287410559 
-7.8741883474707 -0.70772495398011 
-7.6189690491261 -0.63891897542902 
-6.0073507013386 -0.47089064178588 
-6.7661675004583 0.62422890138158 
-6.3249202193221 0.6869223621366 
-8.6699187542978 -0.4570737684925 
-8.404192172202 0.13570942753437 
-6.2968869814213 0.56141714750637 
-6.7755311715243 -0.25117161572063 
-7.3173286232936 -0.37935485663535 
-7.322607941506 0.31402892859042 
-7.7799577636782 0.33241384035178 
-7.7111327744625 0.13319871701785 
-8.6255377584423 0.56863382200454 
-7.7346550759212 0.34551149501071 
-6.7753241658397 0.13184384186009 
-7.2406599875734 0.36877478009589 
-9.1945428217495 0.47945561572286 
-7.0082603852558 0.36751779964696 
-8.3342390299518 -0.61280530278732 
-7.3359062629078 0.56390933910013 
-6.6095822421986 0.37659472639412 
-9.0034612708084 -0.40912424231857 
-6.8952359596768 -0.73767437971571 
-6.8998227645574 0.33083371031663 
-6.2090950454666 -0.73981583114866 
-6.3620886941983 -0.57461247993835 
-7.8186768437532 -0.41566537531152 
-6.6563821578629 0.71622289057656 
-6.3764889460044 0.31636351273642 
-6.466570767568 -0.86199120461101 
-8.5360684905035 -0.79635620687602 
-8.5748240936837 0.69629790592975 
-8.9844180105626 0.0086984501254869 
-6.2651967079786 0.40724672008333 
-8.6442156617381 0.60698279335588 
-7.3041677970436 -0.72787977576869 
-7.3780917186414 -0.45557366471511 
-8.4855749988354 0.33422227657317 
-9.2395453981938 -0.32990341214428 
-7.9020437743965 0.6497362701922 
-8.2227889396853 -0.40015080912933 
-7.2123393926871 0.49215042280378 
-7.3158726117251 0.42268147344897 
-8.2404616862261 0.43420866405422 
-8.7949793272745 0.21333372281109 
-7.5279214565823 0.71094209506196 
-7.1681356669887 -0.10420721860666 
-7.1007278026569 0.68305519323065 
-6.4260186854188 -0.93011080152472 
-6.6360974627001 -0.686086965749 
-6.7220502179801 0.10112664908206 
-9.1676391913544 0.3759680476776 
-6.7844794262245 -0.082245054533854 
-6.7187570509348 0.4361150200907 
-7.4991673079133 -0.19364562303338 
-6.8702457678218 0.50179192094917 
-7.2723290544225 0.60654749860016 
-6.4575847360925 -0.408283550173 
-6.1505291340502 -0.1929048765915 
-8.8618995647157 -0.55011141510991 
-6.1736041070725 -0.53462246072097 
-8.1485535472048 0.18502444308755 
-6.2236805315433 -0.94521608402694 
-6.0659380813904 -0.78245835903661 
-6.3540457914323 0.024730476425004 
-7.1334872432381 -0.92048782585585 
-8.9092593953829 0.16016386504504 
-6.1120674694862 0.47631412156881 
-6.4827222349885 0.56967902825691 
-7.7853435010746 0.27157253056511 
-8.9163175553946 0.042620155083024 
-6.5797153399194 -0.46286692407656 
-7.985620691066 0.72606584765678 
-6.120321490524 0.51121776055655 
-8.4917701087818 -0.50382411866571 
-8.7047399171224 0.48618042321566 
-7.5044704041262 -0.31319854287627 
-8.4541706254285 -0.67814802406031 
-7.7615829130915 0.28993794314239 
-6.4296996363589 0.34449635472259 
-8.3892381991096 -0.028820127624573 
-8.9474053396066 -0.62283733830827 
-7.3887325323635 -0.22817868714413 
-6.621761403568 -0.69326542977193 
-7.1967576277313 -0.0215100698797 
-8.7250730508808 0.067544338245753 
-6.9545972885272 -0.33618395345054 
-7.8158145531547 0.30063973904131 
-6.2145486351932 0.19005062328829 
-6.7662556769219 -0.83465553710328 
-5.9882831697598 0.41476009250573 
-6.6395921369248 -0.48180889276987 
-7.4608215329607 -0.68019829918032 
-7.4264399137833 0.49987910758826 
-6.2566342885981 -0.058997095456807 
-7.5826323342329 -0.45895369811282 
-6.3396244789446 -0.78090590887173 
-6.2581181990596 -0.90003569997506 
-6.3333753829269 -0.24238702277598 
-6.4863006148717 0.59580622036503 
-8.2139613781161 -0.13438061776609 
-8.2285047832676 0.43209785763472 
-7.7034872534193 -0.36636974946286 
-7.6430731238033 0.30878487462406 
-9.2418335448002 -0.32358229607024 
-7.7365315593102 -0.72914614106767 
-8.1766867120055 -0.45025041776151 
-8.4748490531058 0.26570394208729 
-6.3444145265765 -0.41988266256094 
-7.5039743645872 0.56222689788384 
-7.1725591607946 -0.39021956849821 
-7.4855555137179 -0.58202843837816 
-6.7761629512377 0.75366683108176 
-8.5594933106354 -0.38112018399028 
-8.0944116569577 -0.81782644641159 
-5.9700493772271 -0.44308780493787 
-8.0467239614867 0.34024824476896 
-7.2836532058161 -0.22475862092913 
-8.4615409910627 -0.68158512002888 
-8.5527876322262 -0.045918273819307 
-6.1369447467816 -0.50395708153648 
-8.0191919877684 -0.39566232781669 
-6.6739488065559 -0.64870109169949 
-7.3668617626487 0.40555401965175 
-7.9664986496694 -0.87011349035515 
-7.3815356023702 -0.095069623360809 
-8.9265730370373 -0.41486274877757 
-8.7160416092233 -0.868370076069 
-6.7516394001381 -0.18787282659224 
-8.1960885913364 0.2441092845263 
-8.0362881845426 0.14040885847988 
-7.942274678792 -0.37172883861268 
-8.089381426996 -0.018074228392764 
-6.5397795717728 -0.6029891476749 
-8.4369317774471 -0.9092257763823 
-6.9922047790493 0.29912330927701 
-7.5306469479108 -0.21091551492135 
-8.2696782213108 0.72220247978917 
-8.4663674329778 0.032520708473331 
-6.0460166425592 -0.012096917795201 
-5.9615476876654 0.22186865762811 
-8.0310123067367 0.49296574077871 
-7.7373307216941 -0.069993655522067 
-8.123241831041 0.44477542224273 
-8.0383813601704 0.72715133865172 
-6.6831054159094 -0.37176812288876 
-6.6992258026339 0.37257359999893 
-7.1115967973547 0.37970087489108 
-8.9192512312175 -0.4014362664583 
-7.3400823703502 0.05102927922517 
-7.5696204949993 -0.5996261453274 
-6.0141804960602 -0.48730438487284 
-8.2331891852125 0.65905291355043 
-9.1978190666601 -0.093330365260642 
-6.4392686417204 -0.64625781227249 
-7.9714342244147 -0.23186794486769 
-6.3640879581465 0.039215863602718 
-6.6450289266652 -0.064563513204319 
-8.9244377156708 -0.16600310487264 
-8.9053866749828 0.060681827358488 
-7.6569764247011 0.3167962685397 
-6.8032500219456 0.50043498282058 
-7.9599595647972 -0.085925654343445 
-8.404751584141 -0.37488193962765 
-6.0983603754198 0.32046876084286 
-7.1840886425097 -0.38711368595527 
-8.3355512840917 -0.53147129714935 
-7.9405323089423 0.017612172164466 
-8.6627954137494 -0.3190340752734 
-6.7367961627775 0.73752371448318 
-7.9109770055058 0.55064683616827 
-8.0659427954069 0.36732621288162 
-6.6996162511309 0.5709229425547 
-5.9412476869257 0.48235644813079 
-6.4076860320617 0.25950743220995 
-6.3923181321567 -0.17709941696026 
-6.5975749888991 -0.22109125883075 
-5.9678332416345 -0.5714575366068 
-7.2647703824311 -0.37972242266564 
-8.5872130314369 0.46146845878657 
-8.3555821421954 -0.42520322757955 
-5.9721122453884 -0.39712516961769 
-6.7744677485447 -0.3568744320374 
-8.3022892004784 0.6462747941658 
-7.6692493873787 0.32057009956856 
-7.6486939383443 -0.070300677106502 
-9.240409064303 -0.66172594314824 
-7.7270006945403 -0.023674553642254 
-7.1220935626533 -0.82376976537432 
-6.7257397582947 -0.030713757823034 
-6.1952960923583 -0.036090482332082 
-9.0144280572661 0.50935271998048 
-7.4005830710274 -0.41096742894022 
-8.4545589741353 0.32284482228484 
-7.2543619485703 -0.047587988363867 
-7.8962107019548 -0.50272618526324 
-6.7149529298029 0.099667864031211 
-7.6391356891141 -0.24306109894577 
-7.166873736783 -0.90943336138396 
-6.4836142680274 -0.68435942321619 
-7.510921966547 -0.028740913157452 
-5.958287447648 -0.7812750970795 
-6.7872982167998 -0.89245434146331 
-6.6781050674852 0.29682490555988 
-8.6894910116408 0.71789748715236 
-7.7020573644425 0.27183119650997 
-7.84973936471 -0.2019775662981 
-6.4219305390327 -0.61845366294583 
-7.0971778790654 0.23341755068677 
-8.6253761210514 -0.86415335746499 
-6.5451626994632 -0.30753351070605 
-7.160658761347 -0.22160089211263 
-9.0155489800437 0.64897441005506 
-6.7242337286887 -0.6641447823844 
-6.240678038567 0.52412026690906 
-9.0463788085987 -0.41985746951126 
-8.4408199200365 -0.55152376340274 
-6.9796540415735 -0.77334249216594 
-8.7564984706173 0.22886369123932 
-7.533888681294 -0.79606560278722 
-8.8761021457615 -0.19416890354965 
-6.4896667206326 0.63137484709063 
-6.2597442531702 -0.66673361001186 
-7.6652955620339 0.05299958838113 
-7.890730081001 -0.91811679344734 
-7.9374319306314 -0.54210410379672 
-6.0646439028216 -0.10660987510689 
-6.8899403637719 -0.79938855668791 
-8.2976821920461 0.64780517580884 
-7.6572480597971 0.63328370899468 
-8.6290330317978 0.74389837021497 
-6.6917357114484 -0.36976103098018 
-7.7704018869202 0.56513607771935 
-7.1500678700347 0.010954881787189 
-8.4629309562347 -0.61056841545937 
-6.310758964221 -0.78751531640617 
-6.6462039139131 -0.36665858271786 
-7.2617100623715 0.17230479807867 
-6.5159954687574 -0.87578929082737 
-6.2008914946248 0.64475986812034 
-6.3129072120422 -0.87257619260496 
-7.2993715803328 -0.29469432713806 
-7.5063989471604 -0.54255411554738 
-8.1854738770318 -0.88990503480714 
-7.931418010018 -0.14794635910826 
-6.7209138609933 -0.89077180655858 
-9.0408987555159 -0.78565923489272 
-7.9695933860726 0.16431413471584 
-6.2631886549129 0.44102192562877 
-7.4411496922395 0.04131042009165 
-6.8195533776507 0.10408705114025 
-7.123036609107 0.50570669113132 
-6.8587111159446 0.32649357553139 
-6.8526945224662 0.45016534103237 
-8.1147902588072 -0.49776671686272 
-8.8924151785726 -0.55727900810524 
-9.079437358701 0.39840971671435 
-7.0594343744706 -0.17843465430028 
-8.3016133380805 -0.31662150201141 
-6.3111256198392 -0.69192197408528 
-7.1632577241282 0.68813285081543 
-6.1911226856651 0.1208588672593 
-8.7689591657344 0.44515710862327 
-8.4957766486402 0.64948405417926 
-8.5334311089854 0.096525757027419 
-8.173606535485 0.245268857797 
-8.0459308167194 -0.56085730697579 
-5.940704040174 -0.76344762126236 
-6.9050694540087 0.7214812290883 
-9.2747959075321 -0.66517103703156 
-8.5242347096685 0.32210765816454 
-8.0523965792498 -0.34760756693346 
-8.9481506127686 -0.63766769509744 
-8.5530434280752 -0.57201576008975 
-8.5903606808467 -0.41929872283575 
-7.6999851691454 0.68355388997418 
-6.627945844718 0.5199327936312 
-6.4410123091579 -0.84765091620334 
-6.3254100695581 -0.90757950913698 
-6.3322758770171 0.15794828541021 
-6.0621740717048 -0.65551875121497 
-6.2178584801574 0.047967818718387 
-6.5197743652615 -0.15611233771987 
-7.8479401996969 -0.0078691042558967 
-6.0578287658493 -0.33251828591544 
-7.8058718498384 -0.17163588031361 
-6.2610580090665 -0.31376864829718 
-7.6097910186793 -0.33782007859883 
-8.7003637168266 -0.0039013344372926 
-7.442601053566 0.11302124703394 
-7.4858864879448 -0.83281569285049 
-7.7338148672282 0.63762970426903 
-6.676838466649 -0.21499286546775 
-9.0270764315781 -0.28561799294358 
-6.4095612626005 -0.025955801765258 
-8.2834866984614 0.32486053500669 
-7.2170160707437 -0.64854831021549 
-6.4983847646311 0.29398439355635 
-6.6476012694524 0.30903600366514 
-7.5863956001857 0.58172635587663 
-6.3414392592538 0.073776271327999 
-7.3272353971137 -0.53020894978323 
-7.0010011551949 0.65793682733337 
-7.8993151305153 0.53053370746069 
-8.3208854778784 -0.71860825874424 
-6.1978161412782 -0.76291869577056 
-7.9916905625783 0.30292299140255 
-6.7093347198683 0.73880128015556 
-9.1566050930873 -0.7888173778549 
-8.3108647200126 -0.26837427932165 
-6.9970796989097 -0.35966540591973 
-6.2746419076354 0.025222853934595 
-8.1722771532088 -0.69747598333491 
-6.8181810231282 -0.76232444736332 
-8.8990452480818 -0.34636525806855 
-8.1230185043658 -0.31611070325759 
-6.3969831463247 0.18350963660107 
-7.2899749824879 -0.11273912724955 
-6.7505103391943 0.071551575070772 
-7.8757520542462 -0.01989788180314 
-5.9568274908005 0.66669771107669 
-7.9220608906627 -0.48133587071452 
-6.6858959597062 0.16767572927621 
-9.1720060567168 -0.45122365306037 
-7.3927640173436 -0.33551387287885 
-8.2887349048831 0.51207084654033 
-8.1927214517407 0.65259642589812 
-8.6151379122324 -0.52710037687355 
-6.2341972578399 0.066615367921808 
-7.9788607324903 -0.39042502786785 
-7.2288291102983 0.49296195216002 
-7.6350843827571 0.5797909121421 
-7.9130739869645 0.74715019738057 
-8.176661815176 0.54203220277441 
-7.1701898675855 -0.43960327185064 
-8.2777047403277 -0.83061632249344 
-6.0060487544535 -0.34680398683829 
-7.0546377208304 -0.66476106066728 
-8.3188797702748 -0.38599505792386 
-8.8711130208259 -0.08911316485685 
-6.9823698270512 0.028620709025932 
-8.0135943333891 -0.34209777793609 
-6.7043547222479 -0.35176894416682 
-6.6787765371683 -0.5707777447981 
-8.6044523671647 0.32085045979113 
-7.9017535324535 -0.66160154876131 
-6.2769218785139 -0.92825089111362 
-6.7564762392888 -0.018823099503229 
-6.2586450979516 -0.33627972658696 
-8.5172782756371 0.23096187198581 
-7.0559567543214 0.60709180411819 
-7.4475580175456 -0.92204502745522 
-8.5901516802428 -0.55218242808634 
-8.0957792597171 -0.64332467763702 
-8.5766743379773 0.51527971993131 
-6.7778578874626 0.68867223774414 
-6.7949181495766 0.0042306652492572 
-7.0821239244694 0.031437817245306 
-8.1467558017186 -0.74960717629232 
-7.3340133764652 -0.94079336096237 
-6.3610958648448 0.32580953500303 
-8.043677120193 0.72435458306 
-7.1101671530115 0.030771378912232 
-7.4688522704758 -0.20157460490428 
-6.7078847328623 0.28112547811219 
-8.8499884575043 -0.31183091202442 
-8.3199619165969 -0.8445851363966 
-6.2562573984452 0.53753792425686 
-7.1372145759328 0.70957386836441 
-8.0482713787848 -0.41336465601749 
-7.269621887864 0.56531600388444 
-8.8738248841512 0.47974837562867 
-6.3440462614926 0.37665672617312 
-6.7640328539058 0.72245474703649 
-8.6852641177876 0.5437353661164 
-6.0174891437749 0.71112783318606 
-8.9933385201971 0.37157944164535 
-6.3908222839044 0.18361135736163 
-7.3862774358186 -0.45408248762773 
-7.1969893863943 -0.13043609047976 
-7.8310136196493 0.50721079644931 
-6.1900869070251 0.21948831835818 
-6.4968598216092 -0.65445002199754 
-8.2344087354893 0.74058723018518 
-8.2291409567207 -0.29135644086448 
-7.6559127003115 0.25769504045552 
-7.4005211438244 -0.50930089450669 
-9.0890890786151 -0.33404700904302 
-8.4733982868265 -0.11475615199535 
-6.2945705988064 -0.17759444898278 
-7.3418322630952 0.24339078046688 
-6.5548723539474 -0.47276245724709 
-7.3742028047789 -0.84067265739072 
-9.0788915446986 -0.61992799344681 
-8.6290450445628 0.20185832101765 
-6.8120874039836 -0.28918374436175 
-6.7016426406428 -0.65759775726735 
-7.356912953624 -0.20582158698463 
-8.3555641814369 -0.2108581543971 
-6.7871331933269 -0.61285152797744 
-6.6249342399604 0.12432296080719 
-8.3924504159407 -0.44172735940395 
-8.096268800953 0.12971681491943 
-7.2495013758574 0.21797558916187 
-7.0924605418928 -0.25828732507928 
-6.3293689721011 0.32015989682178 
-6.5624139168169 0.61620442349296 
-8.3635571036787 0.57332392357789 
-7.8232785638564 0.045086316064416 
-6.6173483916791 -0.3037670021465 
-7.0286495502109 -0.67462050506841 
-7.1098829376433 -0.19633104497083 
-6.7857953781916 0.25169998548725 
-8.6887359071056 -0.50867206191415 
-6.1226797964325 -0.2074707837226 
-7.0385451201309 0.46495981664755 
-6.521381125723 -0.89587208014689 
-6.3127885831394 -0.79112617855918 
-7.7884696405443 -0.93458855695637 
-7.8457876105741 -0.089616842248416 
-7.8515129596821 -0.37568027394347 
-8.6219420800809 0.66791382613713 
-9.0380911783939 0.12582390829141 
-8.9961387080289 -0.14753417894471 
-8.546429833282 0.42253527895108 
-9.2534814864112 -0.60959109567394 
-9.0080689302106 0.38570015747179 
-9.0755078137563 0.68363642797689 
-6.5621922882539 0.25113390713646 
-7.7482050175463 -0.29832882545206 
-9.0681378251528 0.50307720960286 
-8.9783874032142 0.16242085000982 
-8.2830220042026 -0.74389228348582 
-7.992837744329 0.73667522874622 
-6.2852326737242 0.0084787568323179 
-8.9324747857828 -0.63676493566617 
-7.7021680671084 0.690506175912 
-7.5951734534702 -0.91160276026941 
-6.2418780287198 0.23859397930248 
-6.3427829661276 0.33633341052601 
-7.7006261987067 -0.52757388908777 
-7.6120926858274 -0.69478317070787 
-9.1778148019636 -0.088288607323135 
-7.001797544916 -0.63541834574352 
-7.7591560021549 0.61410536837331 
-8.795190634093 -0.79568033599392 
-7.9752730367308 -0.30892256582189 
-8.8761855765745 0.56582477555918 
-8.7672806241443 0.11950610050233 
-7.1427456640055 0.44806726091247 
-8.2581838151293 -0.088045736464819 
-8.120364257238 -0.47750180061443 
-7.9906757297489 0.63627699145437 
-6.8674149479407 0.2693588359956 
-7.5825218917884 0.52572128741625 
-6.3027793596381 0.38333775473861 
-7.4354523257356 0.22176580871147 
-9.2192704567123 0.29413101076902 
-8.1681086829874 -0.54652228857732 
-7.8167429105758 0.41540053388202 
-8.2404793800911 -0.81334829393287 
-5.9756783990347 -0.93742475024856 
-7.4307469537158 -0.22794138945163 
-8.7142535290812 -0.47619020356149 
-8.0162596145946 -0.32981765485721 
-9.0215918276004 0.089814252726917 
-7.0530910691271 0.74897213000397 
-8.0457002818765 0.12846523136634 
-8.552601733846 0.38163750672619 
-8.5738823776111 0.37733508734025 
-9.0481856007955 0.57256238970678 
-9.2780638254362 0.49159723093058 
-9.0198666749344 -0.13799531064394 
-6.2065795606678 -0.002850952584428 
-6.1854683179794 -0.18111946312244 
-7.9056997314265 0.57837662329027 
-6.7342712008413 0.18870974654141 
-8.4169951878413 0.39212672913182 
-8.7182803523757 -0.21789437390969 
-8.1421040526211 0.63717883251409 
-8.3063246930029 0.46265657157853 
-6.9944149433634 -0.48263840958095 
-7.6089455311919 0.60179691698916 
-7.1421637704967 -0.062423561388474 
-7.029816369819 -0.40062290544587 
-7.8938007970306 0.19463865171403 
-6.2304786538596 -0.16707895931996 
-8.0303864199023 0.34481676030968 
-8.5895907557682 -0.90276279681981 
-8.6872966503853 0.021466887005836 
-7.0092532085822 0.72815003994719 
-8.4871584494398 0.13360611565513 
-6.4915567123137 -0.47301554094836 
-6.3093712143217 -0.20641475639716 
-7.3397256356985 0.3160519053392 
-7.8444582562965 0.47017223433653 
-7.9304188193833 -0.17045354662136 
-9.1190505421434 -0.77073015964458 
-6.0454431352906 0.7019885151444 
-6.9837927405858 -0.89070505722223 
-7.5624101299863 -0.25496216480587 
-7.192360992314 0.21514387698251 
-6.4162810927714 0.54584444462836 
-7.3843049303308 -0.099095699539554 
-7.5806158011101 0.56657016720138 
-9.2646242868756 -0.64770194871314 
-8.2656553105988 -0.50245330872671 
-6.3079664463 -0.053326202330635 
-9.2135144521379 0.70535405676769 
-7.3806795304544 0.23807125013577 
-9.239972883704 -0.71722961303596 
-7.0517965228908 -0.3706720942022 
-6.8719848813497 -0.77052781310143 
-8.1439838882963 0.53880249773912 
-7.7261930943061 0.13758292076254 
-8.8446164855559 -0.94378410439492 
-9.1501552692524 0.65930477679089 
-6.7308619073327 0.30726733519632 
-8.4798898376757 -0.25616312148613 
-6.9297456600854 -0.77965502735666 
-6.4632982647758 -0.29739217948349 
-6.7462291897754 -0.82659969672582 
-7.991775042303 0.28311115157782 
-6.1144542187096 0.43493430331023 
-8.8981201545525 0.18920583986453 
-7.8897955358886 -0.0024278758224034 
-7.3535548807689 -0.51005054866868 
-6.7756459372106 0.46230659488071 
-6.0224295932878 -0.60556684616831 
-6.0489539907327 -0.78588293219346 
-6.3685587221822 -0.90184947824196 
-7.9428100718381 -0.41407710173567 
-6.0679046681556 -0.63114287573727 
-7.3042419021776 -0.5955232796382 
-7.8187874641215 -0.55240220227027 
-7.717193576752 0.28010378152421 
-5.9671086995097 0.12862187344425 
-9.1529993547753 -0.21167147693158 
-7.5148207071985 -0.46712278942806 
-6.5190159464342 0.72563970476877 
-6.0393075690367 -0.58466311944495 
-7.8748360599658 0.49473261514305 
-8.5201051262197 -0.72026696251947 
-6.7856733337998 0.36733325974997 
-7.3865199163084 -0.5941924569874 
-6.9539114226814 -0.22731680735607 
-6.070566431538 0.00014491243965581 
-6.1374618168376 0.37166535464298 
-7.9676597618569 0.63008257456028 
-8.3519310083584 -0.92521905446902 
-8.9374921803877 -0.6622335097652 
-6.1467519245128 0.33258891813903 
-9.0784817997606 0.58550857858013 
-7.4505110432121 -0.29981407502167 
-8.6037131340413 0.28120840036347 
-6.2927668098579 -0.8192242433022 
-7.3350356992075 0.093237298076562 
-7.2946203181297 -0.087374164362293 
-8.3311150792732 0.15690761695124 
-7.5588594384448 0.51568710243606 
-6.4680956756037 -0.59608860653201 
-7.6502820308299 0.040275174639537 
-9.2478336248127 -0.80136455387748 
-8.6288531570552 -0.29414908264892 
-8.5728892954019 -0.1992190131997 
-7.2931423586101 0.44704509657294 
-7.8801614666483 -0.87404836607326 
-8.979754398278 0.54586578569466 
-5.9572129979691 0.73857395292905 
-7.7110537040364 0.3030002558131 
-6.0491849813136 -0.26945574328764 
-8.2444552439768 0.56615895052316 
-7.827274683755 -0.30812812608033 
-6.1936263442969 0.082331009745629 
-7.4289985386774 -0.35125222342913 
-8.7145925181022 -0.56409017501567 
-7.1719954841179 -0.04891400823249 
-9.0256249916357 -0.38621236148009 
-6.4071881815493 0.54220666437392 
-7.3089528324358 -0.00702298417584 
-6.658461158935 0.22690424576348 
-8.5026553865243 0.51805381312307 
-7.2639320256278 -0.10580567638331 
-8.8414252286175 -0.17644630852575 
-6.7119120326554 0.73539505443951 
-9.0336260340772 -0.82129109964946 
-8.0593321304429 -0.60313748182009 
-8.6632739915255 0.16882511476834 
-7.8002169513248 0.063871027659817 
-6.6873770374055 -0.32736281683716 
-8.8828387683691 0.30105766800412 
-6.8622721604338 -0.3737428143803 
-6.4537021414399 -0.75365342805572 
-7.6906010585746 -0.86093001883955 
-8.2077636180976 -0.35511098442847 
-7.3414694641723 0.71138091483722 
-7.8597257900064 0.43467665127293 
-7.7596401721059 -0.83183050949444 
-7.3266833772204 -0.80313093006528 
-8.9918185410587 0.18242200806104 
-8.5380380158655 -0.2755508694573 
-8.0917070712765 0.19860332426462 
-7.4393129967644 0.36220132363729 
-8.2635282059067 0.35669027703785 
-8.0380511387892 0.67905989075691 
-6.4799071580569 0.077286162293844 
-7.9158076239516 -0.36995527773764 
-6.1094912312557 0.58354595339432 
-6.2312571976704 -0.35942183786452 
-6.1926732053422 -0.39823858607246 
-6.1748816595916 -0.0530612031625 
-7.940039471617 0.18310613845633 
-6.3953623534158 -0.25349751914777 
-7.1276636813931 -0.28068125949696 
-8.3523095070931 0.63539019086939 
-7.5621968386233 -0.11739317331617 
-6.5092643015048 0.58728729661387 
-7.7805368837694 0.45934705768486 
-7.9296320248962 -0.75605961018474 
-9.0831747312166 0.32277346698745 
-7.9682614396686 -0.8879147397583 
-5.9919063202434 -0.44072499655503 
-8.831267795035 0.2443912474444 
-8.2837653342909 0.26700859028919 
-8.8002947612028 0.56258026711985 
-7.7364509115195 0.20724891577771 
-5.946280469043 0.3109738241148 
-6.2247265874376 0.6143734283385 
-9.0548425684792 -0.82480390232036 
-6.4167452644756 -0.80538257544491 
-6.692588579977 -0.24569892729956 
-7.7391524090378 0.39230963384843 
-7.9469659315065 -0.58677092160289 
-8.7288557224592 -0.087003659368851 
-6.3162744377408 -0.057633202121234 
-8.2325587189991 -0.85995151323368 
-6.3158024588153 0.57022954457682 
-9.2167347226569 0.65098694801757 
-7.6069864412468 -0.91100425565027 
-8.327985554964 0.16966017406531 
-7.2586429475985 -0.049271958543871 
-9.1432604989635 0.22637839375586 
-6.0407826699759 -0.66097716433119 
-6.7304865085505 0.62013468478538 
-8.4853811704323 -0.74711184071397 
-9.0046877273772 0.45230791069428 
-8.1355215610782 0.51499070306674 
-7.750889911776 -0.16056637633302 
-7.2228500408454 -0.48058945488367 
-7.2286882332813 -0.29774664504486 
-7.4020122455054 0.64660547673288 
-6.8524917113962 0.083865564561729 
-8.4991387268414 0.45350680258118 
-8.4009431060715 -0.58952932819414 
-7.6447057839927 0.056390370286387 
-6.8786138092369 -0.27260155302289 
-7.7968324408397 0.30963109628249 
-8.0139269078146 -0.53047186041449 
-6.7946877636965 0.68704300054803 
-9.1190730019676 -0.32321358634862 
-8.4209615566746 -0.11165434342879 
-6.0549658276893 -0.8985286748416 
-7.2760691275363 -0.48637305396382 
-6.6017425864073 -0.59110025148813 
-6.5305704319601 0.56936922327895 
-6.1940028775857 -0.3017504214869 
-8.5447581933689 0.043862765536362 
-8.8194232845115 -0.055206030761632 
-7.7519949037456 0.2556820116998 
-8.8783961729574 0.51581439854952 
-7.9828259148389 -0.59978320775961 
-8.2818338886821 -0.25473304672079 
-7.0170706450467 -0.6071825492032 
-6.6220051524613 0.43386856297993 
-8.8186997166963 0.53745536769894 
-8.6081181421508 -0.62630244692672 
-8.1947916199755 -0.25589208916846 
-8.0108214415771 0.12336660971659 
-7.114437236012 0.26243026553005 
-7.6762843847782 -0.53839989785776 
-6.2425153682683 -0.93117875185895 
-7.4989214932003 0.64273259315439 
-8.8358475275161 0.121636100978 
-8.3354829825753 0.42631305791478 
-8.1132202508483 0.75356904208996 
-8.9894328390535 0.28024000855588 
-8.02662371428 -0.88950247474685 
-8.3494434656293 0.21715397633962 
-7.5660918417921 -0.67797712586429 
-7.0771447230761 0.28556093722331 
-7.2682041071632 -0.59421103743149 
-9.2113763717564 0.16164548997516 
-7.2784389663217 0.57074162307575 
-6.4772761539845 0.34441396300269 
-8.5493432814469 -0.095954120655996 
-9.2677697312812 -0.7417170357255 
-7.2960847015018 0.48970144179284 
-7.0080475825007 -0.39051777999124 
-7.5458072151069 0.66770832682643 
-7.629971018856 0.48146332315277 
-8.7924688175973 -0.7670989751257 
-7.5572069838425 -0.71945745495828 
-6.1508467954465 -0.11538931104646 
-7.7135703240937 -0.22478971069484 
-6.6445444332419 0.52733965800947 
-8.8757250792583 0.11242877578921 
-9.1558371139305 0.23670796620875 
-8.5937236481622 0.1253107368575 
-6.8070292313877 -0.06083985005774 
-7.1396260134415 -0.090796566733288 
-8.3582711412593 0.20131390342281 
-7.3538651568261 0.03348572472993 
-7.8405623321314 0.54032288838895 
-8.2244204929652 0.63377907753421 
-8.075032016489 -0.17389940243475 
-7.1356963610171 0.70003568651787 
-7.6297475733271 -0.025426084999175 
-6.9598250583532 0.23008316897346 
-7.0273648638591 -0.37271755023369 
-6.6031316529516 -0.49063024107017 
-7.6155682254314 0.28133020994993 
-8.254011693323 -0.68523651050666 
-7.0909560575342 0.44675586698037 
-6.558280234294 -0.22773652491337 
-8.8536108325969 0.1241247607365 
-6.9397357514404 -0.42956710823105 
-7.6681394698892 0.67318658915006 
-8.4001522112527 -0.59230516718602 
-8.3530847018551 -0.3786802419402 
-8.6367310554656 -0.88043483519101 
-6.3265431209367 0.69149350849097 
-8.9986128508389 -0.13394939499555 
-9.2369546225316 -0.3198573232844 
-6.7081560907569 0.30992344179165 
-8.3578168540362 -0.33574885259003 
-6.5340638666064 -0.19882124605863 
-7.2016178705337 0.35322676875311 
-9.2596525932302 -0.3134321925634 
-7.6788900993341 -0.2475602282219 
-6.0433367668157 0.43520155661599 
-6.5529824865211 0.40568909994585 
-8.1545253804212 0.030905730705037 
-6.6164043353792 -0.57451790217565 
-9.0707362476402 -0.65017548397865 
-7.8642260513272 -0.31603297250968 
-8.1771895200506 -0.10353609388889 
-9.0544076369793 -0.5491658054291 
-7.4024796396222 0.41563326702479 
-6.9211618593918 -0.57723039901928 
-6.9334330385433 -0.38320823174936 
-9.1989683089215 0.38367432817028 
-6.8355570243629 -0.71529221840379 
-7.8303147171028 -0.27322394897572 
-9.0769682149918 0.49873917221786 
-8.3412271821466 0.28708850423672 
-7.8486307289597 -0.27616425265405 
-8.6960167050721 0.63838744160635 
-7.7128423453027 -0.33016952576823 
-6.1346686048064 -0.82525310655447 
-8.9658602456889 0.13527625003421 
-8.9064362518688 0.049710618191905 
-7.2994963569714 -0.4828601662554 
-6.1748678432666 0.40524894838627 
-7.7949636672363 0.41981349182903 
-7.2047191739648 -0.28574247448744 
-6.5477892014036 -0.94403565021568 
-8.5059736488137 -0.095896319862735 
-6.1480092881705 -0.16047726995398 
-8.1252213933887 -0.15530039832048 
-7.8816565574024 0.41180582510495 
-7.3707444398316 -0.38983788037377 
-7.4479842259547 -0.82225579043763 
-7.7096292354393 -0.10778464449961 
-6.3645527712376 0.09914757395648 
-7.9231699330948 -0.45717962758739 
-8.7145695815417 -0.51442865715374 
-8.9043054583414 -0.62056425784857 
-8.1000170748086 -0.54466892433829 
-7.8953695062197 0.33734973311051 
-5.9899426083373 -0.70430502023936 
-8.8814470544921 0.21403052611393 
-6.394061104639 0.72088058079567 
-7.2501278356617 -0.77759738366426 
-6.6389902802883 0.21680106567485 
-8.4770303406683 0.66668508416925 
-7.5526427977997 0.44800214316421 
-6.7268621183336 0.54662709038086 
-7.6702827441832 0.10507480270474 
-8.0069269104152 -0.20991679818328 
-6.3819256984384 -0.3770114782442 
-9.1215720690346 -0.81501538259442 
-7.7173514093759 -0.45275800466192 
-7.7860722965971 -0.91405089215646 
-7.7442382955327 -0.22390056471863 
-6.073898910511 -0.28604788208193 
-7.0458237146315 -0.17190557005192 
-6.3408355397242 -0.22343837875012 
-7.7167234879489 -0.14143008506662 
-6.8757071733546 -0.56535101113194 
-9.0499848044576 0.6917075818896 
-7.3327247302866 -0.88000021935557 
-6.4704511433636 0.46690561024703 
-8.9478422041188 -0.14676204817388 
-8.3684336942904 0.33458024226997 
-6.9587950618004 0.59147316673401 
-7.4147104936981 0.40483462431311 
-5.9491812279536 0.7407542003786 
-9.1234399619164 -0.087535544702732 
-8.0701060845902 0.73013016930191 
-8.9601908899557 -0.78398315105884 
-7.3306864669179 0.27680931919859 
-6.064452821102 0.30517800865726 
-6.5583826672385 -0.61443185886413 
-6.9961545112298 0.54677989432573 
-7.6574368762275 -0.90690797614214 
-7.9653519662481 -0.67015550731747 
-6.8640628922635 -0.12802475676905 
-6.633210907362 -0.94039093258882 
-9.0777275013873 -0.30851237468328 
-7.9711719094441 -0.059559696420863 
-6.0099578785775 -0.17440405894978 
-9.1931260878367 -0.84946142252385 
-6.5927566775504 0.51085674514051 
-8.1428274647225 -0.25530533987214 
-6.5802031930297 0.56658346418225 
-8.3971183157972 0.021121789474439 
-6.7809625597974 0.33545849569487 
-8.1775415236684 -0.41844155545857 
-7.5038946256245 -0.1502718157793 
-8.5620842763331 0.1253931587944 
-7.6135910176168 0.672896461169 
-9.1995356430432 0.60150081741595 
-8.829066822945 -0.60137397365898 
-8.6155739401432 -0.79545386982713 
-8.3667589115807 -0.5530130490345 
-6.466042133298 -0.33007568960657 
-6.1131974134551 -0.52941857396606 
-9.1457153491337 -0.34282335209938 
-6.4918266756727 -0.32656882831197 
-6.5087088036529 -0.33061220061421 
-6.9962811466791 0.50054131084957 
-6.5414462149401 -0.40231523691106 
-6.3244013860588 -0.653879697955 
-7.6342121435566 -0.34557293121074 
