-0.29221343262294 3.9525348921324 
2.0923171867188 3.4791165457459 
1.6109071393403 4.3172353577387 
0.79009973676415 2.6949936331107 
0.25427341447742 2.907982466074 
0.64086518145508 3.3303623596912 
0.3546152317434 3.0419668802365 
0.78285880884128 4.2209584099059 
2.1348977364927 3.6336143508273 
0.16364015277106 4.4069246771423 
2.3167258564214 3.356714815666 
-0.46127754436403 3.2686508483434 
0.93957916910987 3.7255225956036 
0.56259809196819 4.0360505190541 
0.68951158245517 3.1678123671176 
1.6608802516772 2.9625507365943 
0.29715257912215 4.0056650210026 
-0.46199281309909 2.7679938140533 
0.99868249224977 4.4139490085853 
0.43923398241115 2.814186326299 
1.063761772725 3.8602811124125 
-0.022445933335601 3.9785948051473 
2.1462812616583 3.0488223577788 
-0.095749918525077 3.9096382015482 
1.9792340763718 2.7179898550146 
1.9779245979116 3.2128048676345 
1.2780183099696 2.9896953500635 
1.5967563161685 3.1296975838146 
1.8035100989009 2.6992966131567 
0.41321136914338 4.1959627274211 
1.0389968473004 3.173927639291 
-0.36377141860627 3.7816398917734 
1.8530884118078 3.7756329044988 
0.049872853638039 3.2858202852477 
0.65795239751049 3.7105043485676 
0.086986730310232 3.6341923248106 
0.78164787377304 2.8263482562781 
0.83576236550424 3.4291097823518 
1.6490910452743 2.7587035450623 
0.4826212484337 3.9719769085436 
1.0716826690649 3.3545600148982 
0.079226061062595 4.2713235438288 
-0.043482073628542 2.6907319572376 
0.26913312075659 4.3579033535746 
1.1189479985209 3.7220573627987 
0.20727512823304 4.0533802088058 
0.87627203162313 3.1221159952836 
-0.33877381645664 3.7539400453792 
1.3982936608725 3.4340666158839 
1.3871340542029 3.1573469309544 
1.5948246607864 2.7150092566074 
1.259684123833 3.2802412239299 
-0.38231199018584 3.051176075221 
0.91906196497775 3.9351385369723 
1.0514398065157 4.4074651364176 
-0.012153470617034 3.1682672030354 
-0.48815719544109 4.3928807199718 
0.51582786665066 4.4271439671457 
1.604030125368 2.9955249858214 
2.1091696781279 3.4486071647702 
0.32467087878428 4.0869164964607 
0.66748406925556 4.5197928616262 
0.10789287944184 4.1767443672595 
0.57886368300902 3.4719732118145 
0.014921718983755 2.975012934548 
2.0113278808605 3.6366966296194 
0.54747724602464 3.2012728592475 
-0.093958713555716 2.7038315629497 
0.62162892343871 3.1022223740255 
0.87513315666956 3.7524731667248 
0.64357552928282 4.0551007345304 
-0.46077241820751 4.0307412863808 
1.8421864691028 3.5895000128857 
2.290379520708 2.9771250756155 
-0.0023841097786994 4.2214694017662 
1.4812071300728 3.7867644409568 
1.6356410942187 3.8783533053819 
2.2674938107339 2.7683844011453 
1.0076975325853 3.3801702879426 
0.66058676212231 3.7579107817899 
0.55542039005402 3.3368683085323 
-0.15323200314872 3.4087644798305 
0.96199239498988 4.5158287193106 
1.2322183048112 3.1690901178254 
0.17462328046086 2.7384269451775 
-0.12964645670953 2.8743926997058 
-0.16907524478259 3.0006844603781 
-0.056798294300039 3.6400616204083 
1.6342387528407 3.2911367859171 
0.4372180965056 4.1927266626211 
0.75201304224789 3.5861291177484 
1.4759729613396 2.9758316792786 
-0.05276696938243 3.9720116057331 
-0.30658017235049 3.4532983004636 
-0.07449497255236 3.942640893613 
0.68079773181346 2.8335199420965 
-0.27562667518044 2.7154680859785 
2.1435046400812 2.706847895162 
1.3775175851162 3.7516210997964 
-0.034104889930805 2.6868655893168 
-0.16484788969691 3.9692979836996 
1.4816881902327 2.7080206909009 
-0.15640537717598 3.0007337408586 
1.6254080050163 2.7185057288167 
-0.20464855935624 3.8784442224994 
0.10560151537417 3.1311102932863 
-0.44779166329874 4.4433912397175 
1.5164972742925 4.1168651322905 
0.58558765985334 4.3415066363452 
1.5897982705532 3.4228732039959 
2.240551573041 3.0110707445878 
0.52440681871618 4.0843332133171 
1.3037131831683 3.8956140468169 
-0.48304610739748 2.7817923451482 
1.1307367340254 3.4332709759948 
1.0112112477319 4.4129927558202 
1.7649962152102 3.1498855996186 
2.1269258695607 3.9452237245844 
-0.096551418132698 2.728471167724 
0.63143820999197 2.9236001714194 
0.7922134911545 4.3157915981717 
-0.29377205985006 4.3389612622883 
0.067117376825951 4.1474836380814 
-0.064452136500608 4.3184571857398 
1.8054186033376 3.3503352624278 
1.0743964677116 2.9957647220714 
-0.21635410775588 4.055944262367 
0.78477754811826 3.0435902017833 
0.91026755491505 4.383694336606 
-0.096623394335793 4.3561002385446 
2.0480906949053 3.0310307954533 
-0.078627145991528 4.1754487980509 
-0.17409263690642 3.9321278322851 
1.4951178374381 3.5873421352671 
1.8173425319807 3.9357404921591 
1.1774628065259 3.5789676219703 
0.9546867948454 3.5383291339211 
0.76626600066812 4.1798211800951 
0.52948079506757 2.9173104732621 
1.7328769444955 3.7833876850429 
-0.35700642495578 4.1729077722154 
1.7727059430919 3.2947707440532 
0.91178882458247 3.4901253910953 
1.5158808891035 3.1812801292373 
-0.24252482101784 4.0241231648484 
2.0453691849665 3.287532657233 
-0.3325590104057 2.6926016002334 
2.0320384664641 4.4900241733828 
-0.070263765549169 4.3289829799699 
1.0631763995256 3.5296534282984 
2.2827223903934 4.1646771531059 
0.97184582628414 3.1903970133676 
0.92056691596239 4.1488624352548 
-0.38449825256118 3.048435619166 
0.5204011327712 3.5047155330939 
0.72282828800602 4.2711394999683 
0.13819244436646 2.7696261372708 
2.1424179898242 3.0230252107123 
0.60758850550949 3.1286108177888 
-0.15010649848173 3.2733688357478 
0.3287826682325 3.7528992065513 
1.8379307069781 3.8808022928906 
1.5350516789591 3.9834450113166 
-0.30041183447935 3.3608974967995 
0.77310669430931 3.838737688077 
1.834411954458 3.8310337289986 
0.061907874855852 2.7739392704915 
-0.15548804609028 3.8871296793162 
0.68390593207429 4.1796142079602 
2.2592482628768 4.4054376390759 
0.21235849704488 4.3870897938622 
-0.080643219247276 3.9494814068569 
-0.14424443435089 4.0089624260689 
1.7587632547156 3.9749605085725 
0.3757588789551 2.8347799791893 
1.6092435488911 2.8766581863713 
1.3387684517771 3.2832736816531 
0.45887113896228 3.5883806989352 
0.62544336300738 3.6588222481927 
2.2819804921941 3.4347025882942 
2.1677906642356 4.3790120048555 
-0.037677725213437 3.0237303833555 
2.1565867322182 2.6998383648984 
-0.12193095799722 3.1581737919528 
-0.31295263168577 3.293702538914 
1.6384880916588 4.4606431052926 
0.060098111062613 2.9893413593478 
0.22845903413371 2.8908759845306 
1.7045877919961 3.213681108754 
-0.44118822507587 4.2631047675028 
2.2458158521961 3.3091304759524 
0.4794914650608 3.7323223244041 
0.1580495739373 3.4801205173596 
1.1465596401868 3.6868212056502 
1.0667894727961 3.3225194172587 
2.1557513841927 3.1282064873056 
0.39898178351099 3.3595405990425 
0.57799652566796 3.5669055140279 
0.78806462769751 3.1845323693241 
0.7051758542408 3.084035688835 
2.2802574725669 3.26386038473 
0.42437642290054 2.8337239623025 
-0.2284728344124 3.4697824696009 
1.3799167649749 4.3469226513076 
1.461318431252 3.7360497903232 
0.97812217119519 3.275862272279 
1.1890999501544 4.1234355420689 
-0.30377132679012 4.0756657383168 
2.0340234216941 2.9742754661764 
1.3910856987721 4.531232259355 
1.6803761940785 3.4247768505128 
1.281939810088 3.7339527932793 
0.18985456413768 3.5214786188314 
2.0728863620659 3.8080666294369 
2.1205421802519 3.5437515753152 
0.22637785910274 4.2472510316553 
-0.34055258524282 3.711168763612 
1.3503069053366 3.1277863194544 
1.4294755907402 4.1408832414565 
1.6283214449144 3.8388381885288 
-0.012503933947601 3.6434781311483 
-0.28995956655823 2.9338748116286 
2.2541613055504 2.952158004896 
0.20143188661572 3.1213334635643 
1.4727787958976 3.2265332113783 
0.26261552173516 4.2010240931522 
1.1302712843777 2.9253373225035 
0.94469402816301 3.63975331349 
0.77587673827375 2.7830272265135 
0.44207069300066 2.897981842109 
-0.36065586798291 2.8703249820661 
0.13462679479312 3.0129194001886 
2.0964420820419 4.2832963192755 
0.54164307507952 3.8025996799133 
1.2131584702976 2.7172365645969 
1.1607552264214 3.6141978301865 
1.0597604212999 4.3833249752367 
0.93453930700977 3.9792121489176 
1.7067315814959 3.8891506506549 
0.49372075577321 2.8849594458121 
2.1184102399282 3.9634139028678 
-0.048121233769862 2.7983933280481 
0.14637473599742 3.7680232334114 
1.1577515912976 2.9337754271244 
0.76195700979306 2.8559153486603 
2.0653687463659 4.0371917663756 
0.15328862389657 4.4778985721617 
2.293560133856 2.7630415307256 
1.1666541337084 4.2149853661351 
0.24437415797944 3.0687489505738 
-0.29273950586745 4.0351148873476 
2.0232244618372 4.0941750760861 
1.962563501611 3.0199848734662 
1.3379391980213 3.3575965525378 
1.8294929239257 3.8793563804905 
1.9036052451441 2.7865997833257 
1.8639455343178 2.9054118607153 
-0.29087967693742 3.4875196602764 
0.86094984663767 2.7247076697012 
0.10864476353927 3.3422933298734 
1.1453014110218 3.5477131827928 
1.0392522708544 4.1130512401721 
0.84201564818465 3.5871901770452 
1.103833623991 4.0824925774117 
-0.37723226530349 3.3206388107319 
0.65906161354401 3.3449992881257 
0.14381274082596 4.3038188344017 
-0.075284849880227 4.1924081463515 
0.934040752824 3.4603704615011 
1.1801603873336 3.1436290415947 
1.9168484309755 3.684089510766 
0.25822153149243 3.3931458983502 
1.5030794372377 2.7959118711163 
2.1321829133523 4.4690596269005 
0.89610585338624 3.1157077992331 
0.28947757353247 2.8745111930772 
1.5754586464887 2.8676438540595 
1.4050271023114 3.6123729465873 
0.2300159801429 3.8229940704073 
1.3017840563841 3.466563190465 
1.3274021951718 3.6377019702992 
0.46423259295845 4.2371931001533 
1.5075810087085 4.2119573108325 
-0.47384229021844 4.0916353116545 
0.95547662587361 3.4945190002587 
0.74937700977725 3.5485746527731 
2.2095611738854 3.483792327169 
0.95087564301416 3.5325265295361 
0.35612829375447 3.0765243130193 
1.8711852244087 3.8941814663267 
0.23129858140363 3.0975975974179 
1.9709500440253 3.5620745744208 
-0.25361616370628 3.7974287019667 
0.80431877817647 3.8784074530789 
0.32800731153267 4.0044581549004 
0.48338008514867 3.5759987377431 
-0.069218195781315 3.408143741488 
0.56919801919866 3.815910254263 
-0.49068183721286 2.914174371043 
1.8110585959849 3.9771489006234 
2.2796882625476 3.2085085314033 
1.9794590881127 3.381479934124 
0.46851281252663 3.7104688621731 
1.2862542117888 2.8453370326162 
1.6050694117006 3.3329047436775 
2.0919601932059 3.9062408734668 
0.37620158921621 3.0019107667335 
-0.49809162749262 4.1883436963842 
0.38300112880733 2.9978372254542 
0.66710663972396 3.8233878866255 
-0.44004624110526 2.9639836802505 
1.2299265523459 3.6448794016235 
1.6770461258528 2.9453202044893 
-0.053484485175451 2.948498362813 
0.26670018115858 3.0729097751078 
-0.45094822748462 3.2257412236902 
0.59362083306713 3.7813296530567 
1.5984918446603 3.0047000135139 
0.16441129542117 3.1855418647878 
-0.40332760674535 3.1621212489243 
-0.2636941735976 3.4911851135232 
0.64764384984282 2.7377473295724 
-0.26212380914198 3.7963916888065 
1.704684210143 2.7440640426195 
0.036949096419511 2.7593939114493 
0.83302469583508 4.0926582653487 
2.1492407068292 3.4652209521539 
-0.089881754856291 3.9317481757428 
2.1833321277278 2.6992245319764 
2.0535049716678 3.8046698493217 
1.6014091514724 2.922440326627 
1.5323009297854 3.1750867881562 
1.4835807015006 3.9464770229489 
2.1145540551605 3.8754814101955 
2.153268820416 4.1194585672839 
1.0771824765888 4.1277812090106 
1.6417105901706 4.3978754188257 
2.0808380602424 4.2125241784736 
2.2352982029328 4.3027522029182 
1.2855119097881 3.7369231004119 
0.21600501319927 3.6236910251354 
0.88962531985339 3.1150926473178 
-0.20857584723594 3.0553930418738 
0.021260469398025 4.1577167204188 
-0.058774321121974 4.4173198346191 
1.5815440501317 3.4447943413591 
0.15145864795202 3.1578685356374 
1.587945666339 3.5908172579716 
1.9520551421892 2.7232576472004 
0.14085316777642 3.7228581342361 
1.7008135864987 4.2724532631775 
1.5166297021851 4.0974146708789 
0.60153489670194 3.3163205206286 
0.96731289476988 4.197229643251 
-0.35011483547448 3.0242353542291 
1.6740666043532 3.4367084806961 
1.7887534238165 4.1906251649274 
1.0872068171208 2.8267629530336 
1.900525918253 4.0565023742494 
1.5824321375019 2.7706027559852 
0.0048150641113022 4.438071135013 
1.8205187075873 4.1147846509008 
1.6724800546929 3.1635851426231 
1.7991693970755 3.3586108866089 
1.8022977965882 2.8343807343572 
1.0670380680073 2.9774664573359 
1.1473149463972 4.5193685797792 
2.101001533222 3.2854661944957 
0.18098099027892 3.9089019148114 
2.311660168879 4.2881976314624 
0.8961004219061 3.4458053108875 
1.8112004398739 3.9545112513197 
0.12306829712732 4.1014159871698 
0.2805245026887 3.5717185492282 
1.618304400718 4.2524716753867 
-0.1953721341089 3.9769082245694 
0.10554698159111 4.4091600977514 
0.10178379999142 3.5129331159249 
0.78158893766536 2.884298116913 
0.71683952430228 2.7776508220429 
1.0101478767459 2.704755773004 
0.23384276530691 3.0357141494306 
0.62807819073595 3.1606617869749 
-0.26267357198008 3.0644575513124 
-0.37984519836327 4.3753785700285 
1.307487989251 3.5388633510919 
1.2871414653505 3.9841568270663 
1.532927300008 3.8846429068757 
-0.10090106195599 4.3871868538895 
1.5284476932287 3.9342520016032 
0.049262351198031 4.4942326484391 
0.36106639400799 2.7264571543687 
1.934026308321 4.3228325765579 
1.2510591078193 3.7365049374281 
0.80028092744595 2.7293185616341 
0.2716367609579 2.9626403630296 
1.3719018778372 3.3234967876164 
0.84937054814733 2.7140523776205 
0.85218502436359 3.826324375406 
1.0337890404653 3.5607203585279 
0.44587933638453 2.9812276140853 
0.071116367752017 4.2154323416213 
0.71739669193906 2.8222400833247 
0.35110316052322 3.4424805083943 
1.4183203789047 2.7299164764607 
1.4138496455282 3.5221840874859 
-0.48960553922658 4.5021341534998 
1.8785632837882 4.3674106657921 
2.0941925222394 3.4861991956742 
1.4632022779493 3.7577614843 
1.9030185596896 2.8449938032276 
-0.37387559281238 3.5749744853944 
0.37628770663916 4.3034029215267 
0.48167733572709 3.9178005595742 
0.11522895013849 3.0125129396024 
0.84170696177487 3.9184843151275 
2.0862925687867 2.8912260063615 
1.1188374259715 4.5099416691284 
0.41481793774864 3.6198278355329 
-0.415153519152 2.8337207991489 
0.92809380887006 3.1108944656298 
1.1921003537865 2.8722811449054 
0.98940105014799 2.7832812315575 
1.1858533354385 4.0165586727074 
0.41890487181764 3.377376911412 
-0.23256908765731 3.2366742649268 
0.16971133285749 3.9349674838169 
0.027016834687421 3.9817643314584 
1.6446053056587 4.1875335658136 
0.96902984241659 4.0493847664204 
0.78527874281135 3.1636943961638 
1.7250199912064 2.7524801458408 
0.24855033946145 3.9108277903574 
0.36155630351024 3.0743171832252 
0.55800815138085 3.2832179021829 
1.739334091061 4.1078267313693 
0.57526167835627 3.1454747206913 
0.4085537137778 2.8534715296306 
1.4930392869067 4.2391238687182 
1.6895972198267 3.728008236862 
1.8549616319688 4.4071161932154 
2.1428687562269 3.9746120626666 
0.67235049975679 2.7353105658935 
0.50647152100697 4.1837877411416 
0.89047553599941 2.6900173654339 
0.13496691681113 4.2523240847072 
0.81364979210753 3.9725382116681 
-0.15960304202132 3.0305556015762 
1.9188007815766 4.1106456447707 
1.0218635757958 3.1227185291239 
0.39383116916971 2.8290266573402 
1.2106091987389 3.9579145602589 
0.13187623758097 3.9007264585704 
0.14783310361856 4.2611223410643 
2.2955454049051 4.2051305518713 
1.2555480145774 3.9987941625024 
-0.15651453302107 3.8434470441044 
1.7508161699496 4.4088547523538 
1.4717950449383 3.3740032080212 
2.1737443450972 2.757418112555 
0.45987884762755 4.2851751526361 
0.91830601535251 4.4990311163422 
-0.4401325535597 3.7052786554836 
0.49267388376043 4.3165927755864 
0.27964401106919 3.7927390702971 
1.1258556848581 3.4986940584716 
1.3359752508212 4.4872915566583 
2.2100100470165 3.0247144404102 
1.4224295419362 4.436778780172 
1.075643456051 3.9053835152611 
0.60121061122431 3.7304923521312 
0.32347218317337 2.9497946679385 
2.0181727794764 4.2664253326033 
2.1387483930747 3.6218814956728 
1.3102615347517 3.4376233813022 
2.0689788148663 4.2147798641524 
1.7880464026752 2.9057009065843 
0.17241624443196 4.4258322595878 
2.2614682831102 2.8308768829796 
0.40781002467522 3.9086518310053 
1.3659186819319 3.1289292790999 
-0.07814445699333 2.7222210435915 
1.8236055465316 4.3738090448649 
0.13088611654604 2.7600877982705 
-0.34311032845509 3.1513889464204 
0.84900026245046 3.2404769495057 
0.53585689786566 3.3238301894859 
2.1061540015319 2.9260688975402 
1.983495164349 3.079518739791 
1.7161094907672 3.7409150207883 
0.20294430863412 3.0947678098572 
0.079453378426727 3.1803175214618 
-0.1197419612852 2.7525226093819 
0.5202702484531 4.0106291238462 
2.2143183986282 3.0232394206984 
1.970919507723 3.3306311929705 
2.1785748226431 4.5080825817511 
1.512639538719 3.6511094899355 
-0.37921245747246 2.9902079648414 
-0.44999736800405 4.4307389699297 
0.33653672487587 3.1100299410821 
1.2658030588571 3.7620530419977 
0.14195473387802 4.1273953288879 
-0.020310707908516 3.0994008549583 
-0.3934984736784 3.2978962007822 
-0.45444288286141 4.500440661451 
0.97125990365785 3.1045438421869 
2.2440268136681 3.0930821526752 
0.33076225011781 3.345510851149 
0.974697375635 3.4077233301948 
1.0309045760767 3.5868554023519 
1.6955425607458 2.7902622351232 
0.90006146398577 3.2246953830621 
0.81295877485449 3.8706971492606 
1.9268670334701 2.8323619450998 
2.0095514467744 3.6419833211606 
-0.37784367633535 3.2682577007836 
0.9126368920393 4.185914676711 
-0.26140990525372 4.3818415698246 
1.2762715374362 3.3226086665809 
0.29139322777464 3.6320898414013 
0.40606172398849 4.1866643612002 
-0.3310345970086 2.9498146824913 
1.9622113821631 2.7961814344673 
2.2475940816432 2.8327057243072 
1.7941447100993 3.106209952554 
-0.20005302977319 2.8824417626754 
0.11412790514717 2.970533377355 
-0.27229548347735 3.384489035132 
2.1181643477159 2.8363075307549 
0.21804092512731 2.9140597049689 
1.4836156312259 3.7780115969136 
1.2304736007741 4.1631789383303 
2.1621544220226 3.7846192195052 
0.050875257015747 4.3412383802507 
0.67870927774892 4.3985407225955 
1.5574238101384 4.1571240685986 
1.313298852024 3.2032068106857 
0.81979131451618 3.0064641810556 
1.8855213264091 4.3228561028926 
-0.14408309708677 2.8376992696434 
1.0327839094664 3.2817771018838 
2.3154333862144 4.4559190861207 
-0.26293340518802 3.2021569510017 
1.381791180152 3.6390186080619 
0.2451779659435 4.4491066384205 
0.32676554650085 3.2447591725263 
-0.33519558017755 3.4627998951679 
1.7089893635872 3.1853986003776 
0.24927931848488 3.5073860239287 
0.7141966286102 3.3360653103987 
0.013960243125954 3.4600454348568 
-0.37610346972336 3.5615427951673 
1.5942968508317 3.9905378107702 
0.56350237652635 4.2397903287744 
0.34109403466091 2.9730616083002 
1.412703588059 3.924785797759 
-0.13495345775359 3.2303594680551 
1.3290764392181 2.766632108321 
0.12666063980563 4.155529106352 
0.017693918526895 3.2704057307035 
0.47886155076037 4.4183916740392 
1.4869800586212 3.0706342545752 
1.390458909949 2.8614648729503 
2.2627138105834 4.416028608001 
1.3239002516269 3.9346666866299 
1.1228522366118 2.7359740301781 
0.98100527276234 3.8358108267012 
1.771942649367 4.3743091189344 
1.0771906991252 3.7126221507024 
1.5821305019516 2.8509331890705 
0.23943960024263 3.9823246856686 
0.81667057871534 3.1082557367417 
1.6834472786786 2.8924006810019 
1.1020393604787 3.9970295856541 
1.7170461549285 4.3976163581692 
1.0523555298226 4.1092180628462 
0.17125287275001 3.530472767748 
1.775705460046 4.170662306333 
0.85473269572066 3.4523197890106 
1.5113171484107 2.9272856388686 
0.91827870366327 3.8586648508595 
2.2137471893083 3.115680192085 
0.016992756528645 4.2391224920549 
0.31377212483353 3.1801054716967 
1.072089794343 2.7150966946094 
1.972606813782 3.6782309180153 
-0.27803740899293 3.3832513194752 
1.751220485559 3.4132396956406 
1.2319031227488 3.957951647964 
0.31461460817742 4.2588161612677 
-0.46524933274261 3.6873481985622 
-0.21730307909572 3.3462495799019 
1.6760496621597 3.5040107869148 
1.8375487036682 4.3039038388316 
0.64469841484144 4.0734126195674 
1.1111810075698 3.601772211105 
-0.17170049807688 4.3514926005909 
1.9972456697637 4.3263262947509 
1.2049865968385 2.980298892649 
1.5344164333059 2.8854558615385 
0.73873687472366 2.9919691141222 
0.65105857810592 2.8690404413462 
1.7686582517725 3.2060750857543 
2.1122574545537 2.9982237045973 
1.9198500509777 3.5804288345947 
0.62132623529058 3.1652974603252 
1.9406771157727 3.0899033171306 
0.86912711530881 3.8685560187042 
-0.40283871884571 3.0406274014031 
1.3895126445646 3.660212513245 
2.1514068532076 3.7384324216885 
-0.19063598548514 4.0353211921385 
0.66887759405306 3.0284189615353 
2.2626278918946 2.7322049476219 
1.5397053352281 4.124480496271 
1.5535113164779 4.3194107622638 
-0.13576816676626 3.3100708659593 
0.60982772058421 2.6867347436942 
-0.23579316522471 3.9503193938016 
-0.21553112900416 2.6889371720245 
0.54545442251283 4.0114771232778 
2.1827608369581 3.0624911548703 
1.860269763993 4.5364497684184 
0.58360858997643 2.8115440006235 
0.18647678984663 2.9269760910016 
2.2638148675913 4.534881720557 
0.73004167321736 3.5882178534591 
1.4127793550346 4.1941833880743 
1.0939730297262 3.8878517253331 
0.98080637428998 4.2767546994636 
0.66802907469049 4.3996099222137 
0.81177508819151 3.7473414111656 
1.2323780871479 3.8017904245326 
1.4158853466092 2.8758790406349 
-0.067908302393162 3.2904366226421 
0.77403529656773 3.2608116377115 
0.22553065702148 2.8063325921182 
2.1965598562856 3.8091478540454 
1.9401545348987 4.5388438154388 
-0.056066419925106 4.0391506386941 
0.051002396493225 2.9544093514722 
1.3222006601931 3.9144669665889 
0.82712207087073 2.8603523808539 
0.49321713138503 4.1700896626309 
1.0784541606482 3.1164905484868 
0.49110636718445 3.5488326296903 
-0.29588521457836 3.3522952299334 
1.6936068186769 3.3878981168487 
1.4301045793289 3.3358763415406 
0.10405368375929 3.7435722843383 
2.2608266446315 4.1108492999311 
-0.40613262912401 3.9348938261516 
0.18886613382707 4.1891440306388 
0.036835187944464 2.9904102874325 
1.1006925798091 4.1522766768678 
-0.14828819321114 3.2203205610929 
-0.0051298048284445 3.4659680256611 
0.75553711337736 4.0867433157786 
1.908100312851 4.1494133654274 
1.5371539508226 3.7674192861071 
0.75886775463674 4.5297095797498 
2.1254323137115 4.4624054943388 
1.4390524434301 3.712400033433 
0.10161159704784 2.8142391759468 
0.58605149123819 3.161888157101 
1.8583263716592 3.8930508354795 
1.1554059659729 2.7684680653587 
0.88081569839747 4.4804143401202 
0.093105094065988 3.073540804294 
0.011845494267807 4.2740836709768 
1.0169612960453 4.2196384982333 
2.2566260831837 4.4071116132254 
0.77331793943301 4.4105814936743 
-0.023022034881962 3.878892797349 
2.1924000149728 3.18946955126 
0.1000219809769 3.8940937548438 
0.56281174059114 2.7034214991025 
-0.38227770224753 3.632042457668 
1.8270626477615 3.1622471346388 
0.54180463871154 3.7706338889181 
0.69229457536087 3.778194911477 
2.0328216763984 3.3120995800213 
0.80998508843736 3.2973925282311 
0.59214716563372 4.1011117771732 
0.31629204652074 3.1027040353885 
-0.45776521618374 4.4803719176057 
0.24757709743097 4.3152746777785 
1.0562070686561 3.3915600939736 
-0.28514697414611 3.0383912729463 
1.9075094708236 3.0912421043303 
1.2964685765309 3.7767231577381 
2.2236488628365 2.8772051806829 
0.24791767618068 3.7445519360184 
0.97717174045429 4.1706824141982 
1.3182041335914 3.6453376184768 
0.94745362079023 3.8775185553228 
2.2694378882595 4.3433231391676 
2.2041064602551 2.9001138112 
0.7891591968493 4.2698572333563 
1.3605137168282 3.1254347869174 
1.2271539985786 2.9406881994594 
2.1284922627775 2.7795671986837 
1.4524214126466 2.712127709265 
0.40499774792792 4.176020228108 
0.34375438558077 4.4085994655582 
0.72815374273462 3.9325916551913 
1.5447707647456 4.0027443263819 
1.9832405993118 3.7651426253565 
1.665253692329 4.5345568788656 
-0.050579739503241 2.765883086418 
1.3581576232065 2.6847081632814 
2.1569287563958 3.8178923293508 
1.457016067334 4.0189176911284 
1.8795015380321 3.3047269777338 
1.4809099133635 3.5216185320363 
0.38224826325013 3.515290552453 
1.7537710010008 2.6832984693245 
1.9592947851352 2.9479297982212 
0.26624900121848 3.5285061522594 
1.0489862134446 4.2603004978753 
0.10405092392611 3.4112409974809 
1.252443213326 3.0554161798304 
1.0108666275942 4.0192453343265 
1.3398637096656 4.4441995538981 
1.7819362315771 4.0641313853149 
-0.022342824087772 4.427525619428 
0.65774795021819 4.3234545725424 
0.61550662892358 2.915368051837 
0.84412277204604 3.1618566781345 
1.0583585615021 3.3488093658532 
0.50014121416547 4.5216030050807 
0.40108882781641 4.2455058439762 
1.7487690719887 3.8840240099589 
2.0195820463752 2.7843643441697 
1.8340183232921 3.1279675215722 
0.91800698761436 3.6888441838686 
0.82232736930029 2.865516635769 
0.76384898538107 4.1118802138906 
0.41963658875915 2.6928177937049 
0.079823540333817 4.2905790550727 
1.4808019359296 2.7138453408015 
0.69820978639572 3.2175269776803 
-0.0075536438368005 3.8606004222357 
-0.28139229777498 3.4918760500849 
-0.083303557082054 2.7368344806398 
0.32811610392628 3.9324846704463 
0.4829707664782 4.3941548286027 
0.61157916540077 4.2369271698483 
0.12990285780055 3.3070236201502 
1.1712854233786 3.0091337171672 
2.2582024412503 4.1798839972502 
0.44106243010623 3.2558996827111 
0.908575665566 2.7570328417636 
1.9050539600692 3.3470828626386 
0.11775079987077 3.739063509647 
1.4607770165508 2.8155141225401 
0.96698588264769 4.0001831798424 
0.91983058217886 4.1627685493685 
1.0918333846072 4.1151710868349 
1.9245084211928 3.0993344725356 
-0.26904893317385 4.0590720500892 
2.2186062515717 3.7792039837303 
1.7816849340136 3.0374744903264 
1.8036890993522 3.4244857157297 
1.427200106388 4.1968940249566 
2.3078374641971 4.0741920479358 
1.6486438849303 3.6895030339132 
0.29092103541529 2.8707808564209 
1.2257721797157 4.4437688549031 
1.0024906233575 4.491006603438 
1.5434505745148 4.1688653622339 
-0.34678629053049 3.3224663178722 
-0.026777512224877 3.9675020529226 
0.34315216732363 3.554486022195 
2.2299846487784 3.4506878648163 
0.90854184372457 2.8808855564917 
0.47030743447079 4.2797762092223 
0.8586020922782 3.7897406703253 
-0.063278279204046 4.0957183038883 
-0.064822176722859 4.3567596895521 
0.79996254760821 3.4384979063674 
1.8878708086044 4.1804132907036 
-0.13868900925219 3.8700931230023 
0.96882018796239 4.4248956211198 
0.37768632547062 3.3547503122297 
2.1866564892484 3.6298780848222 
1.7718208149176 2.8920324588731 
-0.1383422750562 3.0395724365953 
1.7329428859283 3.4706416292483 
1.7987763803937 3.4978365630789 
1.3139177715097 4.375981798948 
1.8963695296429 3.2846057318578 
1.1756021793345 2.9946303603546 
1.8782268704981 2.8139835971816 
2.1541516372929 3.4609295380743 
0.60652718682079 4.2199682135738 
1.7347189947337 3.2850098044854 
-0.3031191155507 3.5787132595204 
1.7105749192377 3.8401146402434 
0.55098801229898 3.1702061180833 
1.5282831739486 4.3365723840225 
-0.18804454715727 2.8123072971896 
0.66451010159999 4.1087996201424 
0.41731782771369 2.7899272046612 
0.85175693627982 3.7233087358825 
0.028088557141546 3.9563341487469 
0.6552266873089 4.0866371523784 
1.5094359193897 3.5698046536318 
0.67782773456647 2.7402061271283 
0.5811470263873 3.2902042299492 
1.4654630822395 3.374747557702 
0.15096765830667 3.9989181207703 
1.5313023744974 3.3306752898122 
0.18174586231724 3.1397605225577 
1.4850062225888 4.1066325790165 
1.311680555046 2.7811656688575 
-0.34362371799557 3.4630054195465 
1.022800940265 2.9610667500636 
1.922709323445 4.2785388362898 
1.7633300577364 4.2819993825164 
1.9955200240675 3.3046027569297 
-0.097446439315297 2.9967378032453 
0.0049522588786694 3.0804490038582 
0.44650719605101 4.3876450898273 
0.45028504781654 3.0278306302234 
1.7429757548047 2.9620778572647 
0.56816233513275 3.0482166671894 
1.3692207194175 3.1075591209513 
0.79826194988716 2.9724930887537 
-0.10459650208296 2.9712036105809 
0.43396071263553 3.6018177574894 
1.2062639906323 3.8138687661403 
2.0456086867875 3.0137494936974 
1.9152413007374 3.6972612012613 
0.1837575397871 3.6537254365173 
1.5577523191712 3.9708431192072 
0.43788902901232 3.5347557045225 
1.0600503595087 2.9588615513694 
1.5711016673008 2.889675171585 
-0.25548879284811 3.961467189731 
-0.28942637319417 2.9142535414324 
-0.12497043268809 4.4588057984385 
1.4937907107106 3.9342629657864 
1.0404379076151 4.4552825449765 
1.4949501015442 3.5039831827055 
1.8771087540449 3.492653879739 
1.0910333990465 3.5952765452103 
-0.0092256175092925 4.3781368477445 
0.87967560269116 4.5333378197404 
0.41185037755494 4.4737393799395 
-0.39271449744966 4.4297742110326 
1.8219781998673 2.8250292092652 
0.28364047338653 3.173982153301 
1.8479534963922 3.7586511543966 
-0.30146895741952 4.1316334471755 
0.72826926083128 3.5666788831691 
1.6568888159857 3.2441067454885 
2.1390900241519 2.6902755614768 
1.3137303945157 4.2821181741489 
-0.26149564985412 3.889203807304 
-0.25582499857491 4.2272004675245 
0.29705685933786 4.1852493242365 
1.9821113983292 3.723950575282 
0.87639789083416 4.1303782664283 
1.1748634528593 4.4468298170622 
2.2761837825209 3.8301790636471 
0.47244039176274 3.1950200522223 
1.0356946908528 4.365734422094 
0.4226309855751 2.7676908987508 
1.000699436154 4.4556068391396 
0.98890429137671 3.0136274931623 
0.82751498502746 3.1572770947363 
0.80859013868908 3.1750313627717 
0.28191188198689 4.2888063853224 
0.32942326527243 2.9788432278513 
-0.47653679956613 3.1246979028153 
0.9493914052121 3.5109287611884 
1.9601226162473 3.9869453033401 
2.1094041104087 4.5384575091455 
-0.24344164952708 3.0908735794715 
0.817266223852 4.2551004177287 
-0.09810114790403 3.1909155323602 
1.7615142486344 3.8109410419218 
1.239314743522 4.130405843147 
1.9868911739492 3.8438736800406 
1.5506914394652 3.1652779320764 
0.17838516438681 3.6221668088079 
1.4657894569435 3.5024091289875 
1.2707533107626 4.4903534928986 
1.6123216522043 4.5099570419889 
1.7534656406736 3.6602271439871 
1.2184257632661 2.764252977469 
1.9616733584013 3.2642145620973 
0.76963723045065 3.0720990550437 
1.8009734665189 3.3421090527324 
0.21006526259477 3.151999395333 
1.1183675639192 4.3100006981704 
0.83541094967771 2.8536205666889 
2.0217047938309 4.3210294677698 
0.83305435740227 4.1052211207245 
0.13043489806975 3.1324192141051 
0.50332659690059 3.4527818072813 
1.741330486556 3.9610067056723 
-0.0039759326451904 3.9637571320323 
1.4763193233548 3.2318645549509 
1.0470935030029 4.0996170972492 
1.9324686246449 3.002660956539 
-0.25764869470158 4.3376898848563 
1.9441779235464 3.3732911195764 
0.047945656244108 3.9322416692575 
2.2728831238524 3.0051295021185 
-0.047248249536052 2.7629613988968 
1.0447424852761 3.9654416538678 
-0.12623882498704 3.2628702645191 
0.92629464730813 3.5847795350842 
-0.0052756106842157 2.992297689741 
2.1779427129128 4.1631244047024 
1.2095123076578 2.9661423732595 
1.8842791727928 3.0273399864038 
2.2024586638047 4.0488488040038 
-0.3817030574203 3.2079820471102 
2.2170531973726 3.4963847676358 
1.6776976182746 3.0306768104195 
0.14983061043568 3.9810038211635 
-0.19463863186396 3.9692779210057 
1.653219048845 2.7076350216628 
2.2667628662931 2.6818254374144 
1.3937821332355 2.8050073537902 
2.2816637171012 4.3605410891037 
2.0199755406946 3.6548344663172 
-0.39102401168241 3.2626372765151 
-0.30359525710282 4.1721573400526 
-0.19010787099576 4.0962955757199 
0.016919823737692 3.219019328965 
1.6911824369849 3.4273679066783 
1.9197833885309 4.2251280339262 
0.49658455374586 4.0526129615122 
0.32450540920772 3.8056218644391 
-0.0070134287351715 3.3041593798388 
1.4938974112315 3.6096784162796 
2.1045404399532 2.7639922481745 
0.87371971813947 4.1125339512097 
1.5631966730325 3.3578775147353 
0.85697177095575 2.8501414476705 
1.4934555141188 4.1853088838885 
0.58154320597694 4.5382057490816 
2.2847947322206 3.8766057473094 
1.4219380857204 2.8511700277722 
0.87295780992575 3.1594450376544 
-0.4964402075678 4.3388156091779 
0.90042673030098 3.7486338415554 
0.42151378686241 4.4759618729437 
-0.30030104488938 3.7439780734648 
0.28939851883064 3.6125539015405 
-0.27495921092766 4.0173480944323 
-0.24267637273998 4.0479011160544 
1.9379035190178 3.6245244215687 
0.28803200917486 4.1324053338523 
1.9539196552677 4.0162445791404 
1.5191596600219 4.3492513125356 
1.8879280612572 3.3095293310623 
0.6824022885351 2.9624328667744 
0.3958873136168 2.9925951373208 
-0.34253665946097 3.4880510527599 
1.1174358204642 2.8743460808835 
0.79055191428021 4.2061739863943 
0.52693849241428 4.4765994483571 
0.062345713548962 4.3579767167047 
2.1925613856693 3.8989609243673 
1.9841965282912 2.8140246740429 
1.3583533785843 3.666547642776 
-0.0094508329852181 3.3882079137771 
0.21504296568104 3.0701573887774 
0.9253049315471 3.0316232614618 
-0.39840566132248 3.4431765784828 
-0.076596117087553 3.3474940720068 
0.12407768306461 3.1691505249626 
1.4796821423245 3.6318411888629 
0.13797753560596 4.1664114390646 
-0.41417257394285 3.9366913420817 
1.8471954664025 2.7260503314719 
-0.10202298112925 3.2523578411141 
0.024032621189641 3.6204914739615 
0.12504817019459 2.8356068816682 
1.4161646524143 3.249998125669 
0.35217704183155 3.2209511002635 
1.1156943047585 2.8771244500891 
1.3523742510327 3.3393104471192 
0.37559240236004 4.0674073916411 
1.8449125233557 3.9785321740002 
0.7048499017145 3.9764759671977 
1.9037605729676 3.6264048961517 
1.2500790686619 2.7280879715529 
1.1628100736029 3.2829841077183 
1.4176774652407 2.9686826220896 
0.13448471366707 3.7379274451459 
1.7438630215988 3.4678108812153 
1.1628099830802 3.3557238635409 
1.6597329256022 3.1368969091907 
0.079672186497143 3.786140414408 
-0.013319098344863 3.2702703102072 
1.5540601264898 2.9856757092071 
0.48173013369434 3.1869787044326 
1.8955962809537 3.6043063607666 
0.83435508880974 3.8493548210036 
-0.48264648767094 2.7174440164003 
-0.11350492092719 4.2624244009171 
-0.34371707260669 3.3022136614217 
0.9917759388612 3.3209483778619 
1.3613499665518 3.66330801019 
1.9572989326757 3.8926032829322 
2.1291270316629 2.7661946768405 
0.834153558048 4.4819087364277 
0.92886784073725 4.114168741542 
-0.32888462321058 3.110213134534 
-0.023212192633881 4.2541796708371 
0.54163361166184 4.2393590319688 
1.9769469935854 3.7797293108242 
-0.12296145549392 4.0977814527345 
0.58971665430492 4.3186203261451 
-0.029226994611771 3.2903995390137 
0.92246767602896 4.0110692483521 
1.8226119269591 4.5017196935517 
1.5709826049147 3.2902675096671 
1.5593155418653 3.9321446480437 
0.78367310285222 3.8837769380534 
2.0681878733025 3.2574784514507 
1.4681065463601 3.6330303361023 
1.5262896608144 3.8518369054943 
-0.0045388808773785 3.904320512266 
1.4451541601034 4.4646151101345 
0.53363512036761 3.6369169987533 
-0.29787381901852 3.2054465687872 
-0.15892816581608 3.5776216827773 
1.187407337443 4.1409674823682 
1.5676983357406 3.1446939698621 
0.73639240950708 3.0109875274942 
-0.48811564104328 2.9976778460763 
0.86235913720289 3.0988710050677 
1.2204679166225 3.2711645002346 
-0.26269733443223 3.6218865938819 
1.761124361045 3.1657470648358 
1.6821424413215 2.8214430750456 
-0.31532978202892 3.0598015066023 
1.5501223835026 3.5413238545217 
0.025916449635123 4.1238941540249 
1.7991397810341 3.8877540553757 
0.74895445187725 4.0145112722007 
0.7453767488909 4.4707089236616 
-0.027640754988336 2.6830680448597 
-0.2739655644042 4.3534948267401 
0.81775171784757 3.0436649431416 
2.1154528971685 2.8189990565451 
0.57424960443837 3.291871183934 
0.98078006456975 3.6842303755872 
1.93236250061 3.6913541408688 
-0.16041084083878 2.9373668310503 
0.53951105026292 2.8482547696884 
1.2618867469811 2.8303717700676 
1.291489515975 2.8086430298008 
0.2579851031713 4.3551379370056 
-0.14205903492842 4.1205006693401 
0.081865485522107 4.1051297978146 
2.1493317691987 2.9475293584112 
1.6064173244027 4.4546578306896 
1.1911254075699 3.3431916963375 
1.1966537437621 3.1537332315238 
0.036627798309753 3.4890175311339 
0.25986149089551 3.2947259196334 
1.0506081162697 3.0175096442115 
-0.30995883423666 3.8952830929246 
0.40293006213408 2.8314010683901 
1.1615431089423 3.4496691950511 
1.1540098138718 3.8806876194716 
0.68311264307375 2.7154038734618 
2.2427099457202 3.0859074642923 
1.5800267302984 3.125979373749 
1.5476015214527 2.9412144032442 
2.167763448114 3.6255881721574 
1.3139502137215 3.5750537128438 
0.68034106236975 4.3032006653474 
0.4293957808897 3.4430657242494 
0.28172644483269 3.5034019154163 
2.0407577179009 3.4948791985371 
0.77844973558156 3.9186518728021 
2.1188290844316 3.2760068121319 
0.84704792834747 2.8457874379886 
0.044469875339588 4.0564669183043 
0.98928797996366 3.1157000647664 
1.2476472571119 3.8291022273818 
0.10198880292062 3.5537516371118 
1.6849722134665 4.0842302601019 
0.64227397254343 3.6325133415422 
1.2215437294311 3.5917410280566 
0.30171715877224 3.9487916891206 
1.6749166307248 4.2651945908398 
0.51072049196495 3.5789343752398 
-0.20835126510498 4.4361465961366 
1.6368605912818 2.8824150486848 
0.32984027917895 2.7261972395323 
1.4131820390747 4.3502971965357 
1.8291579948651 3.7782325414416 
-0.039752713747398 4.4090022408842 
1.4478615913258 2.9742928892878 
-0.47494403362734 3.665476083518 
0.048473274677937 2.8510172621945 
-0.065038220645811 3.9497405145265 
0.98481219513357 3.613704544486 
0.21498451977101 2.7948930394448 
0.75940543377 3.6850013389542 
1.0708178747746 4.1956005395046 
0.16169409051785 3.791703621353 
-0.4757165032883 2.9069305720249 
0.30423724490976 3.2286746994974 
2.070649385317 4.3480972346637 
1.171450960014 3.3071569283094 
1.0164521372153 4.2403514631308 
0.99889819397138 4.2722000746173 
0.52682150060603 3.1927759547921 
0.15525515491683 4.1581980158696 
1.3622125032282 3.7443574850109 
0.89735423410812 4.3156395756987 
-0.34922092096462 3.9911347309481 
1.2656106561709 3.3406669934042 
0.11992970431359 2.8394847311127 
0.94640912407358 2.7695433089131 
2.0267378594941 4.1771453008733 
-0.34365004088402 3.2059874342624 
1.6288391891393 3.1409556439447 
0.10354339094958 3.2110490513918 
2.021637778387 3.8677974862679 
1.9754974965813 3.6139337438915 
-0.20063047385333 3.7059549997056 
1.5372875577398 3.2674881690038 
0.6482849905604 3.5226836259123 
1.9746598645157 3.3496976047161 
2.1310630921241 3.9628206339551 
1.9306773711924 4.0204895496858 
0.10946336474418 3.2612658150293 
2.2377101122197 3.3286287844031 
1.3764236620677 2.9411760597773 
-0.40274950507127 4.1655886764027 
0.9266415668854 4.3196460240653 
