-1.2041975760724 0.45311266480435 
-1.5753516586514 0.93036001212593 
-1.8278299123513 0.92395982476969 
-1.2524574203613 0.0061560410716552 
-1.2386506484898 -0.14295631370198 
-3.1607760020039 0.75749353279138 
-0.95896827851683 1.0373296533467 
-3.1770918592384 -0.19904884972348 
-2.7261352265105 -0.39376451298388 
-3.0859208038818 0.88737723590088 
-2.4715190033778 1.1588986854275 
-2.6805271044664 0.25118938266646 
-2.7910080799286 0.30003265031565 
-2.5059492982328 1.0560753192712 
-2.5519154979067 0.85416149046081 
-1.1032452651086 0.21479886838842 
-1.635709159259 0.50592384906214 
-1.6502451463698 0.27378232572367 
-1.7733449638368 -0.32643524505057 
-1.6514377608164 0.44244758054439 
-1.9203896059091 0.5157275333018 
-2.7662803304405 -0.074767515611852 
-2.4577652767823 -0.016900385906348 
-0.87367143982932 0.90006362155515 
-1.1470726426544 0.10584981311444 
-2.3903796275715 -0.3676668286571 
-2.2228308791811 0.69754390321897 
-0.8178368394736 -0.21155160760925 
-2.6948060581415 0.74131277102203 
-1.5774421756807 0.24817177465864 
-3.16772907278 0.10455350026827 
-2.770218155975 0.18901984719555 
-2.9251370411581 -0.020213108399979 
-0.8630139300369 -0.26323126393394 
-2.6970063187735 0.16653845542812 
-1.9836324961759 0.40753979877156 
-0.92064733626633 -0.29540654585667 
-0.79050726085888 0.31769610306606 
-2.3694002558458 0.44248418253208 
-1.6233914531496 -0.34501573127485 
-0.79692401166438 0.20998748688625 
-3.1611242055294 0.81907853491594 
-1.4451641218083 0.047706850385102 
-1.5212228979034 1.1597495958404 
-2.4854593425842 1.1772776015607 
-2.1597966400877 -0.36562256522275 
-1.4568915616088 0.71209521124125 
-1.4991755637851 0.12206462470706 
-2.3800017790822 1.081471547332 
-1.2971891172142 1.1607093876766 
-2.3502146383119 0.25063993642589 
-1.7980915355233 -0.13153514818549 
-1.1872092412542 -0.20491063033236 
-2.3572339645466 0.78024052436246 
-2.2785203175291 0.27216756881961 
-2.3208565086272 0.56394803514551 
-1.0658967524854 0.00074119908305936 
-1.5563324544997 0.69302596410054 
-2.7832510885258 0.19276134169706 
-0.78665738884503 0.29416030186759 
-2.276698090048 0.50377165402062 
-1.9147507519566 0.00064367256715619 
-1.6187080382291 0.86004827313212 
-1.3540617477733 0.65082072703826 
-3.0061124815922 0.60881968801529 
-2.7714768947652 0.72315182899352 
-2.5788569401589 -0.037081279241977 
-2.3649094554976 0.9886715802213 
-1.1429109521205 1.0911569738989 
-2.069055607937 0.62630410552001 
-0.75251101203229 0.78930325592381 
-2.3059313266712 0.3753356464322 
-2.251715465128 0.60596108245438 
-0.7972108685151 0.38717886866905 
-2.2227619304946 -0.39154479214722 
-2.2532866175852 0.5693904505415 
-2.0367402348853 0.90019216317133 
-2.8516023674782 -0.1495995199035 
-2.0936380043067 0.044177014955404 
-2.2340874510456 0.053364810102922 
-2.8007946786279 0.93903282535346 
-2.6972769030292 0.86181143548653 
-2.6428677195027 0.34165501307333 
-1.9047640849746 1.0129421973365 
-0.76572484964913 0.78917469708651 
-2.51331786098 0.20703226269283 
-1.6909294411363 0.001652893808481 
-1.4590226567034 0.14795142382365 
-0.96076316791545 -0.11595040528835 
-2.968051809797 0.75702857224906 
-3.006120066138 0.65020257049442 
-2.0959874595817 0.16862724740743 
-1.7428421708834 1.0421703861204 
-0.8224517621874 -0.065127481988693 
-1.9371145937753 1.1826446176286 
-1.9615480385632 0.51245933551077 
-1.0539921370189 0.21760614448029 
-0.71626495946758 0.6963171522473 
-1.6522397671463 0.36051332355216 
-1.216798505959 0.77764038279906 
-1.1943177906628 0.91409127264892 
-1.0407284759452 0.60852677370948 
-1.7202034962544 0.47246356142975 
-1.9099754106231 0.42316711617896 
-2.4627628909497 -0.31668171009926 
-1.4839337107792 -0.033268543820834 
-1.6339165049442 0.21569164963052 
-3.1839329671411 0.33051129988042 
-1.1432089057491 0.029235495741302 
-1.2204342223159 -0.047414835974339 
-2.0217537000504 0.38681946845352 
-0.7571162995555 -0.33701604369744 
-0.69106939836354 0.92520744817734 
-0.97859210690839 0.71784323498491 
-1.6282806630524 0.26363356600345 
-1.8128775789009 -0.27005109170562 
-1.5597726594419 0.94560071506372 
-1.9807940277373 0.66502750285995 
-1.2041348042544 0.15427339567202 
-1.800324889088 0.98379345305202 
-0.98244153418072 0.59023574946418 
-0.98463273655852 0.61623931179829 
-1.958735539342 1.0410747137242 
-1.615603011341 0.64438532331753 
-0.73801872095907 0.55386466852603 
-1.289958045176 0.062078385205492 
-1.5189540162063 1.0392964357413 
-1.7551880301245 0.58186954540652 
-2.9333190053974 0.27405517223043 
-1.1815083044805 1.0138808952479 
-1.5262427531115 0.35110621226993 
-2.3066252993493 0.70763182177094 
-0.77784248198156 0.23801942286724 
-1.4395174135656 -0.27655453630187 
-3.1652059663418 1.0012804046535 
-0.88922404051901 0.27621193544955 
-3.0165522208871 0.24173147773106 
-3.0165522208871 0.24173147773106 
-1.2070748499872 1.1500262208031 
-2.8547543838964 0.3811565097838 
-1.8838487123237 0.34852314553846 
-1.309401166129 0.098836148036835 
-2.2950266397134 0.86839887002987 
-1.0043188714327 -0.33193848564249 
-1.6078017662368 0.29153889184539 
-1.1761209648032 0.65493806564674 
-2.1146798714025 0.39673108114296 
-2.4105297566427 -0.24033332575429 
-1.6537556432381 0.38124285710355 
-1.4638060711107 0.015983484850149 
-1.0420300928921 0.35269888521789 
-2.2243581259239 0.84184295861084 
-1.9770282137615 0.14331396524725 
-1.1220543367205 -0.13492548054795 
-0.8840098828902 0.76645126629706 
-1.1207319749968 0.82110965101023 
-0.94374043820728 0.99461458852371 
-2.6220689155886 1.1476929999976 
-0.96871205981389 0.37304608250394 
-0.9139460566189 0.035155453355637 
-1.6924861870919 0.72241654810178 
-3.1494395465328 0.26171191398913 
-1.9050059474018 0.69566955084673 
-2.9973994428246 0.73138313641346 
-2.029716403815 1.0131335058172 
-2.6395380023289 -0.26577616589459 
-0.96631485683868 0.75501455492293 
-2.3079383471648 -0.21300314716097 
-1.6068464845614 0.27226339029369 
-1.0280164898858 0.86180410129166 
-2.5243027086668 0.48523706135006 
-2.1539056736419 0.77467713331206 
-2.6767760968483 0.40606665694403 
-2.490877645334 0.34821692312534 
-1.379439749649 0.75508242525216 
-1.4139463670424 0.79108458143425 
-1.1468608318482 0.40955004952534 
-2.5314508712283 0.3970914167025 
-1.0686945319635 0.41453217119406 
-1.6802588953993 -0.31898203231949 
-1.7092341283836 -0.3477760667988 
-2.0363267803447 0.36847358648423 
-2.6334559372883 -0.1630294852316 
-2.7469405992726 -0.31899129549538 
-3.0883322241231 0.3394553507255 
-1.0573869797659 0.63618556209345 
-0.84858311551198 1.1023944554622 
-3.0551732991923 0.84968775103433 
-2.0202335397751 0.2294181055078 
-2.1036828174429 0.26108034680497 
-1.7735863443175 0.18711968048413 
-0.70405644259366 0.80800749275305 
-2.8325937057927 0.29856293498452 
-2.3207674383357 0.033089086123224 
-1.5938558236437 -0.095380870252642 
-1.2921601054275 1.1810968117963 
-1.0880610485975 -0.35869791326914 
-2.4762978611713 0.44766805757973 
-2.6510260293146 -0.3912619364246 
-1.5484853454099 0.16954864333043 
-1.6519259326557 1.0179214625404 
-1.6857493847408 1.0664269148077 
-0.84789496383218 -0.35130418637554 
-2.8525894515901 0.15203413525771 
-2.8629139497262 -0.33356935999995 
-1.2593435301971 -0.28018398781977 
-1.9040825711601 0.13680603614425 
-1.4789526470017 -0.012199079040179 
-0.751153010368 0.63643475763031 
-2.134458738591 0.12134903026508 
-1.2627186722245 0.14374539189097 
-2.9606235433944 0.52131228645957 
-1.2841556513368 0.85632470163038 
-3.0404220614193 -0.11974243122417 
-3.1916478786443 -0.052872508175369 
-2.3809464846102 0.09251029415982 
-2.9452173175176 0.67957581209252 
-0.69402668190597 0.82102581794068 
-3.0971054909686 0.52912301186308 
-2.2304999371374 0.42327718690453 
-3.1940820423561 0.034237763288854 
-1.7598507238522 1.0946145641096 
-1.3182980378636 -0.21258022939134 
-2.2441492147433 0.93607884204129 
-0.76652011820791 0.36517209227865 
-2.6366672789996 -0.013062714107467 
-2.2239648600155 1.0312602084196 
-2.3854496903437 0.087527729176025 
-2.2084007153309 1.0175480114123 
-1.7178198214045 0.51631908471755 
-2.7752069759817 0.58816589174843 
-2.3159095701604 0.85188264461089 
-2.2963501882023 1.1498079714439 
-1.3477371125733 0.95486276740883 
-1.1311472156392 -0.23373689578073 
-1.3086405041522 -0.37890314096546 
-1.5993450135231 0.13696005626581 
-0.94431139383514 -0.17303276022303 
-2.3667992256932 0.93597378694534 
-1.0157125350081 0.36982122754693 
-0.9139460566189 0.035155453355637 
-1.5349832098917 0.17700332651228 
-3.0564004087115 0.78196295109657 
-2.4588594411262 0.056707081337065 
-1.9580072547955 0.39159180200354 
-2.4592357781007 0.74950959603876 
-0.9139460566189 0.035155453355637 
-1.4664465192328 0.021804890368034 
-1.0761294987655 0.12153621007762 
-1.2331628374575 0.52119500510686 
-0.93972027903525 0.42749633460217 
-1.2707694254397 1.1803694520571 
-2.4041996615323 -0.31380961952361 
-3.0611342657953 -0.31280122806182 
-2.5118491628751 0.45670679170191 
-1.7434936987406 0.62643725067116 
-2.7263277804423 0.39899782774334 
-2.149373296604 0.072738166583044 
-1.6420990070778 1.1389946513266 
-0.88189346533775 0.52570683719999 
-1.4582196993763 0.17322221424373 
-3.0601876564819 0.22386580069889 
-0.99038030176421 0.5412655008625 
-1.8677410024306 0.63873274611316 
-0.82337066927986 0.28038581078762 
-1.6779353183241 -0.040140885824632 
-2.8439427882964 -0.1780582862096 
-1.6593444225961 0.11025336634615 
-2.7621897429558 0.92198409864761 
-2.0642998115683 -0.081703752037925 
-1.5006536078505 0.89281677415657 
-1.8952948082767 -0.26596154436657 
-1.9839427378626 0.1034925848127 
-3.1044800286722 0.26042759352793 
-1.6153143605734 0.1365724107165 
-3.087208013601 0.85483006824383 
-2.6977023642378 -0.17157172181625 
-2.6184201984725 0.74441665492114 
-1.4777880129257 1.1721328450347 
-1.5871700954006 0.24121007850038 
-2.8294219698553 0.74841856248874 
-3.0864218204864 1.1664733751452 
-1.5141622894346 0.20843140405252 
-2.887640390962 0.34717525620329 
-1.087141651752 0.65828347472666 
-1.565858967317 1.0271449837736 
-1.8129296172769 0.019289243619081 
-2.0592409915709 0.54603380089911 
-1.0891526876021 -0.26736961711628 
-1.4296657249716 0.010939421411916 
-2.4879155498298 -0.23347074786096 
-1.625883638331 0.43681946258445 
-2.3844785784931 -0.044978517902888 
-1.3741184275512 -0.089554386375501 
-2.1039669388424 0.063215940358592 
-0.7938216172261 -0.03678884199614 
-1.7915600915401 0.97947638114907 
-2.736401780229 0.0069275283928354 
-0.93232736391015 0.06861427103352 
-2.7952413006862 0.72689429771394 
-2.1566853236405 0.17049220600903 
-1.6329594347944 -0.02438269838759 
-1.0685385011734 0.61073942107107 
-1.9419368116184 -0.28660857368218 
-2.035322699297 0.88641830755128 
-1.8971244725568 0.030424110371246 
-1.3230814779405 0.15410992554353 
-1.1782937745538 -0.067767388795386 
-2.1591913809858 0.55092300256884 
-0.8731921231186 0.75974920166162 
-2.3501573425589 -0.15625079932243 
-3.0041491406941 0.40625363389052 
-1.8178580736395 1.0376433833291 
-1.8358156434417 -0.3450849106021 
-1.5434797985496 -0.18239534097371 
-1.5610455910793 0.35429461892305 
-2.9887996779783 0.7903303404978 
-3.0980405007837 0.71754527649794 
-1.6342606515704 1.1090474295879 
-1.2309773095046 0.71257893844713 
-0.89534760833173 0.25064507610858 
-1.0342076722136 0.74281635650151 
-2.7002245925541 0.26732868265542 
-0.9139460566189 0.035155453355637 
-2.8301134187786 0.53515482923807 
-2.5308034094207 0.4771353680157 
-1.3061118939542 -0.12953433960117 
-1.8756190533379 0.91542688039304 
-1.9760457948803 0.089041462030895 
-1.1168746822037 1.0245298661753 
-2.170540510086 0.37352538059903 
-0.96524705055487 0.5925631042674 
-1.6534581973221 0.15638644257116 
-2.0020621416234 0.045798419404667 
-2.81488954454 0.35066661225525 
-1.5424632825485 0.066930568333362 
-0.88790409532681 1.0282953419857 
-1.2644125742162 0.026264419857737 
-2.9140588279607 0.94591835046031 
-2.437928129712 -0.14197831314923 
-1.160503141349 0.49422423958534 
-2.0832970464671 0.53320251861417 
-1.4944018844635 0.64845567202257 
-1.2025730667258 0.97125273821163 
-1.5298463680937 0.59668695155594 
-3.0917454304629 0.47692848678544 
-0.83573572315951 0.32882438253605 
-2.9705436439497 1.0615866938047 
-2.0325324542156 -0.022729006854617 
-1.5844782925785 -0.065634769812618 
-2.3973038741372 0.79619980582961 
-1.8890857179598 0.30339203664768 
-1.2048822620042 0.93396836628174 
-2.4640074690386 0.45534228233026 
-2.2151676500055 0.71562890023634 
-1.90025516499 0.34592893691244 
-1.916763180657 -0.12108924608405 
-2.2341780215465 0.45828358381031 
-1.8694541452765 0.78195607706871 
-2.9381077489516 0.61685046611535 
-1.5469703551133 0.48941085867251 
-2.5149826661725 0.95908072407687 
-1.0148212360989 0.76066760585495 
-0.93805517866217 0.75266707743378 
-1.2572945514678 1.1724331476845 
-0.88104242593253 0.68439426741749 
-1.1576770554478 1.0850074556195 
-1.6306288139615 0.71857071152125 
-3.1338161393135 -0.085355027424202 
-3.1416828689827 1.1419487404394 
-1.7995486280315 0.077634325671938 
-2.3131417681496 0.16318022526715 
-1.4332130975162 0.66910812721872 
-1.9708656190498 -0.38117820373955 
-3.0600110085521 1.0096916811045 
-2.8574660188197 0.45036662887072 
-2.7523295811838 -0.38892757265038 
-2.9946487222572 0.43132829631451 
-0.75802540055394 1.090306764852 
-2.2929356058808 0.94827104186096 
-1.5064472098179 0.8825271252807 
-1.0234522820224 -0.26158100908646 
-1.1093913299166 0.14945222296396 
-2.8214229521993 -0.21708450065622 
-2.6816832019285 -0.060532201930668 
-1.5322159243345 0.74097709947833 
-1.2220025511423 0.33980646665434 
-1.1299330773902 -0.17349868876481 
-1.455304315528 0.85151582757738 
-0.68885886793337 0.85196965165955 
-0.95400117993538 0.062779251799473 
-2.3456191394384 0.86267262615823 
-2.7637166374654 0.080706005385093 
-2.9035095117514 1.1790814418352 
-1.834798932203 0.40130916552485 
-2.3596437014797 1.1159611044502 
-1.1230015348753 0.83032856915543 
-2.453754537178 0.46163314395341 
-2.047780656414 0.1928101512926 
-1.2335231508842 1.0413935535888 
-0.9139460566189 0.035155453355637 
-2.5285666120542 0.39774264510493 
-2.4781551620671 0.56741473741652 
-1.4559914663399 0.41371346168097 
-2.1249643668861 -0.1260186604306 
-1.3999914480793 0.57186729677391 
-0.93323137623488 -0.17771204263966 
-1.5568394384192 0.35336935011216 
-1.260292600499 1.0544100512897 
-1.2528373433276 -0.13374734380401 
-2.3417127145977 0.60546183871056 
-2.3172457173661 -0.3442016425376 
-2.8687079790086 1.16021671169 
-1.4720876022563 -0.30281789654934 
-0.75801909010023 1.033401510518 
-2.9065161828081 0.46840045348848 
-2.4132097892867 -0.28166565769806 
-2.7686488478376 -0.1632336198585 
-2.7615032776042 0.10181359190087 
-2.3424566735076 0.7356799298049 
-2.3750359108551 0.9643497032146 
-2.2445571502576 0.32564497862249 
-2.3754586453032 -0.22593961319579 
-2.4240205267175 1.1435990232627 
-3.1643564995347 0.64926536332852 
-1.4075337537103 0.20965884597106 
-1.9993235993742 0.065461149044478 
-1.1936068143151 0.90909519402432 
-2.6735622887628 -0.19929608048569 
-1.6980433051749 1.1793195307439 
-2.7472539961584 -0.094915906732454 
-2.5386087835761 0.8490312731767 
-1.3110970292259 -0.38876108846769 
-1.3938191468062 0.75335264234397 
-1.8504214498653 0.13830589942271 
-2.7803398272726 0.19281129839834 
-1.6453421440621 0.83352885106597 
-1.5924275670074 0.87591728546367 
-1.2368520328716 0.97095352614703 
-1.9854690195514 0.076372191772591 
-1.7487330781236 0.15454273957903 
-2.1975534214577 -0.26624710452221 
-3.0938835835429 0.78205984514439 
-1.0373498710737 1.1834060174081 
-2.7284303170678 0.54918614437536 
-3.1530339304073 0.88046721495015 
-1.7029968485495 -0.075827053927599 
-0.9395729763511 0.65993897312203 
-1.6271771089599 -0.053195549723712 
-1.2318524184109 0.95418589922776 
-2.9961352820443 0.31918758592669 
-1.4835160912258 -0.27677350614043 
-1.0714845758473 1.0515284867335 
-2.4976601282705 0.13884534054971 
-1.3661197821043 0.8418949421889 
-2.9915150378034 -0.34826411413592 
-1.8006134140133 -0.15841570581452 
-2.543885502606 0.32138339396192 
-2.4110818272114 0.50508333972098 
-1.9080942701307 1.0621580764329 
-0.77122055606867 0.31163511793021 
-1.5905737653049 -0.032130786893254 
-2.2148223610258 0.33904075567837 
-1.4809165769281 0.071591412491053 
-3.0427338864522 1.0403553051921 
-0.79260943465692 -0.22214925462364 
-1.454282022624 0.57123640420768 
-3.1086163510816 0.44366261338668 
-2.755430117662 0.71093811270572 
-2.5207285075733 -0.30547647670658 
-1.9687072071693 1.0365332914802 
-2.8478666215873 -0.069675123689989 
-2.3915859197195 -0.3022762112877 
-3.1793571365515 0.83113871227585 
-2.1912588356806 0.25272949601162 
-2.4733359552988 0.098723324083439 
-2.8026490165132 0.43932715848945 
-0.95580957466706 0.69672927976685 
-2.8810664437154 0.80076063476425 
-2.7383349368748 0.80424117684999 
-2.0683647073581 -0.29513811689766 
-2.5081282446945 0.62917678715849 
-1.1101979231622 -0.37656282137739 
-0.77249722857203 0.98703189769576 
-1.7393637473987 0.14140213482239 
-2.2220784026927 0.70517974132379 
-2.0343744949988 0.62270547470298 
-2.0210530901369 0.23674307149181 
-2.0821218013784 0.62694839394792 
-1.8356612112361 0.20430482026734 
-1.2314397063207 -0.16030984241455 
-1.9151332491263 0.27406860524537 
-2.9779248115035 0.40454583537177 
-1.1806917890848 0.67303245136055 
-2.8770332532661 0.055786856207222 
-1.7472199453886 0.82331732536864 
-2.7330610772967 -0.27317434260715 
-2.5275294153151 0.50494994659022 
-1.2960168595968 0.62794602775007 
-1.5464132878732 0.9687633243411 
-2.4699199946456 0.009018161628271 
-1.2549604573292 -0.16411134163872 
-1.9134082336105 -0.047050988926288 
-1.2703114085538 -0.22318116116276 
-2.1861266311973 -0.14046201068205 
-1.1678327821985 0.5122659746715 
-2.9416094623846 -0.27699077643879 
-1.2185359596479 0.77682976913143 
-2.0247217254991 -0.15263748957415 
-1.7143240459444 0.26985366623086 
-1.7291199716993 1.0697032866073 
-0.7941050601351 0.22415733888435 
-1.8258970644312 0.086317598988684 
-0.84988772080038 1.0249704435878 
-2.4379853222148 0.45960779478887 
-0.70359219753132 0.57871563080322 
-2.4897564730675 0.27077203779331 
-1.1436515273706 1.0807447127207 
-3.0235620062155 -0.015528700517523 
-2.2525029983592 0.98372202666677 
-3.1804694282056 0.59466487131585 
-1.2410240333239 0.17950553222347 
-1.5037780725755 0.78154512091454 
-2.1184486948341 -0.37302360724474 
-1.6410077851203 0.8353853390869 
-2.7811294344007 0.94370686125269 
-2.5401864935942 1.0326171685262 
-1.2077852630474 0.93049995001068 
-3.1908583197834 0.73073237280956 
-1.986550202 0.74698607388231 
-2.3387025292132 1.0375065815304 
-2.8373500278214 0.0085544313205099 
-1.7596104870492 0.49536865741166 
-2.7780743053944 -0.032413465661765 
-1.3415999184738 0.83247422735786 
-2.9053057136835 -0.10433063076637 
-2.8199602967277 0.43746445779494 
-1.8048147112684 1.1348858813643 
-2.6025250483928 -0.071778127348151 
-0.7322263411125 0.28459729158584 
-1.205711241819 -0.038634955341073 
-2.7294228709918 0.81444654488899 
-1.8849321387995 0.1665806064034 
-3.1503449382686 0.46984899186438 
-1.9818707467687 0.054522761057778 
-2.770802517742 0.9131940393257 
-3.0291496000419 0.68866708035646 
-2.4583289753427 0.50061760927537 
-1.2419380688547 0.96291025796923 
-2.8271812286661 0.90840504131059 
-1.2840879871851 1.0211621290241 
-2.4002536484597 1.1053037388361 
-1.4525640508275 -0.044389946948824 
-1.4151825967219 0.79950934157387 
-1.2095741448695 0.41917467064436 
-2.3104113577652 0.67807862408615 
-2.3301320078442 0.25140660229025 
-1.0606503582834 0.75877916455856 
-1.3851270741017 0.2430854741891 
-1.3319865474701 -0.082833774471437 
-2.1645878225922 -0.1220551512662 
-2.0229993745797 0.81635452582209 
-1.564500631291 1.028816038599 
-2.2342981197844 0.67987873255147 
-1.2311826514888 0.29884719284903 
-1.2464126960877 0.4640920313648 
-1.793231494162 0.41240504933991 
-1.4506952455221 0.25307429910333 
-0.88325954809657 0.0043008069850817 
-1.3771330214128 1.0226416788015 
-3.1386509319878 -0.3275054808501 
-1.7471245002053 0.279190220172 
-2.3675224114747 0.82178802103501 
-1.4711205165323 -0.05137942071347 
-2.7279820982822 0.55636075965952 
-2.9421618898468 0.37203754704093 
-0.7361569900572 0.58658171657192 
-1.1929458633897 0.94778921541258 
-0.94263302250036 1.1775426222981 
-0.75152734887811 0.22040544826646 
-0.81784874371256 0.22604272960902 
-1.389596486669 0.014185876190094 
-2.7248216232896 0.41698337075807 
-1.3893878191182 1.1456911051342 
-2.4158658724047 -0.17181783275479 
-3.0013192880352 0.69792385072598 
-2.4428131997074 -0.22711264756155 
-1.0919373050888 1.1833214713134 
-0.73995751560779 0.4458036832412 
-2.1160724819521 -0.13357703401768 
-1.2245168278072 0.87383221528928 
-2.8259193061948 0.91505013781949 
-0.89323553934696 1.1522909258133 
-0.75579697858929 1.0022637583682 
-1.3157805908059 -0.3180343119841 
-2.1730969379892 0.046775044831968 
-1.5705810483115 0.53886633886793 
-3.0767510236645 1.1393049595998 
-2.4067615912627 1.0801981239939 
-2.2750746191176 0.81561421337014 
-0.81802573675206 -0.085310906198746 
-0.75117300147964 1.0975570193858 
-0.87485496264209 -0.36471521278467 
-0.92729804700782 0.64683038663489 
-1.6993223276421 0.055822845082001 
-1.3634901444076 -0.029830164413681 
-1.8248412201961 1.0777615736007 
-2.9816032144909 0.49208741779874 
-0.91200820290865 0.98644118601293 
-1.5705676355783 0.56522056276111 
-1.910340782651 0.92546020687963 
-0.83727105225618 0.1036915790896 
-2.5946754022292 -0.14081314423429 
-1.4940756825785 0.96446910928907 
-0.96552119428239 1.0028975288193 
-2.4264436624278 0.87339316735706 
-2.4450922442494 -0.22402255926694 
-0.7422937780327 -0.39140075184692 
-2.4644551072391 -0.36828681751055 
-2.9650303903433 0.69182328625405 
-1.0481708707555 -0.37937403249781 
-1.8810710533287 0.25387079930272 
-1.6308192295268 0.94018932866344 
-1.9729101259952 0.011480984748441 
-2.7839305518086 0.79982447989631 
-1.1922676953488 1.1162805748248 
-2.6936807185594 0.046099944196169 
-1.8524908134399 -0.27487148422102 
-1.6520506797268 1.0654494904897 
-3.0099472766468 0.59572845857423 
-2.3196991032398 0.89321726475114 
-2.0524593014486 1.0335564814855 
-1.6003291719972 -0.074275042771371 
-2.5598259437393 0.67975708999765 
-2.0770838125022 1.0433319773875 
-2.2904484300406 0.95106176376325 
-2.4819152693031 -0.22537808892515 
-3.1733917638168 -0.25935592109534 
-2.7844473555206 0.58797808040498 
-2.0321420318831 0.76545725232598 
-1.6008411983077 -0.37228360155304 
-2.332910117959 0.8624997802539 
-2.6510056735495 0.528358130616 
-3.175996167917 0.66082255746306 
-2.7032997322457 1.0903363531615 
-2.7068393051753 -0.087840649893765 
-0.85007054158356 0.3318378100976 
-1.0460437249754 0.83730310269298 
-2.9646168670164 -0.22875447184843 
-1.390161217981 0.51105821536208 
-0.8409360006157 0.80259039746419 
-1.6056658949154 -0.033298265999495 
-2.0574293861925 0.21090136708525 
-2.9706080829079 0.026678116153609 
-2.8296239910556 -0.32536556920528 
-1.1470088390501 -0.28947361138269 
-2.0662853468426 -0.079429053561998 
-2.8856795620707 0.85013006570564 
-2.0103201698128 0.84930882636904 
-0.91560142663326 0.56925967622402 
-1.4737454409152 0.069802299988042 
-1.7670369827482 0.30222886448194 
-1.7543093782284 0.80293747586792 
-1.8867122441433 0.57645034818515 
-2.2176993248563 -0.10667780126595 
-1.6261678987511 -0.10423517790369 
-2.7226705916546 0.31441429117237 
-1.0497900167189 0.45711195564661 
-1.8064999911914 0.77375932384116 
-2.8719448897107 0.739835337868 
-3.1215193587484 1.0786814390951 
-2.8411722669108 -0.059372481017146 
-0.97937895056912 0.96733351339564 
-3.1613278028902 0.59804315027278 
-1.8572215459001 0.2491076564736 
-2.5278790519655 1.1563359073255 
-2.8418447179061 0.23381257180395 
-2.3473072289765 0.67513595400191 
-1.6684877790988 0.81472942335771 
-1.6532536424502 0.25271018458756 
-2.3954303582818 0.22476569772893 
-2.3755847977089 -0.11135344104735 
-0.98903437179272 0.06529985818297 
-0.9627863733919 -0.027985339060126 
-1.6856375094615 0.68805587310251 
-2.7236573509241 0.050108556780176 
-1.3487671972871 0.24532008759351 
-0.9737704007222 0.29285160959702 
-0.9139460566189 0.035155453355637 
-1.8770542521766 0.24430458195144 
-3.0027260974932 0.021563761294164 
-2.0707598950383 0.0043971128096406 
-2.4600526693255 -0.24458674732304 
-0.74520421048688 0.32993720777482 
-2.3163527492154 0.29739879819297 
-0.78752211099658 -0.14154892934815 
-1.6921220388674 0.2957400369042 
-1.3348010162418 0.84428345501255 
-2.2985547640471 -0.092155199267744 
-2.4034291482631 1.1188767134299 
-1.2208188075713 1.1299266058771 
-2.846484682 -0.0030459528552205 
-2.900309197581 -0.17608749688371 
-0.72138576561367 0.67923853370681 
-3.124818867952 0.9090459410592 
-2.8034817809389 0.9780228888553 
-1.3996395769137 -0.33043563476296 
-2.629646059136 -0.39233836184847 
-1.7941614461424 -0.25523743105845 
-0.89774393248008 1.178080627726 
-2.1644257574862 -0.18045843425667 
-1.3310106619998 -0.022531792905516 
-1.5836672632601 0.96339436992749 
-2.6359536777623 -0.12784206114698 
-2.5036685037161 0.25349756360646 
-2.9096949573056 0.11650481983037 
-2.4508575987568 1.048696481874 
-2.7776092608205 0.50562791209777 
-2.3160662141808 1.0899002943508 
-1.1783649482439 -0.24338391760089 
-0.78450007798012 0.81379542227058 
-1.9613985284443 0.015100468127515 
-1.7904815740953 0.37511292677317 
-1.4466411444336 -0.049202280031884 
-2.0332484471298 0.84566795077254 
-2.0694750070626 0.54769611917142 
-2.0620792633761 0.78181726738933 
-1.586746769582 -0.30612649708553 
-1.1865624967361 -0.19904867202503 
-1.4036721714085 1.1538516126476 
-1.6881668199328 1.1370788870431 
-1.6966025119835 0.82743094076838 
-0.95613523118709 0.83115377352008 
-2.585836369697 0.92839254445941 
-2.1183852760524 0.97637198742064 
-2.4401780698445 0.62614208702397 
-2.8988359804036 0.71359101031431 
-1.0833216840362 0.89175254528415 
-2.5462437218132 0.25478928582201 
-2.9092112554787 1.0024187289242 
-1.2528021466243 0.11846087214739 
-1.4498463515524 -0.32524601153325 
-1.8774004596679 -0.010169762751264 
-2.4952906461455 0.84356337824318 
-3.1899777220405 1.0726700011813 
-2.0172092105075 0.22210070623669 
-1.1468992039525 0.44744543045711 
-1.0476956583915 0.25687089531459 
-1.7714637442282 0.41040642756444 
-2.5352716108851 1.1716110345593 
-1.6059919895527 -0.36770516082626 
-2.4118834086491 -0.18729483010722 
-2.8736360763641 0.68014804121378 
-1.5723724369096 0.14819966758927 
-1.4704540184576 0.66328082029251 
-0.96833715451967 0.86350607597558 
-3.0974830453018 0.3313869658567 
-2.7490639397965 0.66887113738225 
-2.8032647534369 0.039422255686071 
-2.3809739020022 -0.23673551042618 
-2.9652608384346 0.53796105786703 
-2.9108315168342 -0.33638053997632 
-1.5238604033471 0.6069629100693 
-1.9657453845372 0.80642659075856 
-3.0511944293222 0.76438934553765 
-2.6107030244597 -0.34751825853491 
-1.9039713550915 0.45509434102784 
-2.6634475818921 0.70663560448104 
-1.4445858752156 -0.049886077952005 
-1.858027845554 0.019725066629888 
-1.9905093938493 0.56470827793603 
-3.1019151293377 -0.14504503269037 
-2.524947062121 0.016894104994299 
-2.3951527122346 1.1433550157673 
-1.7044716564579 0.96776781087533 
-2.4527158227747 -0.2973924796744 
-1.6108778263965 0.93430523594134 
-2.8382171710132 1.0648796727671 
-2.5762676241706 0.97816477298061 
-1.807967827338 0.29637658018274 
-2.860608517683 -0.21063819676669 
-2.1679423264447 0.55938010712767 
-2.3039916295995 0.64681176459365 
-2.7914082895968 -0.094063384203197 
-1.7257637254075 1.1762476400493 
-2.3754848262969 0.99296534168803 
-2.8664882247548 0.39829870145003 
-1.1876462975648 0.5444835453997 
-2.6249543285967 0.15556168206447 
-1.574561819488 0.61835329511336 
-0.7380046824616 0.55802178874576 
-1.8935493950452 0.58330378690681 
-2.1788924772888 1.0322135714216 
-2.1617843013817 -0.27890884322399 
-2.0573591406243 0.013344293042527 
-1.6726784753238 0.38981079165452 
-2.3570008929546 0.69859970866123 
-1.888179338543 0.48259425427078 
-1.0549356694739 1.1431112504573 
-2.9508521228417 0.78379221975786 
-2.7228112379548 0.70598944597689 
-1.6108770780534 0.11813830042876 
-0.86871680091555 0.46089049641996 
-1.4363930072377 1.0039264387499 
-2.6713501441375 0.16345979187614 
-1.9878242240306 -0.24460143034242 
-1.3866767755597 0.053339308539587 
-1.9748445288893 0.39751376300881 
-2.7693370171572 0.77304402354198 
-1.0994044694371 -0.22166340650196 
-0.85416316016579 0.64173275604762 
-0.75251208879108 0.38706348279069 
-3.1656177769959 -0.25256052491319 
-1.2904811480006 -0.25722356343227 
-1.1105722591969 0.37264751094579 
-1.8221155705768 0.91740477680721 
-2.6462076997091 0.13058500958503 
-1.6172572078336 1.1834914223907 
-3.1458788951364 0.68006636576726 
-3.133741233808 -0.31842977533554 
-1.6148358483306 0.13261981311339 
-3.0643271061382 -0.2687451509688 
-2.1724818517254 1.0127706209208 
-1.6146415255734 0.41769480602691 
-3.1956217394623 -0.28165219651158 
-2.5795450110472 0.15131268580227 
-1.099891033828 0.39144399490562 
-0.70211443897325 0.040153830285782 
-2.0233511023492 -0.23144554610695 
-1.467744176688 -0.12877158299606 
-2.4633458894171 0.080822811972502 
-0.78048522038544 0.84014873231484 
-2.8481739958472 0.47656352945146 
-1.6421642756867 0.81729181723068 
-2.2919623819633 1.163666222509 
-2.6108738452186 0.71832015917759 
-2.2560197038302 0.72348115274045 
-2.2047235154772 -0.28945725049479 
-1.4013635230601 1.0332735921068 
-1.0383487882433 0.002147545087288 
-1.9168953471927 0.25579062951627 
-1.6537817435932 0.81007299479306 
-3.0448641666135 0.49496070857522 
-1.1184024306443 0.1102368731794 
-1.6386120938488 -0.38423312613848 
-1.8631723902239 0.090781163807871 
-1.4668716236221 -0.077509470997282 
-1.61067722802 0.4583844825489 
-2.7667675913934 -0.19374010748271 
-2.6434527669636 0.070040620297421 
-2.4405724143751 0.1971811138068 
-2.7039652136307 0.40819421279232 
-1.0988248812012 0.51335197682618 
-0.70656034071898 -0.10132825805885 
-3.1709835520155 0.096914709347173 
-2.1004762403367 -0.03027151936436 
-1.3454052767895 1.0004735853407 
-1.2510666766953 0.84573439787812 
-2.4274387582714 0.68475981988308 
-1.1737981815112 0.29592508219899 
-1.3155519718072 -0.18719955873998 
-2.2062975540944 0.58448014630949 
-1.4657498844907 0.3122030873603 
-1.0383041024413 0.99178727852692 
-2.8004254354492 0.1720102792966 
-1.0556221515602 1.1226630723867 
-1.5711328728467 0.14718939854825 
-2.8365226578822 0.22805233592355 
-2.6427041489604 0.36702376752018 
-2.398317177107 0.44464461118519 
-1.8333782296515 -0.2099437904898 
-3.1556756894445 0.50677293721253 
-1.6278542623349 -0.020977501386645 
-2.5834420443991 0.75091230793757 
-3.0415191887055 0.46086609067098 
-1.1649553764249 -0.29403461635269 
-0.9901489474298 0.18041933200345 
-2.3381234670214 -0.039881271081652 
-1.1165630845824 1.0241971064046 
-0.72083460149812 0.32843394202706 
-1.2856566933384 0.56484558841044 
-1.3541677223886 0.85978638073757 
-2.8995693881712 0.14078145607149 
-0.80021024591802 1.089017853943 
-0.70278269227483 0.12578295381157 
-2.2217494870266 0.92759872549366 
-0.81330523268067 0.17223308814915 
-2.1743278245486 1.1800309791037 
-2.6732785669865 0.1098348213123 
-2.0012304918917 1.0072306459625 
-1.1193699920592 0.44334744797035 
-1.0973189691655 -0.37724420466011 
-2.898176348439 0.29231609541353 
-1.6976368626913 -0.028888037257659 
-0.9422928909147 0.24908440584505 
-3.071723891125 0.025232823717323 
-1.1046842867665 -0.032447826344051 
-1.863209421087 -0.21882600430435 
-0.73042715975338 -0.31406762492846 
-1.002686423841 1.1796654501859 
-0.9655409665118 0.9928258039423 
-1.5420295239333 1.1510135587302 
-3.1567146404729 -0.13445285004455 
-2.3438520959085 -0.097641939132533 
-1.3704757821127 0.58457568998549 
-2.5944465401729 0.10192273557649 
-1.9313516713277 -0.32416778533054 
-0.78141515586105 1.1133866311943 
-2.0111131227296 0.14166510137039 
-2.8613851188066 1.046518517312 
-2.8084084165944 -0.040670139893028 
-2.272682528814 0.61405784406444 
-0.77358739551454 0.6541990679015 
-1.6954370273424 0.31865868520245 
-2.020690073352 0.68978765965753 
-1.0333906296429 0.096150231498261 
-2.1355387908124 0.16755196199499 
-1.0847398549092 0.22615458270023 
-1.4836535968858 -0.10604603081973 
-2.8411920363452 0.34727577730086 
-2.9239155866318 1.0329664915468 
-1.7170403912125 0.31710953215349 
-2.1792042459248 0.3683297450728 
-3.1459082551918 -0.22388237667404 
-0.9139460566189 0.035155453355637 
-2.9454161068271 0.32095650690359 
-2.3276877799352 0.59108422477733 
-0.95417034037503 -0.23607025506004 
-0.91432771315524 1.0259610639924 
-2.007393028929 0.17610591979463 
-3.0312462235288 1.1419274715284 
-1.7916777967745 -0.33553909396776 
-3.0995216736342 1.1640488068824 
-2.6749514049098 -0.37738001609233 
-2.5080424574685 0.97737471133119 
-1.6933011881912 0.22737678791268 
-2.3611582140968 0.39041880326955 
-1.8011557277817 0.44459535395017 
-1.0761496391791 0.87987423471896 
-1.6161088844174 0.26746989622987 
-2.6942649059768 -0.024300752125928 
-0.99227529035307 0.90097912314764 
-0.97326535853617 0.60935646946298 
-2.4812665637533 0.91581667916249 
-2.0109982244399 0.058772287011229 
-1.0182814009329 0.20520155080665 
-0.9139460566189 0.035155453355637 
-2.83316395524 0.42338655346704 
-2.7967099185295 0.96720298004321 
-1.1340631896064 0.41742682158303 
-2.2777864177468 1.067694297827 
-1.8322353414537 1.1479711882227 
-2.9374755250197 0.67513664941601 
-2.611106556594 0.33336274031163 
-2.7182208975685 -0.29519380695417 
-1.0328321427376 0.19698151592631 
-2.371819163014 -0.10789973552582 
-0.7593593445656 0.29440357042235 
-1.9533683840611 -0.088567237468975 
-1.8519734438032 0.34975976553842 
-1.1423858578397 0.90772832099313 
-2.4135423986902 0.38391226096189 
-2.1501738446312 0.35433052493503 
-3.0501859914872 0.54738063063334 
-2.3063377854175 0.76273276304685 
-2.133014965741 1.1293349710085 
-1.3044180846073 -0.038739486649105 
-2.2543981433996 0.02993130243047 
-1.1743033727469 -0.37895473402366 
-1.6001311883504 -0.26009429685903 
-0.93591232628264 -0.29045396537531 
-2.8748265313279 1.0616695084746 
-2.0825313535247 1.0914612530507 
-3.016337517057 0.18855872150068 
-1.2793059055077 -0.24377053847511 
-2.8382162090848 0.026429942289673 
-1.0795111869132 0.9815039905289 
-0.73697084452742 0.89959903771465 
-2.8678944883053 -0.068087202806795 
-1.0621487823576 -0.17255676995934 
-0.88325954809657 0.0043008069850817 
-1.2173798117237 -0.079093967810508 
-2.6363004589631 0.17623307855496 
-2.4991836799432 0.25521770767863 
-1.1485635493 -0.018264645723569 
-1.1450214522452 0.1083411946301 
-1.9977443605534 -0.095009699461728 
-1.566668907434 0.23949469554137 
-1.231038756872 0.40884035045495 
-0.9139460566189 0.035155453355637 
-3.0834278366965 0.584858167766 
-2.1994706665695 0.75495141523697 
-1.2350282441909 -0.29914466854651 
-1.0618491215327 0.95176736800943 
-2.329236447496 0.30824516291392 
-1.0813026358636 -0.30921573995083 
-2.8114796296039 0.83865094419621 
-1.3719611492136 0.82592516122633 
-3.1656727293142 0.37310407478192 
-2.5971626042183 0.25774270906894 
-1.0224726627363 1.0066658265528 
-1.997524294681 -0.25984871430265 
-2.8880089826526 0.47943515266552 
-2.5575209463913 1.1520200831265 
-1.0517743932302 0.51235749558987 
-2.7740482576597 -0.37049197446282 
-1.3707792676766 1.1689653528812 
-1.5069408693687 -0.11278836777726 
-1.6152632833975 0.90852102405513 
-2.9284737346747 0.66806731558062 
-2.0308834435776 -0.023465082895026 
-2.5339461031651 0.79374518054735 
-2.2579896387936 0.51102632493231 
-2.6848592286227 1.0702936613734 
-0.96645531723475 0.95894772907691 
-1.9505758336763 -0.075912620970706 
-2.44016921979 -0.062376008873781 
-0.96477609030327 1.0901361327247 
-1.7102293103353 0.46945355174809 
-1.5501624367179 0.2033527517835 
-1.4124031728407 1.0191470609666 
-1.1817740463534 0.30189735759053 
-2.6888887339543 0.75010719656069 
-1.1818049015687 0.67959013863748 
-2.2741012550548 -0.13332452421911 
-1.5783375116312 0.57064337802574 
-2.1845385351507 0.97821358039177 
-2.6511081303968 1.1067746384492 
-1.2174707018717 -0.011456193700224 
-2.9081504387537 0.51343424351462 
-2.0287495057665 -0.33357590647954 
-1.4651101377677 0.79931837609676 
-2.4819114829392 0.10998793875972 
-2.2452685423002 0.95959462027572 
-3.0124624478341 -0.2635951120814 
-2.6460578311292 0.31266989299843 
-2.8522111176432 -0.094807925197249 
-1.6181813962771 0.98031914346195 
-3.0166386349174 0.095412653698876 
-0.8331376624769 1.1446484935823 
-1.1047760386779 0.90195300581933 
-2.0548542097967 0.54827418363473 
-2.4320880770659 -0.23501055496037 
-1.780566684343 0.36022593576817 
-1.6484259293031 0.16754727129512 
-1.9642280961429 0.19631581460527 
-0.9722758027245 -0.041050527658233 
-2.8666330771446 0.20270884194048 
-2.3159363878314 0.89509109383769 
-2.375538078179 0.97720128161248 
-1.344383805725 -0.16154264512851 
-1.2624383581339 0.27240116086761 
-1.0084758895727 0.77743274175136 
-3.0068158517042 -0.096343292660072 
-1.9940334327274 -0.28474310154843 
-1.0428876448193 0.0078707105307394 
-0.6885799934662 0.95139427607153 
-1.2568553615339 1.0284235272075 
-2.8834412677294 1.1134337047507 
-3.1483044289276 0.73529728676698 
-3.0052080868878 0.23536295961114 
-1.9114210036719 0.47435733115021 
-2.9559962645312 1.0641786179004 
-1.895116680156 0.64762848582908 
-3.1171796897283 1.0618929165669 
-0.86173628759132 -0.13325438130291 
-1.0362191098839 0.03269009591587 
-1.0752044864731 -0.032063853566452 
-0.93570737200628 1.1552242989343 
-3.0497781701355 1.0149742618813 
-2.0212015193822 0.644261711327 
-2.6387963423422 -0.12347278024453 
-3.1188582840398 1.0369207314624 
-2.9363706274348 0.91179505228741 
-2.0506542290981 0.33300150606799 
-1.0786380850945 -0.20338203802427 
-1.728259530572 0.17120986223539 
-2.5973151761325 1.0612971415049 
-1.1737535067819 0.080169901146375 
-1.4008414069809 0.91069815810232 
-2.0049745522246 0.62013416749394 
-2.0468472163879 0.073309196426342 
-0.98832630045136 0.67980052781383 
-1.3115490470442 -0.090054761107963 
-0.87841423819831 0.029460435525992 
-1.7109922381311 -0.16369350236262 
-2.5853757899293 0.78796182730729 
-2.0420984258399 0.0075140318543189 
-1.0053508229538 -0.29249709575487 
-2.0090970218626 -0.19577445862113 
-0.90710477734767 0.3186370031028 
-1.0574886484774 0.37295053488283 
-1.6379071576914 0.36643914633037 
-2.6729038184495 0.26676794008771 
-2.0688523030993 0.33160552788108 
-1.5407113361205 1.1580396054544 
-1.6591145480473 0.90347962969004 
-2.5899200037967 0.73566161268459 
-2.7431993123942 -0.18791402157282 
-2.7545056246694 0.34388810481709 
-2.0073254887643 0.74943309595978 
-2.9911242439049 0.74237436200348 
-1.384589443018 0.31660581884945 
-0.83577306725972 0.9490636312623 
-2.0838120197855 0.7072461376543 
-1.882126787494 0.70490866603105 
-1.6520689232594 0.36766047485016 
-2.3853403376408 0.084468406975412 
-2.4827824371762 -0.34422256306667 
-2.37381374416 0.56496103292345 
-0.7079392753255 0.65335006219467 
-1.6192764939963 -0.035775086601352 
-1.1985031505191 0.98647251409554 
-2.567345579065 0.38889233853808 
-1.2583937970256 1.083752111063 
-1.9310414896762 0.52577543250976 
-3.0232615067063 0.09456753685288 
-1.141656665468 0.98368267247306 
-2.7419116571513 -0.26791779310649 
-1.1756768147249 -0.23775863324475 
-1.0409056585712 -0.20528289514049 
-1.7553210146223 0.32710318214846 
-2.4282350165584 0.78115667396506 
-0.81495279280751 0.45166018834366 
-0.81983507801118 0.72880194887524 
-1.4541779926467 -0.030420087585403 
-1.3291141423598 0.16039195622317 
-1.1609791628979 1.0093645637884 
-2.0015831514772 1.0253747344099 
-1.4964488250818 1.1752160340723 
-1.2685535207875 0.40719137017026 
-3.0278356345622 1.1224692351945 
-1.7109958172372 -0.3567711534648 
-3.2003059495831 0.80692072263118 
-0.93859029478324 -0.27372000473046 
-1.3339934740605 0.41175168613585 
-2.5948762789859 0.55826799109128 
-2.1662125814194 1.1488249877285 
-1.9367145016185 0.14074912567198 
-2.3211171822404 0.0074432880741824 
-2.9920249823434 -0.052005815656902 
-0.74595981831796 -0.15950627577373 
-2.5310603856644 0.30653550341727 
-1.7668666722187 0.3007603740498 
