-0.90806796701914 -1.4556221149936 
-0.95676898549291 -0.59811238486427 
-2.4372468918953 -1.269276164958 
-2.9892463261108 -0.78722887750746 
-3.0287684087313 -0.90801462549574 
-0.96855995819397 -0.85110665936043 
-2.1644312582792 -1.4766283589952 
-0.87528368245689 -1.5371040458786 
-1.1624882310867 -0.40704440874717 
-2.8701049329307 -1.0114390464701 
-1.4513244834415 -0.74654798105002 
-1.8611970940482 -0.66121408772551 
-2.2979844640084 -0.8758517275855 
-0.89752126834348 -1.7438323321418 
-2.9351229192434 -1.4018949221093 
-1.7459337163811 -0.71284107551687 
-2.0266156047991 -1.0752428089804 
-1.3911994512614 -1.0404100262924 
-2.2288902062701 -0.91201446871992 
-0.85794975679819 -1.428498570926 
-2.8327196799747 -1.3439043082252 
-1.7292476955114 -1.8360246749197 
-2.2671944887705 -1.9214396719353 
-2.7288812084948 -1.8035521452547 
-2.4301865435215 -2.0550924261996 
-2.0103388514681 -1.9871468195563 
-1.1412979950756 -2.1280383187761 
-0.89785975306618 -0.56365210894806 
-1.1741928025819 -1.0962131421352 
-1.3106038237835 -1.4416399589201 
-1.8479887719532 -0.82440745745122 
-2.321525118288 -1.3898771234051 
-2.1097736482839 -1.9771002510856 
-2.0497605096126 -1.9587162017403 
-2.5047272726732 -1.7468226521057 
-1.8124100174351 -0.9047850345168 
-1.4329492128978 -1.0189555477679 
-2.978799134681 -0.93011676149989 
-1.4246836335621 -0.60484855420957 
-2.8226659849576 -1.8129289905252 
-2.4191454001221 -0.9036421191474 
-2.3442838374402 -1.3869425710066 
-2.5299504192691 -0.75316990007014 
-1.0687350642033 -1.5870375153636 
-1.8753179168253 -1.6496093585734 
-0.99489886146996 -0.93328948184825 
-1.7680070126349 -2.098400560493 
-1.979970165306 -1.070358374834 
-1.9900786268596 -1.8027741167694 
-1.9026844441354 -1.0767025874046 
-1.301890449752 -0.61287982255364 
-2.780609191785 -1.5997540872899 
-1.8980630131759 -0.88659897721074 
-1.303022769295 -1.9480082377071 
-2.734422234994 -0.80444480251368 
-0.83266280162438 -1.062167844691 
-1.8814011464867 -1.4730833155119 
-1.1270110375371 -1.009754433472 
-1.0747285914538 -0.5269118458535 
-3.1691804746872 -0.67949877214902 
-1.3244445448151 -0.48321086211285 
-0.70659344097181 -1.5339514047156 
-2.8098892759076 -1.660671248107 
-1.3632970173392 -0.50773722260609 
-1.7836302620311 -2.0888432444141 
-2.1490272881349 -1.1876139290955 
-2.8127424132856 -1.3717249477171 
-2.0828347558745 -1.7743558240289 
-0.85034639167923 -1.2613171811563 
-2.3621918850615 -1.5205405051382 
-1.9884369168062 -1.5663823668855 
-1.12396054604 -2.1471084389534 
-0.70860981328049 -1.1755018263442 
-1.7504144099167 -1.2868109676252 
-1.5778131361576 -1.3526191190785 
-3.0266071638703 -0.70115608570898 
-2.2508533211656 -1.1442355322715 
-2.9955373579442 -1.7459010978555 
-0.79616085311661 -0.7358271657966 
-1.1166255117139 -0.61392090770745 
-1.0971061757682 -1.3764678603519 
-2.101310011638 -2.1304030763721 
-2.115809179432 -0.83601323451418 
-2.7617312263018 -1.0265099477367 
-1.3072890072962 -0.6703301206586 
-2.9590323914954 -1.2078179889328 
-2.2683594406639 -0.44949862926658 
-3.1734626558956 -1.4347536554754 
-3.1216286413162 -1.3705961246598 
-2.5162538633109 -0.73145374736959 
-1.3924072970663 -0.86632405302868 
-2.5712127276499 -0.48014918624116 
-2.1116250303124 -2.104116147512 
-0.9689187326746 -1.0642430960037 
-1.1277782613549 -1.3691657558496 
-2.7755900741345 -1.8202010332879 
-3.1458695814852 -1.3346154076266 
-1.5829818292613 -0.87373610049069 
-3.1970526125746 -1.3160483782182 
-1.2421588017952 -1.4078893571825 
-0.99784721842682 -0.53808624373243 
-2.8325040891818 -1.0221467125809 
-0.72716039298206 -2.0268151876435 
-1.8947684569217 -1.4386304713962 
-2.4074928759226 -1.7549653148035 
-1.044361439576 -1.3879383110629 
-0.90752884138613 -1.6601767726823 
-2.9972385844539 -2.0145735147095 
-1.8031882130113 -1.0522826883202 
-0.80447580131812 -0.396893069341 
-1.9692633739249 -1.7141571270134 
-1.9796143157773 -0.78767401678519 
-2.5471706889792 -2.1453459203711 
-2.0645766599614 -1.216368632091 
-1.3431210030125 -2.126803721483 
-1.0837299323324 -1.2823332062116 
-0.97245723555455 -1.5064439102884 
-2.4236966025039 -1.8918420954853 
-2.896682567105 -1.0389197665614 
-2.3924199318267 -0.6515927857213 
-2.354472836639 -1.5071574894598 
-0.75882399565597 -1.0539911089786 
-2.1674602532731 -1.1347932916094 
-1.5774938390464 -1.975115604843 
-1.4274215742485 -0.67586283084945 
-1.2521949855867 -0.61047350820104 
-1.2580766859101 -1.5886459641794 
-1.7196662340072 -0.79903396174132 
-2.8608115998351 -0.5763787009031 
-2.3327807974847 -1.0414636578229 
-2.5099974950383 -0.98896978776591 
-0.78395324789751 -1.1210614480055 
-1.7529860452358 -1.1671159570836 
-2.8352672076159 -0.59501349340911 
-1.2609328222409 -1.547823172427 
-1.7685762511902 -0.91872943599559 
-1.8443794998885 -1.1100153549218 
-2.6735972154805 -0.97094513976918 
-2.2197647785033 -0.68524036515676 
-2.3271228734036 -0.64431627741479 
-1.6249737309372 -2.0286513957882 
-2.3974039170039 -0.4154180289348 
-3.0226108727489 -1.0665958687349 
-0.85009560858067 -2.0362812155282 
-1.4253703292203 -0.40873788272797 
-1.8755855039925 -2.0822097912777 
-1.0150806660427 -0.46461007751436 
-0.74216280288205 -1.3856782784671 
-2.4874881053872 -0.74531812493882 
-1.736527049613 -1.2603150336038 
-1.4798013389637 -1.2782695421035 
-3.1720265566899 -0.94676499948481 
-1.5705903021998 -1.0959969722257 
-1.1300701420555 -0.42590297543857 
-1.3807519925996 -0.42404628201984 
-3.0262951813232 -1.8617526152221 
-2.026933099482 -1.2223543110311 
-1.4688515877634 -1.697393160407 
-1.792364364353 -1.3999742564396 
-0.86909811038505 -0.48059791012974 
-1.0251378805176 -1.9708875732216 
-0.94515755110613 -1.2296303631211 
-0.94094302826098 -0.75902654480119 
-1.8690625518107 -0.4329118982987 
-0.71574039358981 -1.1367462471754 
-1.7794394739193 -1.9382284716084 
-1.3909709309795 -1.7952911761592 
-2.015278103202 -0.61646823328608 
-1.8087169373581 -0.41312146925487 
-2.9964095490333 -0.42506181654748 
-2.7133622235972 -2.1433187789185 
-2.5557745993498 -2.1379333875022 
-3.1075742706837 -0.95482900321559 
-2.0835140125916 -2.0782191172342 
-1.8272976833646 -1.5611243428919 
-2.4601709454864 -2.0007765967017 
-2.3386449725166 -1.7843519228716 
-1.6376363522266 -1.0712053703706 
-2.2300308357957 -1.2030619125172 
-2.5578673503302 -0.73726094802653 
-2.9800817244063 -0.48411767002851 
-1.0390757354855 -1.1536143067513 
-1.5113657803486 -1.1787544835585 
-2.3206617176271 -1.642823701906 
-2.0318093131508 -1.1669903312568 
-2.031508090248 -1.1270977164887 
-2.4051124984142 -1.6920768441558 
-1.5970961080561 -2.0829000497205 
-1.357096276572 -0.67681239309758 
-1.384673546627 -1.5670386000616 
-2.5214213102983 -0.87213743659479 
-2.818366478231 -0.78224570056565 
-2.9635383522653 -1.2451373184037 
-1.5317905942197 -1.0749159527104 
-2.4972692971594 -1.581713199339 
-0.84922547538323 -0.80121260473694 
-0.74817302822925 -1.64331346685 
-2.5830962372256 -1.306758937254 
-2.5559685181615 -0.64769691744244 
-3.0096379226602 -1.8126317212738 
-2.8002716111671 -1.9657558935501 
-1.1886318882309 -1.1875068118074 
-0.74004550928863 -0.5974724607816 
-2.3013924013211 -1.5739331709432 
-2.0782101944079 -1.3863242366993 
-2.3884878237483 -1.1837871008823 
-1.1901785382808 -1.1731199139353 
-2.0294660409264 -1.0455912749165 
-2.2566518012212 -1.2766014553684 
-1.7529703968301 -0.94570744457976 
-0.90242597570478 -1.7416489878145 
-1.0159558850908 -0.57999099054229 
-1.3770014873182 -0.51561690523321 
-2.7084779956905 -0.7549896425287 
-2.1385892054274 -0.86704478151933 
-2.8486889564811 -2.0185440513732 
-3.0781052174117 -1.2229413540372 
-1.1379254605966 -1.9405890335955 
-3.1022083016788 -1.4194868831584 
-3.0097282399139 -1.9254689677862 
-0.78758501152621 -2.048237570105 
-1.9537459033475 -0.53386947507705 
-3.0529609672088 -1.8194191217736 
-0.81137641162168 -0.82322645098783 
-0.84136641010236 -1.6250375930226 
-2.5247178521455 -1.9905950962255 
-1.8430390381214 -0.78827829587064 
-0.91499282404501 -1.3638649678791 
-0.75576097285361 -2.008345834038 
-2.1292973853828 -2.0061021079185 
-2.1959735022814 -2.1028184977313 
-0.91575226576076 -1.3650478841285 
-2.3833005336329 -1.4300163288911 
-1.9496197266297 -0.39863567014832 
-1.3866677460064 -1.1837616196913 
-2.9211885286062 -1.8205652908787 
-2.8786488842344 -1.5570659847916 
-1.004718832169 -1.863976073412 
-1.8592654153368 -1.6730286439099 
-0.75355548226488 -1.6400537557576 
-2.1948767090574 -0.63945349067798 
-1.8797369489441 -1.8723034798357 
-1.4082907224605 -0.47516221437341 
-1.2888269578048 -0.72066782628346 
-2.7077431110689 -1.8174631780065 
-1.148932288163 -1.7608976306784 
-1.4201324514888 -1.0968545474556 
-2.3171725322134 -1.1735611531067 
-2.6281339476299 -1.5453370299565 
-2.6345479367639 -1.3817020767542 
-3.1526632854462 -1.6121217780523 
-3.0140629929901 -1.7590616620955 
-1.9920260798953 -0.92450434846431 
-2.0463147405272 -2.1228076239644 
-2.2044342977913 -1.7311002131685 
-2.7627840255435 -2.0037280373898 
-2.4752399634987 -1.1056012844794 
-2.5453524909068 -0.77263880819826 
-1.7804925009978 -1.723405950908 
-1.6156506839898 -1.9758109452149 
-3.1007759877737 -0.74529248155835 
-1.7999301959422 -2.0177786248281 
-1.6566870803505 -0.63399892025068 
-2.4662052115028 -0.81263439584779 
-2.0390779708383 -0.94096540848113 
-1.724626747621 -0.67382543409348 
-2.8079789602046 -1.9302330199741 
-2.247744798976 -1.4545602928727 
-2.7829563407837 -1.5563388049376 
-1.9318454980083 -1.7900291236607 
-0.90452155694974 -1.1704598394008 
-2.8297568149555 -1.6793604192137 
-1.8626350719088 -1.9482402545489 
-2.1213701633284 -1.3830069803358 
-0.99318082057779 -1.8018750806001 
-1.2177688213729 -1.3915801679453 
-2.1764367857196 -1.0202779940129 
-1.8669281930322 -1.1057275583532 
-2.1443346801403 -1.1259385522101 
-2.3586066448855 -0.78923244428164 
-0.7021402049653 -1.6878984175 
-2.3787680108736 -1.4312220285064 
-1.9930112838105 -0.41358322552382 
-1.9831413140008 -0.81945234429517 
-1.4835187801039 -1.8674240860653 
-2.426128956715 -0.60362324856619 
-1.7280740216737 -1.2529124175189 
-2.339955239946 -0.47152779106497 
-2.3405879676838 -1.5407829378295 
-2.5072714047412 -0.49134714765921 
-1.3248756142357 -1.1859176271822 
-1.8275090435655 -1.0147412472367 
-2.4076138038384 -1.69453593101 
-1.9578339901962 -0.59531628531904 
-2.3883074899565 -1.8640320341988 
-2.2072143701603 -0.87127857356046 
-1.4103279883231 -1.8057581054138 
-2.8253546188168 -0.80451778029475 
-0.85533343983916 -1.29366991013 
-1.4831882481033 -1.7448965683286 
-3.0891778371026 -1.4290755728196 
-2.9179483578498 -0.83609531324074 
-3.1421628726677 -1.2426578062149 
-0.99897062985036 -1.355214414827 
-1.2239280279991 -1.5161626404681 
-1.6381964923922 -1.9830471513216 
-1.0710391571766 -0.90897997049513 
-3.0943901030521 -1.0981105194723 
-3.2011895247892 -1.3769703500801 
-2.3028650424528 -0.63069891238635 
-2.6086755579747 -0.7205017500134 
-2.1500049346764 -1.8321012355224 
-1.4867658937422 -2.1140506039866 
-1.4911492234237 -0.63948095273915 
-1.0682384403622 -1.7991402840254 
-0.87416681710092 -2.0429944515788 
-1.0787716682723 -1.418698509973 
-1.3086112180802 -0.71468695997618 
-1.1899635754939 -1.5266270781389 
-1.6953099890799 -2.0481295257321 
-1.9944726468592 -2.0392094442069 
-2.6265984515605 -0.87584032230328 
-2.8608011493372 -0.63351077707534 
-2.9443435607535 -0.5773806003731 
-1.0114300547381 -1.9243642894845 
-2.8837180685515 -0.58975514958373 
-2.6468680534196 -2.056211350766 
-2.8478456438276 -1.7996127496471 
-2.2120544351759 -1.0765836469895 
-2.7049632624712 -0.91855415538317 
-0.70331461193537 -0.4661789933712 
-1.3789080638046 -0.54999591906932 
-0.81648044926785 -0.8706176778531 
-2.3634377221042 -0.99049031949492 
-2.3678682729172 -1.6394979566603 
-2.7056871878039 -1.4744256374269 
-3.1662891796107 -1.5863608670829 
-1.1519537448745 -1.3333112919136 
-1.341720320695 -1.3883237106499 
-2.4034921962915 -1.4261780597424 
-1.9309678546348 -0.97620887992332 
-2.7062565754957 -1.6735648512028 
-1.8252999048791 -2.0036258379483 
-3.0960640845841 -0.43778018839803 
-2.3246327585508 -2.1204758588302 
-1.488504438849 -2.0113277926474 
-1.0400106534151 -0.91763909452867 
-3.1845708656252 -1.5943741370316 
-2.0949010745642 -1.6921658592536 
-1.3532910631259 -0.93647974471477 
-2.049991949039 -0.99451193391189 
-1.1578215848119 -0.49092749885361 
-1.7028263592172 -0.71009796663607 
-2.2042630523415 -1.1043307477727 
-1.8620944638942 -0.71051532664938 
-1.0485411124362 -0.94115316492899 
-2.1871173248425 -0.5255142111427 
-2.2949014545973 -1.020230092966 
-0.7955288659156 -1.5111591138605 
-2.663358601656 -1.4351090512152 
-2.1843150982202 -0.76651434785426 
-1.8720841235828 -0.44905534126603 
-0.98913513714278 -0.4661809348609 
-1.8819700107484 -0.64973053408333 
-3.1429615666249 -0.46062378501294 
-3.1264745246168 -1.2345400527845 
-1.5219902078328 -1.6065854970376 
-0.99410445823324 -1.0284681224842 
-2.3674240470844 -1.3227608920537 
-1.4937194781284 -1.7454318310829 
-1.6228150554582 -0.84122436126738 
-1.0615893741855 -1.9042053229163 
-1.48027985354 -0.63409585716423 
-2.3578830516858 -2.1240677087669 
-1.3112969286368 -1.8977860386203 
-2.9898200675815 -1.3774344552828 
-1.7509743847831 -1.7690922834031 
-1.6758856556712 -0.90649158631742 
-0.68801813113781 -0.8900502079552 
-3.1004030050647 -0.68664388984984 
-2.9144597703621 -1.3143689791354 
-2.68243992177 -0.76280944286855 
-2.5664531362183 -0.62293784483096 
-0.98351333089589 -0.81454047957396 
-2.2924835670713 -0.98367074614251 
-1.6221965551199 -0.56059185787593 
-1.434592135923 -1.5196282933449 
-3.0296181781474 -0.52501995429497 
-3.1106058774527 -0.9247308040372 
-1.295352837678 -0.92468782867146 
-1.1172161365578 -1.3609488173561 
-0.83638140312651 -0.6227558362482 
-2.9839379432441 -1.8699687390094 
-1.0043132175123 -1.5856733094358 
-1.6285053357399 -1.5896078633707 
-1.0619919121662 -0.45367589686309 
-1.8728831937487 -2.1234955530087 
-2.8472916015217 -1.3441137813361 
-3.1245403586734 -1.7206945000226 
-2.0658842991843 -1.4775358400019 
-1.7603292803337 -0.45775692786559 
-1.7949535264471 -1.0344092995935 
-2.6060708952416 -1.4036585690084 
-2.7260500834613 -1.7972418270818 
-2.2579235284007 -0.461251335859 
-2.2915365997267 -1.0288442161955 
-2.291837068431 -2.1357950746055 
-2.3735407405841 -0.44341899153826 
-1.355271792209 -0.40130605841106 
-2.9293511177846 -2.0428811705402 
-0.77637831350326 -1.8193460182453 
-1.2454754563337 -1.7075223096169 
-0.68772972803591 -1.0257003845326 
-0.95520257113888 -0.75481064636767 
-1.6682555536145 -1.1455388419147 
-2.2676748825633 -1.9145989644075 
-2.7809603203307 -1.8120445577082 
-0.81728231232218 -0.89341945182617 
-1.5060125817788 -0.82398474003591 
-1.3441253711627 -2.0285312281388 
-2.6090514158019 -0.72723541870335 
-2.9804561837396 -1.9854444307626 
-2.8435539048993 -1.7867457197977 
-2.7345472228165 -0.54129534762512 
-2.6361793474211 -0.63084077745796 
-1.82018138887 -1.8676957277062 
-1.1390454725936 -2.1583473150839 
-1.1091279845046 -1.3754851850682 
-1.4682711849735 -1.3039157550386 
-0.83542317774244 -1.5377892716217 
-0.98924437504983 -1.1782252568223 
-1.6260054027785 -0.39646361625901 
-1.1635325947919 -1.9474257062347 
-1.9158501206208 -1.0447916440245 
-1.5903481606868 -1.9925322330657 
-2.5354869239924 -0.99411149375544 
-1.5753949708353 -1.8620867383364 
-2.4112724997673 -0.85975391233074 
-2.1465528728542 -1.9512243267175 
-2.6342161592175 -1.1456890481136 
-1.6504266162221 -1.7714360645119 
-1.0039484778566 -2.1112002945301 
-1.4927342899417 -1.591521234223 
-2.1290286067198 -1.96581789102 
-1.394392375096 -2.1545909056787 
-3.1082579604164 -0.57558932980327 
-2.2010236395452 -0.98430824442567 
-2.22705685741 -0.46283029891541 
-2.3429631497928 -1.9947867819277 
-1.4096595685928 -0.55852343033665 
-1.2644589847907 -1.9061545986279 
-1.4777410341909 -1.9722601013649 
-2.4142361850752 -1.6200966420791 
-0.92005748022356 -1.340408129047 
-2.5647498885585 -1.5319859823826 
-1.6297309351195 -2.1323576793841 
-2.7045732833204 -2.0483350001465 
-1.3829605293767 -1.7119802299936 
-0.99622090151827 -0.68813288508475 
-1.7489701325643 -1.2615828870026 
-2.3899663616686 -1.7449704311215 
-2.5423341589558 -1.2339208437763 
-1.6346503590487 -2.1194428859337 
-1.8253487519472 -1.571794484556 
-1.699418386855 -1.233367392432 
-2.0291510362132 -1.8415561175005 
-1.6800291412149 -1.4570245961488 
-0.73431978466156 -1.9808415182763 
-0.69083487276119 -0.47236996633823 
-2.705779647635 -0.43904857076698 
-2.0524790791051 -0.45595567740064 
-0.95479472540961 -0.47809864882454 
-3.1623296295037 -0.94389042669997 
-1.0565339381455 -1.4713244949905 
-2.2156432513231 -1.3281389387498 
-1.2687781818921 -1.9297866293673 
-1.4361425990343 -1.474394640411 
-0.81960204752609 -1.916168354361 
-1.1234649043078 -0.73878408604127 
-1.69056502086 -2.1153408787393 
-1.4323976725456 -1.3096995642441 
-2.1795859139088 -1.2183986378948 
-1.8301365470139 -0.89235131825169 
-2.275926605026 -0.95509086787773 
-1.0334661270852 -0.90293337605871 
-1.1072563090321 -1.2382636013144 
-2.2259197880844 -1.0859495582043 
-1.2042080436363 -0.83624872629683 
-2.8200219785453 -0.52722216267031 
-1.6492923922289 -1.1604153365471 
-3.1971420710828 -1.7017847900107 
-0.78432199470193 -1.231131194233 
-1.9941413720681 -1.0958029747993 
-0.81782797495411 -0.83009331670014 
-1.0958141782199 -2.0016189044756 
-1.6121508519153 -1.9271933570038 
-1.8061440740396 -1.8785521974483 
-2.8771364283049 -1.3433843246597 
-1.5671136453696 -1.5067161960399 
-3.0824776222178 -1.8603333585347 
-1.4869169599676 -1.5829317013 
-1.8794904716128 -0.53398507739466 
-1.6837688599102 -1.31546912157 
-2.1164442840131 -1.3732038960547 
-2.5275221319518 -1.1553901443709 
-1.8689199395392 -1.6150706439963 
-3.0421015559157 -1.6672668129132 
-0.84972400078105 -1.7673724847131 
-1.2329038576973 -0.54112107994412 
-0.96980188459658 -0.6721148139374 
-1.5813213984818 -1.5896941430014 
-1.7004597983214 -1.0749762278876 
-2.9023653672528 -1.1986331498455 
-3.1354321887993 -0.78274256332176 
-0.76155185260246 -1.3613395027454 
-3.0949246085838 -1.1413845086325 
-2.0051022079147 -2.10955163953 
-3.1632916536181 -1.946025190189 
-2.4968298109244 -1.6524622969786 
-1.9046681832621 -1.3887744401545 
-1.568352027237 -2.014187065279 
-3.0917488687445 -0.83644700477973 
-2.0376205387108 -0.87481182988134 
-1.0337789504172 -0.70116861838523 
-0.85523722838765 -0.63471892837679 
-2.5956301292134 -0.84019345576126 
-0.93812991758686 -1.2288459176593 
-1.9338199579957 -1.5831436261279 
-2.0936683035324 -1.8376553903205 
-0.79855542096819 -0.49907158831378 
-1.4327450529767 -2.0041196367114 
-1.9558633185073 -1.6373877097464 
-1.2795628953424 -1.7819553901881 
-1.3410132043262 -0.91361004110911 
-2.8595065217931 -2.040464559507 
-1.5997642205951 -0.60895815121617 
-2.0565248442254 -1.0913966564133 
-3.0545117646499 -1.5130863279648 
-3.1777774738536 -1.5585882869045 
-1.2096954334568 -1.3667675467418 
-2.1731538556328 -1.0327090134432 
-1.8803189945421 -1.8587561725862 
-1.5313553852951 -1.6928924361259 
-0.85479731087994 -1.4947343181136 
-2.8525561941424 -0.64090221198124 
-0.80315933818145 -1.2407490088992 
-1.8920603984279 -1.6630444738493 
-2.8944606005474 -1.9370212595841 
-1.9455532279923 -1.7872484388515 
-2.3832734352582 -1.4007409531286 
-0.97596705794718 -1.5409455132575 
-2.3299991048433 -1.1534080481132 
-0.73740098515667 -1.9690634726542 
-2.9721339826747 -0.47763911868531 
-2.0054501503611 -1.5627774246596 
-1.9259658288455 -1.5120109442991 
-3.0149336546654 -0.58964984536273 
-2.991256379022 -1.4414250063247 
-0.71267010015802 -2.0822083825385 
-1.8901979792007 -1.1156743911684 
-1.9141042314937 -0.50811817568918 
-1.5562881852259 -0.85194891035936 
-2.113390867516 -0.70393088588753 
-0.87896144767697 -0.9089233021702 
-2.5300742075093 -1.4559687539224 
-2.9019479719381 -2.1138838528648 
-1.7333990492546 -1.3516953836543 
-2.0260025010049 -0.72231688484972 
-0.69201589958216 -1.0983805031234 
-1.8241876474644 -0.71324385342221 
-2.4133148774998 -2.0522913135758 
-1.1558306768907 -0.82212412326215 
-2.6365433740017 -1.0502757123674 
-0.75575914722361 -1.0981993869738 
-1.0720919809937 -0.70871064380933 
-1.864129132545 -1.755161429148 
-1.2070351922441 -0.53167632578765 
-2.820884971658 -1.1161213237152 
-2.6600878339476 -1.4531401459297 
-2.0995047021157 -0.49290436096225 
-2.8852506878861 -2.0455575510427 
-2.3036096306063 -2.1051860735944 
-0.97601296804266 -0.5533930067313 
-2.8164855664924 -0.72162040373299 
-3.0990844117526 -1.9472036385002 
-2.8626692561798 -0.61868574535373 
-2.6732493017198 -1.7117935427292 
-2.4754588528772 -1.7389941353985 
-1.031838373968 -0.40109287793819 
-0.99956197862619 -1.4403572806492 
-1.7268002571284 -0.8411121542849 
-2.6958913614626 -0.7996094428672 
-0.82302843553569 -2.0223512803301 
-1.5947315292144 -0.85491422146111 
-2.5459697736334 -0.78738481077535 
-0.90647990457092 -1.5415048490514 
-0.76299272945624 -1.6367056557937 
-0.89087447201229 -0.63372252282029 
-1.1918765662436 -1.775202920149 
-1.5621702871155 -1.749365279143 
-0.93380851932512 -1.0434819216135 
-2.372353664945 -0.50629234712246 
-2.7139910900724 -1.2984898867905 
-3.1511783773436 -0.84854962142272 
-2.8959061983114 -1.4185263921395 
-2.7570634581903 -1.2040595686176 
-3.1344063965892 -0.40605707382074 
-0.68730269737255 -1.5042350638323 
-3.0049942244559 -1.2449123571951 
-3.1316050598872 -0.42535639376618 
-1.0851281316679 -0.90023130371966 
-0.76233853348551 -1.8912783007 
-0.83267439082856 -2.0136845487525 
-2.6783191786216 -1.143382957658 
-0.7794299721146 -1.2575970202278 
-2.5399501510265 -1.9433372645646 
-1.6555270040376 -0.79283374420318 
-3.1816876642128 -0.45722149772289 
-1.6969480578831 -0.47101053779232 
-1.6134325490664 -2.0350161659903 
-1.9139636966401 -0.47583559672268 
-1.462990118779 -1.1298405058648 
-2.7885831660227 -1.2674478015293 
-1.7509781401072 -1.6713025524706 
-0.9093218320576 -0.48311149609305 
-1.0982296033868 -0.76761130339489 
-0.75831956927678 -1.4879278571185 
-0.7311953188662 -1.519363236769 
-1.043603337661 -1.8035996140612 
-1.0462702613959 -0.40056691004827 
-3.1216761634564 -1.774862636073 
-2.8260287524376 -1.7899053413308 
-1.2803531691336 -1.8645316376043 
-1.3551788674555 -1.1274084425871 
-1.0157167621323 -1.253416700681 
-2.6052481076764 -0.98747261034091 
-1.8561625938135 -2.0827622811438 
-1.9798577954492 -1.4634651783123 
-2.4560936590084 -0.85912943295317 
-1.5714939600904 -1.3456172265637 
-2.7233679671359 -1.5694228628683 
-1.7504313128088 -0.59839068578073 
-2.2653160168472 -1.2902920540322 
-3.0798597375287 -1.075392146876 
-1.5828344206864 -0.40166848538739 
-1.9926894268812 -1.5066386755384 
-1.7772463383584 -1.4524526893854 
-1.5080884408289 -1.2845160033291 
-0.98683574783047 -0.5290581860301 
-2.0205802093057 -0.49901010661175 
-2.724195780575 -1.2858990475844 
-2.6003006729754 -1.6717760431058 
-2.9205734637085 -1.5695739716633 
-2.494058406077 -1.1351627241181 
-1.2168214621926 -2.0340903275621 
-2.4639305366028 -0.83134584245158 
-2.7748710858925 -1.9278501830031 
-0.9532889687607 -1.4950946767843 
-2.0512725992464 -1.6935319223958 
-1.3328376182347 -0.43365384644208 
-1.8180966854922 -1.3230967322991 
-0.93559317159432 -1.4505242218866 
-1.7317958246959 -1.140529466484 
-2.7703801186313 -1.0099502568108 
-1.7505982736298 -1.8915788595693 
-1.2093497370153 -1.2935214578819 
-2.1966866315729 -1.3669228816069 
-0.96136504866708 -1.9046927687731 
-2.2236550965724 -1.4864169720222 
-2.8492633910468 -1.7909959530837 
-1.3290614761225 -1.5428926205288 
-0.68761961168925 -1.3902568818329 
-0.85464301847071 -1.7560921240689 
-0.74809995568988 -2.0456497573419 
-1.0926998949686 -1.6416931578839 
-2.8145994258042 -0.4540701642651 
-0.72340970656415 -1.2572125366916 
-0.7838973933633 -1.0762194243677 
-2.1513480511351 -2.0575556966004 
-2.6805444097297 -1.1486398783532 
-0.80080081091654 -1.2708217707226 
-2.5800375969445 -1.4404285903098 
-3.0434819385754 -2.1455876596806 
-2.560121584702 -1.9911072785496 
-1.0412946856625 -1.6428872789846 
-1.187780680391 -1.5936665285302 
-2.377645320133 -1.6449006823 
-2.2826618035783 -2.0481071361485 
-2.7412792930024 -0.67640860947914 
-1.9466624195802 -2.0001445443436 
-3.1862594619152 -1.5768206707011 
-2.2958854112325 -1.7405033756653 
-1.2204096918641 -0.98532172661976 
-1.9814945548776 -1.3289158556384 
-2.678210051617 -1.8092904025389 
-1.877831347596 -1.2048584985688 
-2.7959047820575 -2.0307049870989 
-1.9313374900818 -1.3602216412619 
-2.8029829790071 -1.1878186976943 
-1.8675796813344 -1.311090917988 
-2.8888717416093 -1.3510219597019 
-1.9828166636747 -0.53642270087049 
-1.2820927032461 -0.4674529080876 
-2.0173447718621 -1.0917945100696 
-2.1319393197642 -0.54214192045407 
-2.3653720382422 -0.65678599840935 
-0.79892319201447 -0.66087040280053 
-1.9569042609078 -1.5455749255057 
-1.4223747451891 -0.75387326632637 
-2.0648911642019 -1.5491072474349 
-1.9341043374891 -1.2648014959462 
-0.84717094544443 -2.0150832487046 
-1.6139198667876 -1.7594285717792 
-2.5799208657619 -1.858620979669 
-2.2908401036323 -1.0989514700285 
-3.0458320285312 -1.6377261958277 
-1.9732109080451 -0.55501555150379 
-1.9318522058097 -2.0919545443161 
-1.9260672062265 -1.789330796634 
-0.90043329121035 -2.1548663272322 
-3.0392153973835 -1.0097018363731 
-1.7407047658643 -1.4418145011541 
-0.73394785596189 -1.4473596523545 
-1.9411987449592 -0.45355031496131 
-2.1999739647759 -1.10144323785 
-1.9769961236746 -1.4406293237265 
-2.3790100077235 -0.95744937960954 
-3.0599797022469 -1.1232611667166 
-2.5527059159553 -0.69136933819701 
-1.6495339562409 -1.7426251313773 
-2.9048210565065 -0.57507863655395 
-1.7341106477667 -0.93575080511722 
-2.5114656366273 -0.95422478706463 
-1.3289299447538 -1.3868738463264 
-1.9720839961512 -2.0163537788866 
-1.1134919400024 -0.90949388730524 
-3.1519883315637 -1.2746549330577 
-2.6355595046571 -0.80471937085135 
-1.1635684707471 -1.2047109795535 
-2.6622362333171 -1.9960734020883 
-2.4528559469552 -1.630786333578 
-0.99004164397791 -2.086235455215 
-1.1183240234883 -1.635839701496 
-0.87214794623284 -0.71097934078973 
-1.5578802606839 -2.0870365437594 
-1.5723641603817 -1.3757426411388 
-0.88614107984513 -0.94881678260635 
-1.3448766079538 -1.8026470167071 
-1.8388911629074 -0.46309558198993 
-1.2542497392744 -0.79535230292584 
-2.1567794863995 -1.8014045856304 
-2.3028694675297 -1.5737075995196 
-2.3682525235813 -1.6692748766978 
-1.9378965291713 -0.40308606643755 
-2.4955446407079 -0.6837835938178 
-2.619043086654 -1.2732529449905 
-2.627082285082 -0.72625875187182 
-2.1669583353597 -1.9544671706821 
-2.2254965104671 -1.0277192815551 
-1.8074717605194 -0.53104563691521 
-1.721455245703 -2.0466001997234 
-1.1207665467481 -1.3593547869519 
-2.5068676831359 -0.66864288969537 
-1.6727583508239 -1.819257091354 
-3.0357703264025 -1.3922301095159 
-3.0590698615177 -1.1838946457445 
-1.4299704728813 -1.0891588120801 
-2.6695188004186 -1.4747994984291 
-0.91914751713777 -1.2049115809138 
-1.4350825775529 -2.133273107515 
-2.0346950678189 -1.1131361896307 
-1.8903153121601 -1.6081376226969 
-2.0833239471114 -0.7526274940129 
-1.3302749552107 -1.3338635937056 
-1.8742203355097 -1.5252272543075 
-1.6489272554258 -1.5193420064474 
-1.5119591407141 -1.0201449268353 
-0.82513444222678 -0.56161683810301 
-1.5745726254368 -0.43696709368977 
-1.18465388877 -0.78473583188382 
-1.870561811538 -1.7295826363907 
-1.998652382072 -1.5170937540808 
-2.4361682729956 -1.9225500751185 
-1.1483554972279 -1.2229093073847 
-1.700192796526 -0.56909126334449 
-3.1232721583724 -1.407259964682 
-2.6330008818833 -1.782057894501 
-1.5601371255436 -0.43391037438569 
-2.2260048577022 -1.6546224714034 
-1.0710566682264 -2.1219532972874 
-1.9421167651207 -1.782021103008 
-2.5552928631093 -1.021948527785 
-0.88755996597399 -2.0756314452873 
-2.8316987895025 -0.62505946747334 
-2.1276254799186 -0.73347432120759 
-2.6381562817862 -2.0901626887184 
-1.1528737384353 -1.1437498309738 
-2.6263796917982 -1.4063914908114 
-1.7930030254863 -0.53639033559864 
-1.519590575353 -1.2293084952458 
-2.9162116738232 -0.40472697727735 
-2.7251869112628 -1.7889210432611 
-1.6217537822066 -1.1062157500319 
-1.5059022701042 -2.1239237336361 
-2.957469258938 -1.7953430004703 
-2.4794738616759 -2.0868946750963 
-1.2941514368632 -1.1566252679079 
-2.7475150731998 -0.464243843979 
-2.4198323016594 -0.96330101202672 
-1.1522443878518 -1.1906961382669 
-1.0261137000871 -2.1001705124487 
-2.7991837717604 -0.73663371867832 
-1.4709998532961 -1.1272160578669 
-0.91816398494323 -0.88991981289988 
-2.3794644754037 -0.4775199217311 
-2.8050958826831 -1.9110874072954 
-0.72412338695011 -0.65053257398778 
-0.69311049731578 -1.4267414997222 
-2.7292628320909 -1.4662468994245 
-3.0396902280552 -0.74451265547246 
-2.5444898311668 -1.4477517295938 
-0.74625635364681 -1.4874477475399 
-1.4123993354913 -0.4307302154038 
-1.4846528426417 -0.76557007370953 
-0.89011706819676 -1.0371253917155 
-0.99467822510309 -1.0462335860036 
-1.3333218480415 -0.8285961094353 
-3.0725128461759 -2.0197602193243 
-1.0790783167104 -2.0134296159499 
-1.474770682108 -1.8220329141355 
-1.8013285453448 -1.6898698982026 
-1.1865641940189 -0.85892611203453 
-2.716710364534 -2.0124819001076 
-1.1328273168037 -1.8419184473022 
-0.83234288734909 -1.3338325931873 
-1.177293605714 -1.7349754761218 
-3.0717386902249 -1.8439680942303 
-0.94884314115982 -1.9046432677342 
-1.5642737261437 -1.673328719077 
-1.253945565399 -1.9564504661688 
-2.3202367270339 -1.900921602439 
-1.6864554669083 -0.66742877788177 
-1.6303495292341 -1.5279669904618 
-1.3494033437088 -1.1190885251646 
-2.059580145877 -0.54637140488219 
-1.7074776844104 -1.0574518810859 
-1.9347909585953 -1.1127027212544 
-1.0507175518667 -1.2415136949739 
-3.1002609003464 -1.5564283791253 
-2.1850799817057 -0.67744473088505 
-2.722919839402 -1.4887913072107 
-1.3038252771115 -0.99897655615216 
-0.8933480303161 -0.79482708265805 
-2.1147914828606 -1.0639453626654 
-1.4604074348293 -1.0256876860863 
-2.2815335541065 -2.1399873887568 
-2.2617857886931 -1.8790417436423 
-2.9565809768496 -1.789469083919 
-0.95007139042742 -1.8504211970598 
-1.1960067748014 -1.4485729749832 
-2.7625410250379 -1.6812502396998 
-1.1238656342642 -0.4001868898507 
-0.69222268034964 -0.57552118032392 
-2.3146101428098 -1.0204641383039 
-0.91162303457554 -1.4046667547453 
-1.7678108199685 -0.98530327884427 
-2.8764221302891 -1.1481517272193 
-1.7826294341908 -1.0451649099637 
-2.3398142618859 -0.97263323978801 
-0.99902235782343 -1.7783455196907 
-1.4190670407329 -0.46106838235794 
-1.5819968350631 -1.3594042071813 
-1.5421110940184 -0.45576808745348 
-3.02275475373 -1.2633603981881 
-2.7158368845885 -1.9851175184587 
-1.8636605729145 -1.7825688025319 
-2.6040172097179 -1.6302449203923 
-0.74791501043732 -0.73882294404267 
-0.72704096956127 -0.71038640742444 
-0.80364119050404 -1.8318158792359 
-2.5726669254466 -0.51643397735231 
-2.6523991835351 -1.5139417593947 
-0.76065592536508 -2.0323003419495 
-1.165504677787 -0.70079184959854 
-3.023270568903 -1.3787156820396 
-1.3460552932273 -1.6184265303144 
-2.057016083139 -0.61260196574055 
-2.499054111459 -1.6817539508078 
-3.1125044107166 -1.2859234124778 
-2.8678613109579 -1.1051414915222 
-1.6437313519315 -1.9832292744609 
-2.8737992437782 -1.3035263196324 
-1.9684990311883 -1.82099282133 
-3.0361139194983 -0.46689065246997 
-0.98259597156374 -2.0620257791972 
-2.6816677208082 -0.40998689614111 
-2.6875166683781 -0.93517584471596 
-1.0787248247574 -1.4847500564937 
-1.4834731418723 -0.49886512150839 
-2.6585917946021 -1.283437351123 
-2.518708090828 -1.0401321011734 
-1.3653843822183 -1.0402568633867 
-3.0860794581171 -2.009179555655 
-1.6193937510702 -0.75261207616928 
-2.8545576241355 -2.1065194130282 
-1.8612627584786 -2.0626966912593 
-1.4015700255162 -0.7312138685353 
-1.3933194370058 -1.7410345818866 
-2.42983057689 -0.47089507726625 
-0.8615204493591 -0.88853985269359 
-1.0128416320511 -1.6422324523801 
-2.2171126194464 -1.1338211892631 
-0.9476968246728 -2.1310144865866 
-1.9557223927895 -1.5546427923266 
-2.4326466082311 -0.86928896630433 
-2.6444245228251 -1.5922792269858 
-0.78302906035769 -1.3083126445729 
-1.8005429600566 -1.0155187618853 
-2.6570004940808 -1.2550334621083 
-1.3483881620687 -0.39865846399675 
-3.0054765691913 -1.5391806277201 
-2.3313700006578 -1.3353744238146 
-2.4133131673223 -0.98777742623121 
-0.71822072790892 -0.52048296651501 
-0.83469428013074 -0.47746150769689 
-2.9687685599022 -1.6064331196739 
-2.5859204671771 -1.7615342632352 
-2.5146516554109 -1.1782906184342 
-1.5709800116939 -0.557440950864 
-1.7187181650437 -1.7611243379596 
-2.3112424594936 -1.1069700529173 
-2.0532242970663 -2.0385443199146 
-0.69802484476217 -1.7673121312723 
-2.5587613887624 -1.8814267614826 
-1.7806266007372 -1.6873090742879 
-1.8913851309878 -1.8092493227137 
-2.144919478957 -2.0824604539556 
-1.1607358527734 -2.1566591555675 
-1.9328778118712 -0.64999719646403 
-1.6532387829462 -1.974656308299 
-1.1100313092738 -0.54200178584545 
-2.4999103487203 -0.52867682390583 
-2.9876934797775 -1.185251346145 
-0.71326741299643 -1.0801309607668 
-0.81095471796664 -0.65099799921948 
-2.0348295714197 -0.92225129274732 
-2.7701378291486 -0.44802406405476 
-1.8742862780234 -0.68689959085047 
-0.76112557897968 -2.0801286358033 
-1.3793680234222 -1.245248881008 
-3.0414953484743 -2.1401269553269 
-1.0660713005317 -1.3285163003732 
-2.9475400673184 -2.0907652302117 
-2.4132743486952 -1.1008192822703 
-2.3142626180453 -1.6766137078591 
-2.0817265839486 -0.4278341493673 
-1.7935368192852 -1.5404672799895 
-1.6307967197558 -1.3619389236872 
-1.4676332352195 -1.2016001704537 
-2.3072422463817 -0.99035332253858 
-2.3297858230293 -2.0769381332941 
-2.4814989677818 -2.1391592910666 
-2.8296099240674 -2.0923486752303 
-1.1319326200674 -1.2516022868991 
-0.83600692657393 -1.3993703818662 
-2.5557785746176 -0.72003797420167 
-2.8983175416121 -1.8783033554715 
-1.1887521906562 -0.90502102609785 
-3.1942167751179 -1.2717561332548 
-1.7396633114262 -0.58853174257523 
-1.4151411057515 -0.51042807285137 
-1.262643224214 -1.2940719667949 
-2.3919070488321 -2.0400440101263 
-0.91749002448705 -0.93924150828139 
-1.5933684866046 -1.2321461909681 
-1.1683985602287 -1.5123400379785 
-2.5723854888301 -1.8293000368108 
-3.0142484213257 -1.3717939973958 
-0.72480119974895 -1.3147762696148 
-2.7057974291436 -0.88668588219553 
-1.8473191502322 -1.711320577235 
-1.5103533111472 -1.1210008953428 
-1.3395748738725 -1.3393413592247 
-3.0138086593223 -0.78689140116033 
-2.8026622275355 -0.56257368639392 
-0.80618933883953 -1.3383324783229 
-3.1299130908856 -2.0214631463978 
-2.6514144751853 -1.0272200203021 
-1.7970293875649 -2.1033341190411 
-1.5906677866011 -1.7618057316907 
-1.1613629888949 -0.42531037566302 
-2.4289559709162 -2.0952221617996 
-0.96559924426784 -1.0072278995802 
-1.1569203508744 -0.72803269397429 
-0.87928214303585 -1.7216311131966 
-0.86812850816423 -1.2349104140511 
-3.0336266054419 -1.2563440292928 
-2.0403607545827 -1.1539998100286 
-1.8225755899388 -1.7311475105863 
-0.84449193663223 -1.8068417174864 
-2.4747147219225 -0.62038367345189 
-2.0342844997836 -0.82607473279242 
-0.84734764667878 -1.3991196251309 
-2.1834237273724 -1.6043957366313 
-1.4612491633566 -0.95573887303327 
-2.1656243505667 -0.91840138048513 
-1.314570449742 -0.61979585152654 
-1.7979948014044 -2.0716018353856 
-0.88825958246578 -2.1409738104714 
-2.1991189501638 -1.6177068264531 
-1.766197141815 -0.90280169508318 
-1.4832024135217 -1.3507740546877 
-0.76298046741578 -1.9724454193194 
-3.1511464339732 -0.81661037483633 
-1.9741038138645 -0.7501914443265 
-2.9211776285071 -0.64105303187163 
-1.1599450669899 -0.75907586674652 
-2.5980660187581 -1.7772654895214 
-2.3887978429185 -0.48783720712398 
-0.88157303995249 -0.67044859521666 
-2.3109534022149 -1.6448281492826 
-0.99806215177114 -1.143240758809 
-2.7355075140103 -1.6111334718034 
-2.5456152522974 -0.67519111165606 
-2.1260276941138 -1.7405729807473 
-2.4184299625071 -0.70376805353686 
-2.893265631868 -0.51131488181401 
-1.860818695213 -1.7833368485066 
-2.0197204020474 -0.53725470632017 
-1.0271994568738 -1.6231480264196 
-3.0641913720233 -1.8859818991118 
-2.4857223165554 -1.8693310032883 
-2.5452654246247 -1.0310521597326 
-1.9074357573502 -1.1819761485167 
-0.75973277549818 -0.4604476412628 
-0.94205224751009 -1.2287534648413 
-1.0219747378666 -0.50339298511254 
-0.74146231506694 -1.0525834443771 
-1.0314527401008 -0.39784488004002 
-2.3734456984798 -0.97706597313957 
-0.91630979958992 -1.6899182840822 
-0.75816492569787 -1.8027096855809 
-1.0099377549373 -1.963844862184 
-0.76154657203344 -0.81361680545196 
-2.1981729642571 -1.9879446920436 
-1.8910440386303 -1.0420256127875 
-0.74686269763908 -1.750271188859 
-2.2848843825771 -1.7181777116051 
-2.7006576187798 -1.1294240251522 
-0.79672211587869 -0.53038046807738 
-0.73543522048038 -1.0437473007599 
-2.3000772857586 -1.7907800637761 
-2.3748219085519 -1.4751814491168 
-2.5299370026106 -1.4455604457031 
-1.7482498972238 -1.9701799913359 
-1.7005923943495 -1.6184202171141 
-1.9143918439954 -1.1211970663546 
-0.87790077922884 -1.373716418747 
-1.5520764064312 -1.96387022486 
-1.3290394766677 -0.91771139517131 
-1.2677908202511 -0.48455366718743 
-1.6672184333155 -1.8469122033674 
-1.3218737358456 -1.6334575305204 
-1.9273854261275 -0.41177709583267 
-2.5772968455273 -1.5207466498698 
-1.0051812158442 -1.3379900102253 
-3.1935798432773 -1.8951227017793 
-2.9547752119018 -0.92735860150949 
-0.80610762252726 -1.2388744531327 
-2.4221733481178 -1.6690609955803 
-3.0768069558442 -1.9088268371719 
-1.0005627860025 -1.428219428901 
-1.2537068886777 -0.78835323938913 
-2.9852622146792 -1.5381249029296 
-2.3388842057112 -1.1028612475845 
-3.1581359459158 -0.7619595241331 
-2.1535047336354 -1.2919560568659 
-1.2564541802874 -0.41755650015835 
-1.0039586195007 -1.8715679017857 
-2.4098147793167 -1.0646891350636 
-1.979656586578 -0.81362197108511 
-2.5787632129796 -1.9410420568199 
-2.2289149408271 -1.8588946846376 
-2.1103589448411 -0.69545036445536 
-2.0196744173049 -1.0017068658664 
-1.4296788525053 -1.0252888460176 
-1.8360273632733 -1.5793939610314 
-1.3298871710647 -0.92096056278833 
-3.1077429810111 -0.94281673242944 
-1.6462885246078 -1.4786424007977 
-2.6803898228406 -1.6985813460209 
-1.0347464189641 -0.56553810880023 
-1.6929234219878 -0.79395331159 
-2.3397081472123 -0.63429492615589 
-1.9285729176622 -0.87486745466202 
-2.1712097259638 -1.1162589430134 
-2.4940440896132 -1.3616128084565 
-2.2978238828447 -0.99268944112105 
-2.0270766385301 -1.9218796892041 
-1.5916996925621 -1.1608373137475 
-2.3241805928296 -0.57992833079927 
-3.1587054925765 -1.1890311555585 
-1.4624051886101 -1.6641253352685 
-3.1067205851035 -0.6770715422341 
-1.8389037995325 -1.6157514563654 
-0.97407150144921 -0.72798778226001 
-1.0542860280505 -1.4281555320748 
-2.4572121137649 -1.5899390020197 
-1.7564954896753 -0.99555992218571 
-1.0624448800282 -0.78249531694167 
-2.882221162228 -0.46074692461693 
-2.5964679231982 -1.9062615821722 
-1.1132388150649 -1.5417996499614 
-2.3657731916162 -1.7170806729324 
-3.047345105275 -0.52755488310757 
-1.3306012438385 -0.49833234272824 
-1.8457581922725 -1.3107771295538 
-2.3558393157644 -0.92912455181355 
-0.71225827468095 -1.6457691869802 
-2.9397769059313 -1.9610150024583 
-1.6900289954013 -0.52482141172484 
-1.5950756336887 -0.7943559562473 
-2.5681783146792 -0.84348664676867 
-1.20534103759 -1.7882391058205 
-1.0185001055392 -1.7704011388835 
-1.7788597420481 -1.0940345313996 
-1.436990289467 -0.57913495501602 
-2.181096026245 -2.0903279353815 
-1.6378886937976 -0.50611264167817 
-1.0675287675666 -2.0548762284002 
-0.98089043464161 -1.3856270544492 
-1.9861115465392 -1.7832124337199 
-2.8867475910712 -1.2002587766984 
-1.2795081898711 -1.5496642378904 
-2.6458532713759 -1.0830788399171 
-0.7472764885997 -0.60810402379431 
-0.97798194986536 -0.84044983592023 
-2.039016706125 -0.86068813651075 
-1.2068130456474 -1.0026614314633 
-1.4266291445295 -2.0135749793357 
-1.7361320241699 -1.6216825907999 
-0.8301608548745 -1.0107930844976 
-0.96289102894656 -0.69494088308727 
-2.0877009499414 -0.40547136905856 
-2.2984337538777 -0.61946393967945 
-2.8086167879507 -2.0727976277948 
-2.1053316015863 -1.0292821756249 
-3.0415622077463 -0.67312338595352 
