5.832312746775 2.8325196612437 
2.9871249607673 3.8925713896847 
2.7721019183494 3.6118378807414 
3.637425148984 3.9798417934693 
4.5671124713704 4.0114381508714 
3.4391289616868 2.9030636472962 
4.2192409833293 3.1923058396571 
5.1373146449764 4.4095376675697 
5.7398835850571 3.1893731877275 
2.9893431897621 3.5332202496259 
3.4447310063243 4.2815038923978 
4.2102940470711 4.6257829623559 
3.3544272015569 2.8263676019602 
3.9977616509712 3.5275295524247 
5.7125466693396 3.5516833903136 
5.5796336266462 3.7123741131734 
3.3084089058009 3.2937009615364 
3.4387322916662 4.1863655012611 
5.1276550130104 4.1868655134062 
2.9077929479327 3.6630918510963 
5.5060901767238 3.0642860009235 
2.7017846751721 3.18036183287 
3.9015750302827 3.1063447318449 
5.1704484717053 4.3142558893484 
4.3003101678064 3.5644434907765 
5.0918214354628 4.3500792880528 
4.0715202612237 3.510367251238 
3.4615619622834 3.4619299831091 
2.747505979078 3.2036830469008 
2.3773616295881 4.0058046837866 
2.6312452202819 4.6101660943919 
3.512144459194 4.2705471137053 
5.4091175386981 3.1109467781753 
4.234014527999 3.0327067173163 
2.5250451636504 2.8227929493572 
5.0949732517537 3.4234943211966 
5.2950062440366 4.0465528303537 
5.8533924941601 4.4658978936071 
5.3985321923398 3.7901571363687 
4.8461502283107 4.1714042923928 
3.8367885967586 3.3417474554786 
2.4743627246616 4.0148080164653 
4.2834243545674 4.0616732846675 
4.0929968811518 3.7702373207779 
3.515958270685 3.2178099079746 
5.7019030334647 4.3529989207774 
4.2924725569196 2.8123452412053 
3.6461018690717 3.7678960372907 
3.0805369904758 4.3167247823787 
3.4298428946953 4.3521738012676 
3.8417709394046 2.8858209132089 
3.8532599794704 3.9580961851183 
5.7547908119188 3.0039919321802 
4.7684056133868 3.1763459089084 
3.3789828833178 3.5202118758814 
5.8590557044006 4.2086739645039 
4.7672830810133 4.6295100356071 
3.1991869035344 3.1094305678677 
2.3839354225141 3.7843988464493 
5.0576232528766 4.3957514585372 
2.8592818813538 4.5890230661724 
3.6353184675293 3.9655729204442 
2.7468632288849 4.448991934943 
3.0017334089962 2.9744937178127 
4.3028757454144 2.8105158774082 
4.3280980334182 3.0691229733444 
3.7140097348696 3.6587804001737 
2.7407475321236 3.5584845533388 
5.5947742260433 4.0935347830433 
2.5876649351755 3.4384013941037 
5.3618532043933 4.6301406861031 
3.5291476569835 3.0669651725851 
3.1860225925488 3.2036824890972 
5.351879619543 4.3434994488322 
4.9523122807621 4.3857628390044 
3.9455984389456 3.717196145113 
4.9231249214344 3.7928525829894 
2.6259641046976 3.6479802878336 
2.5903032319597 3.2603517677229 
2.8617634948043 3.1082634283218 
5.7400907290662 3.8333333972648 
5.193749154981 3.8752076177913 
2.8394534261243 3.6887491175067 
3.1184522049856 3.8767910904075 
4.0745484837887 3.4658643042269 
5.9235815700856 3.2365826782311 
4.5440332297349 4.0243628945628 
5.4518562240969 4.5265931993162 
2.9129595744063 4.4769378417215 
3.3749933868154 3.1154571645582 
5.6808690767235 4.4367866708799 
2.4438714917202 4.3950117244707 
4.9358098366391 3.4221597910122 
4.6957956348661 4.0928955771795 
4.5073544339009 3.9759659572768 
2.8617280954736 3.1167769237021 
2.8818991867263 4.3920804946014 
3.8135343090942 3.9866850870128 
3.3674133644866 3.5055915095657 
3.4205992595999 3.0874762760755 
5.0071541299226 4.1276269972451 
5.6685703285677 3.942788874072 
2.6300889391475 4.6130655895541 
5.8801380821342 4.5515979685195 
4.5645612772096 2.8139690220797 
5.1053427002976 4.2988449663125 
5.8286483524907 4.4869774840149 
3.4453091189503 2.8671650079997 
2.4784806427343 3.0654984219325 
5.7959466746958 3.109390778332 
2.8299477432707 4.0441759753221 
2.8647127485105 4.2928602008225 
4.8736001732111 3.3074889409005 
4.9474545886768 4.5826705594712 
3.3270219512479 4.2949129146834 
5.4795719910522 3.5748324801593 
2.9530417107912 4.361422833295 
3.6605634935129 4.4658764406041 
2.998869046827 4.4177296187523 
3.4348577461316 3.3542032980938 
4.3513579338237 2.8924070845124 
3.7881458981449 3.9339437839966 
5.660484725066 2.9984614440465 
3.22967379729 3.1954304087238 
2.5788204617071 3.1146506756045 
4.4909949492161 3.1191234120248 
5.4733073447782 3.2933572031131 
2.6558426996152 4.063931870819 
2.6940666418956 4.1690398906599 
3.9809759714981 3.451353518431 
4.5824782032439 4.3732682584293 
3.9231127167906 3.551752659485 
3.5008464474887 3.2912513660092 
5.0393454975803 4.5249565691459 
4.4368530103249 4.6150502366736 
5.3857422560865 4.564295351783 
3.3081141557357 4.6039940254251 
5.1890220686582 3.9505512014905 
3.0976454097097 3.4335078249634 
4.4906989919105 3.2791012763049 
3.4171072480265 3.1230157155222 
5.7981515109857 3.4021114951596 
2.5722371830244 3.6282048183327 
4.9021082837002 3.6776634464666 
4.3996974096832 3.5890436790982 
4.8124386377891 3.8547241175337 
3.2915619807025 3.093281514322 
5.1298175556689 3.0279893328686 
2.4578562705767 4.5704311727158 
3.9103307641556 4.6038803316389 
2.7663444400809 4.0330701416971 
3.0688753813313 3.9793172790922 
3.0200574092434 4.6244533579399 
2.9800820459164 4.4546021048157 
4.3583559587996 3.9359370922411 
5.7241511918339 4.3146100835452 
5.306989489704 4.2696539628015 
4.5122656953156 3.6276385862747 
4.681724398197 2.895662821196 
4.5017491725942 4.0854183014683 
3.3519322739281 4.1630068018749 
4.5489817587652 3.0950349007099 
5.5093908625859 3.4994857229633 
5.4381348056367 4.1058203907789 
3.8121525755575 4.178763276206 
4.8421320466759 2.8905745920709 
5.6132935413891 3.4322957276667 
4.1049787260452 3.7275871047771 
5.0716046107402 3.5885621048631 
4.0944102267815 3.5260315442813 
3.3609884986977 3.2882663763848 
2.7587043949963 4.0352144121497 
4.1785687873657 4.3930747049095 
5.1274699396427 3.5023447843169 
3.8740359065973 3.3400476821589 
4.6703599312482 3.0012631750061 
2.8227897197721 4.038047576399 
5.8951635222583 3.3690477094882 
5.0301609906828 3.4424704834491 
3.7940697529371 4.4959962028491 
3.4902373082331 2.8306676183246 
3.9917400620339 3.6638929012782 
3.1909314760239 3.1903544143589 
2.497690396697 4.081457166271 
4.3932669187004 3.9615413488428 
4.6923914982255 3.8293604026877 
4.7714416264692 3.1133053576068 
4.8808573813934 3.3534914773811 
5.2407920573729 3.5166033312117 
4.1717060210539 2.9365703046608 
2.7487404192067 3.4030132020554 
4.0964664505309 3.5461577616523 
2.9783821972096 3.4161071797613 
5.3577174507366 4.43574842616 
5.876356823691 3.9179414994019 
4.556632112048 2.9958165938831 
3.7831133786363 3.5530619854268 
2.3996669085602 3.9305380890785 
5.4220810765468 2.9535700090955 
5.7291391394505 3.296553203407 
5.3457997475075 4.4427864265627 
2.9038313588468 3.4886297662589 
4.89246545209 2.8044121196061 
3.8302867852998 3.7870577696427 
2.4291925912813 4.5448155731715 
5.2153350109623 3.4870494537793 
2.4492094809543 3.5513836078223 
3.6367994762673 3.84871229744 
5.0059688606313 2.9226731209814 
5.8252597892736 4.0262673280745 
3.3504350939461 4.5115572932224 
3.9187895984364 3.9380487024853 
5.5678537386022 3.1387135276654 
5.5508594545506 3.6276535545708 
2.4963640338066 4.3070547818763 
2.5525364667191 4.4063278153348 
4.6425778863 3.5612947465323 
2.7304854157797 3.0944796221145 
3.7241313892272 3.9122300713978 
5.7055966474706 3.8314531838726 
2.8499740856125 3.034437191109 
3.389658127571 3.9264019355108 
3.9621798373637 3.4763861601764 
5.0395784699732 3.0629938865901 
2.7247949749629 2.9297645797186 
4.3675674646642 4.3736077531363 
5.0325306189409 4.4874263235452 
4.7947063376318 3.3198701999675 
3.0918806716964 3.120419122597 
4.7033181899389 2.9877114550883 
2.6249373120856 3.0473006161895 
4.4781008821108 4.1921733910701 
3.3427152322887 2.8107093122962 
5.823064771484 3.0669417702409 
5.7841706831169 3.1711219627464 
3.5134056909824 2.8597246570604 
4.7186770179333 4.4618833564887 
2.4151605197377 2.976687412256 
5.3780251710907 4.2310253242596 
4.2956330997159 4.296713141471 
5.730435659579 3.7397779069253 
3.7252226938542 3.1482787409018 
5.3881322451882 2.8587384217512 
3.5729605356263 3.8490337284973 
5.0606459242333 2.8471867758988 
2.9743619872202 4.184747447177 
4.4163418576609 2.9308599862818 
3.1753910180492 2.9815456826791 
5.6533500604 3.2770605697644 
3.2522854604158 4.6023603435642 
3.3233582469917 3.9022951189733 
5.55215625467 3.3534587405294 
5.8915257986819 3.1363264232653 
5.2648896591694 4.5726306965689 
2.3908978174824 4.0830543564624 
4.1856491619685 2.9075004020476 
5.2218851776535 4.0042162216767 
3.9218903491341 3.0891510566516 
4.0393487881084 3.5398050510781 
2.4007652250843 3.0340865284857 
3.7478679303459 4.3614994096852 
3.5919585054159 3.5102245142894 
3.4994852074625 3.9464051446624 
2.5831569207737 4.454052108759 
3.535897110847 3.0628601222978 
3.0099159513703 3.710984507794 
3.2891161618276 4.6299005771496 
4.097159650055 2.9658949137025 
2.3772300443203 3.1540322520758 
5.1833544103117 4.1632303972982 
3.9152598518668 3.9024494352904 
4.8527022348618 3.5145909887615 
5.5641713054755 3.4514064126621 
5.0040208916337 3.6079610829112 
4.938051198074 4.5534756840424 
3.9821522797946 4.5016206287315 
4.3057643308744 2.8109899393701 
2.5190332285902 3.3472660081882 
4.0767828589853 4.2685643997029 
4.0259303182753 3.8041454669677 
2.5370343483643 3.0325338979672 
5.1305608290257 4.5249680411431 
4.9914729160783 3.8751812113227 
3.9344238515736 3.7705440500123 
3.2265315687816 2.9548088847467 
4.1376401556143 4.2620442177699 
2.626147562164 3.8088657280833 
2.7534321258231 3.4895858296318 
5.5743962087775 4.5349890933259 
4.2911200479519 3.1266024803389 
2.8289037284466 3.712477449223 
3.1572578017471 4.2540618816292 
3.6047718221549 3.3316977426861 
5.3723208470661 3.6620882426455 
4.0165091885416 4.1397127050949 
4.0434829126377 3.4157989723278 
3.5887494335508 3.5661227910136 
4.1423324156614 3.1062087411016 
4.3491636258443 3.8598935040132 
2.6934913841342 2.9950032236123 
3.6647919977448 4.0057548078231 
3.6420740380008 3.7433179770914 
4.9932970863722 3.9043011554734 
4.377428476697 3.1477421254069 
5.1073413222291 3.3610193696432 
5.9101863433514 3.8473363905565 
2.8256984651644 3.5294358580632 
3.7790483285735 3.2130817293653 
4.0059025472982 3.3090013386493 
2.8812432685548 4.0867810931202 
3.3895931115817 2.8829058610696 
2.8165573632659 3.091526262551 
3.256051022921 3.0877117825713 
4.9210530623945 3.5512846323088 
5.3343085365984 2.9558725526535 
2.5859209818442 4.6378817332184 
2.8866870654507 4.0604190974421 
3.5960268784154 3.7808404961799 
2.7314204711495 2.9663844495508 
4.1053354164148 3.398792641109 
5.2998697182854 4.2413304528821 
4.2888247348637 3.5102130913834 
4.4847103263691 3.5764885989855 
2.5616754896414 4.0827540882071 
2.7622803652286 3.2006756851774 
3.2541295203487 4.4705362141703 
2.8747810241334 4.577049848078 
2.3852078997315 3.3905501704953 
4.7738128684374 4.0549207986911 
4.9954123209971 3.101379887666 
3.9497809652861 2.8157513060843 
3.9029674878129 4.1717823355782 
2.803334553385 3.3303761905085 
3.214759179048 3.0054299980466 
4.851654690246 3.413965596087 
4.4575711609221 4.1949581044351 
2.416416448268 3.1192901701589 
4.151099062814 3.4999734218507 
4.2821340415554 2.963988481264 
2.6305286925333 4.2828187282038 
3.7090570895886 3.9776544261482 
3.1604346943174 2.7978858328407 
3.6143775579468 3.331369083255 
2.8627816320375 4.1183446275417 
3.4288550052724 4.144782789951 
5.2352351848575 3.3419061609559 
4.1834870010942 3.2245549665817 
5.4968683476774 3.9846616725899 
3.2930027150593 4.0981790035821 
3.4679073213733 3.9383012553259 
3.5441941337449 4.4400142585286 
4.9697696612072 3.7945459705798 
3.1536037267088 3.2685843442622 
4.6860095708478 4.0068335267917 
2.9395468369152 3.1654782755581 
4.0955689229389 3.1040238068537 
3.834115102742 4.3942679918627 
3.0869747779858 3.6802334483702 
3.1919878232191 4.1658967348323 
4.4217433305625 3.8368290307574 
2.9834807700922 3.6572775979323 
4.7224760615544 4.5240286760554 
4.6347681794697 3.1931382580503 
2.6968967704862 3.4730948346455 
2.4928475841165 4.2865628405328 
4.7984688954823 4.3406695648959 
3.7322291646352 4.5782752474976 
3.367426013488 4.5492430084806 
5.4381648906006 3.3306007784688 
5.1501560836494 4.1848389588568 
3.0306841601737 4.2848445100091 
3.9252937049574 3.2646081503522 
3.2219542609423 3.2039592774263 
2.462850980099 3.2031758014936 
5.6777000207636 3.7381859310883 
4.5531459105426 4.4270575237374 
3.3645207543832 3.8959966829209 
4.3409584597743 3.8001068034738 
2.8961732646028 4.5576434082096 
4.0930461185956 3.5336236367417 
3.6623932688732 3.6475305133742 
3.5906075920228 3.5210428257005 
5.081871100443 3.8955466933234 
3.7401183818159 3.5609650398269 
3.3053102851114 3.2393077307699 
4.1290692726418 3.2668612650293 
5.5180036030918 2.9398338845719 
4.1700934754937 3.9710353278648 
3.4326229355973 4.6200824447019 
5.8771326594087 4.1568825230575 
4.4798817583521 4.0156951897652 
5.7843275014305 4.5909867938757 
3.8586758733042 3.4348275356647 
5.4410655856813 3.2402045716475 
3.8103474529458 4.5384852310251 
4.3242611273378 3.4053894486088 
2.6871791249868 2.995637659001 
4.5919845594123 3.0417108088147 
2.3523905929572 4.5126624233839 
3.1120352564957 4.2372072222486 
2.9317244927865 3.1100997582266 
3.4705507033058 2.8749948047418 
3.0424924266232 3.3320847895755 
3.6595308413943 2.8837489196668 
3.9786842658863 3.6553269373506 
2.5586009728835 3.2371409794105 
4.1282120843428 3.0929503143966 
2.5294604875177 3.4371811146358 
2.969421986258 4.0394564336956 
3.9052549228798 4.1124230701179 
3.541977823248 4.3187984167801 
3.2627162162963 4.5928333063613 
3.78437340722 3.9063154410855 
2.8258228897123 3.1641344228705 
4.3970220324804 3.0046205606227 
2.3779695729571 3.8121315637656 
2.9058274167982 4.134639939058 
4.0396937580319 4.4682187795464 
4.5278318971351 3.438169690762 
3.4179333129088 3.215378168389 
3.9441897044157 3.1309973398446 
2.432567789887 4.5041820355757 
5.215325310775 4.0355686820137 
5.7866895016596 3.4606803902598 
3.8073199627498 3.11758707679 
3.6316862908077 4.5611730292068 
3.4721325706696 3.0210975691549 
3.5976632135857 3.1073623239009 
2.5709404157484 2.9740967363828 
4.6712562342263 2.8038101764307 
4.313835909504 2.8122850595586 
3.6047687385915 3.2542376012477 
3.3611370153786 3.5236448196894 
4.496177386671 4.6308264886835 
5.2513030121822 4.2105310405906 
4.8057309595875 3.6015118169779 
5.6717809756699 4.1227496210133 
3.0801333712713 3.6919192746044 
5.5072698821145 2.9782459047543 
5.3283826785662 3.3741841495166 
3.23053311903 4.298183072584 
3.4259795908594 2.9922016908916 
2.5619207539623 3.4434367060437 
3.528274661454 4.1149253427977 
2.8679735525217 4.4975119761262 
4.2515826179078 4.5502981516749 
4.5316531923245 3.6149378439397 
4.3322554853984 3.2977683545821 
2.606545515009 3.7241216095725 
3.3588378622075 3.6497151322037 
5.6957502608637 2.8116047930356 
5.0697135216516 2.954115485889 
4.5808631238711 3.1854222468695 
3.9445701712602 3.5873067303323 
4.4040966032068 2.868343487985 
5.8207794287155 3.2650805938342 
2.793380740247 3.5687874502273 
4.3554302404696 3.113973768691 
5.6463611492127 3.1870233326143 
2.7960446490547 3.1375205958064 
2.4568823611552 3.9358353136567 
2.6872096507858 3.3336598248858 
3.5372054128856 4.1177887221843 
5.1357510416203 3.0586870936432 
2.3554899456413 3.3970320644361 
4.1975652571375 4.2331168201496 
2.5649893812929 3.0298055387206 
4.2759905232122 3.9147451803086 
5.308502402794 3.3238168216326 
4.3811673268535 3.7069873155027 
4.3932073893224 3.6476624806873 
4.1499265414706 3.1153821195693 
2.8880926161467 3.0784451897533 
3.568844865577 2.9110147092868 
2.5483724854209 3.9811506009651 
3.2574188547829 3.0645919254879 
3.7410290217653 3.1863770338929 
4.3430528888289 4.0447425096734 
5.45980024819 4.2326714623714 
3.0013118983901 3.2317860748085 
2.7217014277935 3.8913521958777 
3.5353397628681 4.3536035407219 
2.7874442459368 3.2656957888587 
5.7481214925305 2.9980393452319 
2.4762236145326 3.1016811695173 
2.6434103342306 3.3039743873208 
2.9348492082127 2.9806635753607 
4.1021028443368 2.8482596754449 
3.2890167663004 4.0533908703064 
3.2995655898162 3.2531238025133 
5.7517804644271 3.0898035796482 
3.1908572546457 3.6343090323503 
5.1909950660651 3.8314932777349 
5.9108813732115 3.4739385195182 
4.1872179798684 3.9153742863209 
2.7076342902588 4.5440691002963 
2.7827393565662 4.4399860161714 
4.2461148693884 4.4451029724751 
3.8982828695285 4.1558508736216 
4.7420386371841 3.86198121044 
4.8292710387344 3.9790349503426 
2.7227887771947 3.2484818884763 
2.4327684185589 3.8535669511596 
3.2965048695212 3.9611770972526 
3.2639940323054 3.2950421910317 
3.0938942227891 3.7491363223273 
2.4414520670477 3.4361771315549 
5.384442332391 3.1190862085529 
3.7633557293391 3.2296747371043 
3.4065340386111 4.6044220071883 
2.6705236715541 3.9144362950465 
4.6297951629556 2.9280895356289 
4.2091858505908 3.4059732775714 
2.3350771895234 3.4615351355469 
2.9306179157672 3.0440195186085 
5.8558400893012 4.206487287439 
2.523073777774 3.595474180352 
3.9348806117465 2.8745931924084 
5.4449676054279 2.8727082554893 
2.9531853943782 4.5805178809462 
2.6121874923001 3.4432327996927 
4.7816639182597 2.9656369436753 
4.3457146323532 3.9510928436269 
4.4880172470557 4.2703487654561 
4.1272258699829 2.8589556545134 
5.530085107195 4.1987842772117 
4.5170545741265 3.6404205098332 
5.685615311832 3.4371968025965 
5.7079898840558 3.5864949769687 
5.1536192028627 4.3022245838357 
2.4862987675991 3.0496696982241 
3.008557524731 3.1987065445739 
3.9259121302756 3.2267892247577 
5.1934353375855 4.1876082473895 
2.3692767174812 3.4720358189967 
2.929454362725 4.4414935249185 
3.1899110930095 4.4122508311945 
4.1979168332309 4.3031744208605 
3.2683584981383 3.8781796345347 
4.6455691556292 4.0033829055587 
3.9327153993339 3.0325682433898 
2.9389124549432 3.0153196602817 
5.6454529933176 4.5866401661716 
3.4753060833071 3.3988860397749 
3.7497787468604 3.3707260281223 
3.3392332241995 3.6717100498977 
2.9320740499767 2.7931376470517 
5.9330454074137 3.159658841258 
5.8133056059728 4.4510383949495 
2.8806556892803 3.4370913873321 
2.9288150508497 3.8207636416779 
4.0543841329105 4.0508121880578 
3.8352919191394 4.4861069567638 
2.6426731567086 3.3632750301941 
3.8686885734296 2.9359221801979 
5.4243274102926 2.9997459028244 
4.5418996871369 4.1809250666306 
5.369509969158 4.2741538872852 
3.7217755383582 3.5229483340175 
3.4037354217968 3.4240351326965 
2.6393028299957 3.895848075516 
4.1758423440347 3.8159333708914 
3.6565462494648 4.2719571340115 
4.8213757553408 4.4272536115726 
4.5297562018936 3.2399192412406 
5.5327638399496 3.5296440412388 
3.9166276978997 4.3853263640573 
2.9816301118535 4.2104105958598 
5.8467397749995 2.9593896754423 
4.2762998597083 4.4897649580215 
4.1529659443887 3.280537080004 
4.521580467774 3.6676603564317 
3.9970059252699 3.6010564494229 
5.4768855734631 4.1816756168281 
4.3726201660716 4.0014059648811 
5.6321526823977 3.3836362770823 
3.3485873475841 3.9303248714025 
4.3423460446293 4.1843953585004 
3.2955617663274 4.5544533034 
4.1370601647856 3.3033418586289 
3.5040395374627 2.8093724617915 
4.001610087176 3.6538897350277 
5.0194366441337 3.2459580603305 
4.2071662444575 4.4747707718181 
2.8168582561529 4.3221487961108 
5.0817421295743 3.0836725952812 
5.3315303290157 3.9688917324905 
2.7973761856395 4.5481308528305 
4.3104404778071 3.3026462618986 
3.8060589049589 3.1868451158289 
3.2594806544274 4.1422939451609 
5.2550835423815 4.4150597541911 
3.3955949125969 3.4053962488849 
4.6615009965923 4.2862634047695 
5.7934368297189 3.2109660082058 
3.8043630561924 4.2464826254738 
3.8047002941529 3.3558859008597 
3.6389982166828 4.2645394173271 
3.051682335063 3.8965536151178 
4.8330573106908 3.0053161122906 
4.8954457314676 3.7791853050367 
2.5426407157385 3.4555143992029 
4.5165513510834 2.9537364677335 
2.6373064215082 4.1675693106606 
3.792838325897 3.5499089449735 
4.378611944533 3.307929263293 
5.3202386370642 3.0533825624073 
4.3256138532663 4.3696817090002 
2.4535287327574 3.443006087571 
2.6462553360564 2.8766319161148 
5.8127309394521 3.4415231595884 
2.9943377565933 4.2492556360815 
3.8434673488703 4.1943672479909 
3.8005649664351 3.8919233980658 
5.1136256050877 3.6224410988339 
3.5091708656482 3.9350021554055 
5.8151812778724 4.197642618774 
2.6341265871529 3.4581396272771 
4.2689891959179 3.9999271063726 
4.9617584392376 4.061496350642 
5.1785096422346 4.4257327404403 
2.9559545043918 2.8872764265295 
4.1343635979845 2.7986627349146 
2.3988283028588 3.7736929388733 
3.2852915163454 4.4929780529126 
2.6966249124784 4.5829948117605 
2.4042509412597 4.0127974367778 
3.1402756790154 4.3319798952313 
5.1164719337274 3.8870890493767 
5.3035303229704 4.3105717533232 
3.6576130655649 4.0655522294883 
3.8713355858416 3.412184097092 
2.9770793027841 4.6372287341311 
2.6841466232023 3.0341640322591 
3.9175472579141 4.182098783614 
3.4092706747293 2.8161256002566 
5.5981922708084 3.4185803595873 
2.5264626803765 3.2108446656299 
3.1610568613421 2.8142354008493 
3.9569083399733 3.6535281581374 
5.6358007707794 3.8420489719537 
5.9125767679648 2.9636072080654 
5.546305649574 3.5342252833863 
5.7623820197379 4.3367523749009 
2.4096896581692 3.7511285238843 
3.6181214338213 2.7921846344365 
5.0847721278657 3.3722071501907 
3.1864174195419 3.6552539673654 
2.985728465566 3.7372440336533 
4.4080240591756 2.8749064291802 
4.0069153839575 3.9323125037115 
4.2969858409761 3.6956609261045 
3.9249090145692 3.2505513747865 
3.1310303421188 4.169217774518 
5.6571420886374 2.8235609122745 
4.5663620630823 3.8731076373847 
5.1292953225686 2.9456757213156 
3.3442137100684 4.4292183571365 
3.9818258247597 3.4941819682842 
5.8136415710877 3.8398288992755 
2.7445068430758 4.3991699760977 
5.0254038265849 3.0297979429337 
4.9302845839634 3.3172343160062 
5.1498944404865 3.1193659324845 
3.9998514017649 3.5612351861397 
4.7281299278796 3.3154624859269 
5.1788261470639 4.4979252923548 
3.6402819690947 3.0907144503268 
2.6460681829713 3.3885509913382 
3.8394417444658 3.7135808868795 
4.055791909794 2.8863706954994 
3.7080908587806 4.221651976863 
5.1156681394389 3.2831093902558 
5.9364849730157 3.8924256447049 
5.4112987253522 4.0919102382341 
5.7293359087067 4.4064559592319 
5.6220054822715 3.4562264931542 
4.5017150901372 3.5448672404217 
4.3591537106291 3.226826116366 
2.7465615802792 4.1461866686252 
3.6544883694559 2.8637748145394 
2.6099868805125 3.1605398220397 
3.2818040524686 3.8513198364483 
2.620045667364 4.0206770145577 
3.5733414298197 4.0660696558248 
3.5517617286097 3.5151302103078 
3.7160745208438 3.5944677597613 
5.7373297544054 3.8181416837684 
4.1489709086136 3.9657488698638 
5.529586007874 3.7456611850253 
4.9347055883716 3.7206783030249 
5.5910808640051 4.1599712655986 
4.0479244769464 3.4298219233917 
2.6028310453399 3.1476762468014 
3.2004814260056 3.7213251026965 
2.8973622294459 2.9151805080847 
3.5795534590877 4.5265321420962 
3.8899137156374 4.0373471906193 
4.2702742708412 2.9435573739078 
2.9900068780588 4.1774856223456 
4.4907267985614 2.8079553497153 
3.8141615949285 2.9669844600282 
5.7808658089869 2.9219228518598 
5.6543083040882 3.3769444318833 
3.1616117381698 3.2985550810117 
5.2508862133623 3.972786416587 
2.5932315567444 3.2033080606094 
2.4827736799944 3.2573280139845 
5.7729196902267 2.8718996254322 
4.9452054174177 3.105201882995 
2.9751880595476 2.8697890652814 
2.9614203044807 3.2406066575025 
2.8897729943301 4.5505327851412 
3.3737086502749 3.0278439363486 
3.3704252406979 3.1031516884759 
2.4342343356448 4.3269031617922 
3.2278724445187 3.2241793704708 
5.7785086336998 4.1263279454063 
5.3568305660505 2.9958734211977 
2.8714135993285 3.5041059297978 
3.7371619373165 4.3764009001145 
4.883706482433 3.8201135100773 
3.4451853610241 3.4768059468975 
4.9728543796878 3.3329749778204 
2.845568562149 3.1364296269806 
3.4284685458029 3.5398202486559 
4.047035141245 4.0918163189923 
4.1844362331238 4.2124330325671 
2.8112420723826 4.0949952770827 
2.7843309467404 3.0426850272696 
2.4732189060203 2.7793585086329 
2.8482786430456 3.5556049019745 
2.4617123887436 3.3273476341662 
3.5824461013188 2.8087889356705 
5.2847429487413 3.3602969043237 
4.2665432291997 3.1899714975384 
3.4392116285914 2.9319171347991 
2.680286381843 3.9224934194952 
3.4521447157438 3.5771699107765 
2.7762909630737 3.3250366704905 
5.7114442971455 3.8754422941455 
3.7397886506666 4.2180881405602 
3.961711767262 4.5556209346657 
4.4971712872157 3.4416143445544 
3.2964749693949 3.3517516035895 
3.4374297810973 4.2438300982283 
2.5490335223836 3.1470412315483 
4.0278797099083 4.4123240435029 
4.9176173517745 4.3045033879683 
5.7532937256088 3.8868050165666 
4.5628796952793 3.3953688185745 
5.0079767167298 3.3738955179648 
5.0685608180411 3.3955225354877 
3.2663109568423 3.0919595688414 
3.0423144502222 4.389302374597 
2.913472940892 4.2917622732888 
3.6537394043939 3.5654141203292 
4.5712385386084 4.0596404603361 
5.8222951740779 3.4502482391102 
5.1195737561224 3.6468015404208 
4.4693194191442 3.1036137022323 
5.9332862114024 3.1104621288591 
3.7393062968229 4.3119334714798 
3.1662526663481 3.1503789129847 
5.4492038149457 3.8031221312979 
4.1593580772899 3.8979949122696 
3.1983138478126 3.9791245614919 
2.8768086741441 4.0517654216206 
2.7551958055159 3.2737494339673 
5.8737757276385 3.3356536116037 
3.4134286395117 2.9553967774706 
4.037890629623 4.3173821926717 
2.3715220523509 3.9492336572485 
5.3309089791443 2.8905952107374 
3.2325635644584 3.0813898038023 
2.743644752122 3.646775566623 
3.7729653491557 4.5229022944768 
2.4328046687308 3.4925686136758 
4.0417493154516 3.0277548053199 
5.5491161705437 4.4480653898163 
4.4397056735274 4.4994610604658 
4.7226871704284 3.1751317079599 
2.7797369827627 3.1987095450567 
5.5710077076222 4.6202093297132 
2.3606998605258 3.7249012918759 
5.6297550259796 4.3442128381272 
3.5958206918057 2.999583714927 
3.6362790269241 3.7225854205142 
4.2455893641709 3.844111456215 
3.6208146671907 3.5616607838433 
5.6393970868039 3.1633443971296 
4.0251035422002 3.222449096754 
5.8419471443946 4.1007070611049 
2.3360245739592 2.7837299703526 
3.4061952637965 4.213512289268 
4.6778377095741 4.3943408709461 
4.8501900898676 3.9277073590543 
3.3798552504372 3.4415126424211 
3.9870390488399 3.3876047880134 
2.9832829218115 4.4295250996727 
5.3561581105548 4.3060035413808 
2.3274388688051 3.2325204346525 
3.6081700640736 3.8725667817008 
3.3659205160116 3.3984041522776 
3.5919821395441 3.3308915775913 
2.7992728041799 3.4960420806964 
3.0566654778281 4.0529689367091 
3.3950186954773 3.8497732510504 
5.1264713383644 3.9344120995299 
2.952575573975 4.2504596625552 
3.4887085375181 4.1962935372842 
2.9939962642395 4.0241596249657 
3.3199837231651 4.1778687992076 
3.1762457293444 3.4903751150824 
3.4674836502877 2.7786942264623 
4.6414170335187 3.6665049553157 
4.4992553361036 3.0471249109648 
2.9520981142308 4.6233524350447 
3.7452645706294 4.0153968418569 
2.9310487394508 4.1109814664382 
5.122049930988 3.3759510218986 
4.9379600533111 2.8575756666348 
4.2379976683327 3.1515550863538 
4.8052928762246 2.8899007028282 
3.8322012157625 3.5557024359398 
3.4436698319706 3.6187004953431 
2.3832309607102 3.6682468483451 
2.4295592769276 2.7774258426583 
3.8465194253367 3.2505147719236 
2.8576511939251 3.0884193312235 
4.5416999494232 3.6719941080507 
3.4282604825115 3.2587000721502 
5.5739840269947 3.7214072852776 
3.6418245650056 4.3554778347168 
3.275312736846 3.3550458497223 
5.4866028070851 3.1715485435738 
5.6694661297482 4.2347475395406 
2.6383278688286 2.8753066733371 
5.4228757330156 4.3593016093369 
3.7196942016938 4.6033458153817 
3.4699136908667 3.3865680323304 
2.3554221575895 3.8149548005631 
5.5455313924444 4.5428978443084 
3.1133464083034 3.0979452053903 
4.7335079745044 3.7499332780982 
2.9762557317181 4.223321539767 
2.4732947146449 3.1829941089712 
5.5479823929881 3.1091969860346 
4.4640372295734 3.4585234493275 
2.8340830435247 3.7547621814006 
5.4222990696446 2.9949515693484 
2.6525298321386 4.1304505959021 
4.7155957308723 4.520399393484 
5.6053632532599 3.1168576242478 
5.1204242147845 4.6123184090657 
2.7121172192298 3.4872528632375 
5.0244826973414 4.245955563562 
4.2050258525618 3.5355882060329 
4.2650976587798 4.5830713856954 
4.2959840464647 3.4814301217258 
5.5930541704298 3.0203769494024 
3.3027933425497 2.9794727911781 
2.9838878675 3.2859875363401 
4.339273718906 3.4982305194412 
5.0257726218701 4.2545223554393 
4.6298967033082 3.8529740477769 
4.2541223600152 4.5774153943926 
3.2512984948487 3.5191040462539 
5.4255383676209 2.9371543734257 
4.5218935784956 3.6149807145075 
4.4855950723228 3.2386311345782 
3.8007171256427 3.8371807101347 
3.7467230700275 3.0547994643335 
4.3415145510093 4.1796413590824 
2.9779576141666 3.6652538102106 
3.9364346006393 3.1661318756522 
2.8263274066313 2.7978343546481 
4.457264788372 4.0732021065952 
3.8939045048409 3.8574149215677 
3.8022024650865 3.0648565880317 
4.7449093104671 3.783731765153 
3.606093836946 3.4385985026335 
5.5681560937977 3.8356560415883 
4.2637526512686 3.016217259359 
3.1630659428095 2.9522560011676 
5.7157635621358 2.9132077271654 
4.7280653049842 4.0530661538527 
2.5098201796597 3.3138005737607 
2.6237290236183 3.554660286192 
4.2301791294665 4.3479960390133 
5.073451489781 4.4757348328332 
4.0969237473668 3.8283403099558 
4.8899861545175 2.7956698860725 
4.5494000289674 3.3908001627043 
2.8629525298688 3.2250534132869 
4.6787262169636 3.4109620328069 
2.460845698289 2.8584371418405 
3.1135549739218 3.6811921060694 
3.2895922904987 3.3872738290137 
3.3136650833048 4.180857910461 
3.2115263387616 4.5650325654712 
5.1747373706137 3.9944099293425 
3.7833296426249 3.6116675184388 
2.8128356384098 4.4614608481381 
5.3958875642553 4.2895365755827 
4.6054274012507 3.385666674262 
5.8212322804441 3.4807279727032 
2.3823899172928 2.7818830833192 
4.2786138629295 3.9076054050883 
5.1228174507549 4.2537319641441 
4.04184951643 4.2855233848694 
3.6397891382808 2.8883335260501 
4.5982046832513 3.995192371606 
4.8664773218122 3.3200462670658 
3.1838491845141 4.2057757563143 
4.3024417928199 3.3375001313256 
5.0321961100244 3.2054584151136 
3.5539745088139 4.3564386838088 
3.060518641288 4.051750771342 
3.8482184683444 2.9650871916766 
3.9793344816897 3.6352751218907 
4.6739290107278 3.840757574953 
4.7680815661714 3.3164710969312 
4.4053708400218 4.6038953752214 
3.4258894395859 2.8461126474003 
3.1074348870685 2.8012610918358 
3.5992606735683 4.1304958220885 
2.5252147696931 4.1339840259396 
3.4611269712582 4.3708712738004 
3.98532166003 3.8747049016159 
4.9331894668969 2.9086897182988 
2.3817470291033 3.8455313625825 
3.4310893902282 4.1227599019406 
4.1096816117237 3.4758163647618 
4.3172801103198 3.5675626142002 
2.7601550630055 3.1840282026626 
5.1234761474676 3.1675129016554 
4.9176001843878 3.3957098132112 
4.5821715390816 2.989449168744 
2.5408229319991 3.460402759947 
5.7765994418274 3.1939211685031 
4.9737950860204 4.4978138145554 
4.4644579755021 3.2470361610436 
4.5593291242782 3.6427678801022 
3.3692148447648 4.1849236109277 
3.381024116418 4.5109254991288 
5.3150841444121 4.327192027191 
3.7096813995902 3.3656031360855 
2.5559607554806 2.9110150465046 
2.3341659273752 4.0145913674523 
4.2311615101232 3.6356284728919 
4.6804013473383 3.032799799741 
2.7245779466236 3.4441934067246 
2.3763138791073 3.654385143033 
2.5579304173696 3.991039288412 
2.8047414054311 3.3129022835652 
4.9676446928292 3.396019038593 
3.8328802722074 4.3382633629897 
2.7436090971232 2.7791080590654 
5.9489142130658 2.9365189329428 
4.6411391987172 2.7820890224587 
4.2751717259919 4.3442281863821 
5.3600253406655 4.3660391194642 
5.4901269905006 3.3862318755142 
3.2095874956099 4.2869652158735 
3.3605444637169 3.6493915735402 
3.8907449581489 3.6388193112923 
4.0013445421114 4.4711860237068 
4.5874555555219 4.5968804301352 
2.9854262228735 3.855824612912 
5.5005955643092 4.5465541879453 
3.7072810131395 3.3021054564954 
5.4684736000825 4.0357850256732 
2.9493493455296 4.5451405513995 
4.7245238017007 3.8310199708468 
3.4794183160328 3.1073894280284 
2.6204845555007 4.0105669364628 
2.6544531752973 4.4944200718112 
4.6235061607721 2.9874172695219 
2.352132712391 3.7837446624341 
3.620989271357 3.9146333443044 
4.3386727146128 2.9857045568342 
4.5306032551909 3.4231589551285 
2.7047829128743 4.6303371113054 
3.7971412311701 4.3161912916883 
2.5704538963713 2.873703710961 
2.4678788243403 3.6341290669441 
4.1305606837094 4.5471913595639 
2.9379800812299 3.7236645390633 
4.3084830211505 3.3940191808998 
2.6254751859411 3.3410420706759 
2.8609317916725 4.278679829345 
3.7762313211475 4.0524279790491 
5.2750167819794 3.5079903545445 
5.3074314513708 4.4592171362771 
5.5761479225038 3.11827184067 
4.6040769527213 4.4221240232385 
5.9161716982771 3.2350507864833 
5.1973002604004 3.1997096794612 
4.8030492661841 4.1790795500205 
2.404266794299 3.4946991062398 
4.3847712212972 3.2727612885178 
4.0977492387345 2.9534536976484 
2.7870612942486 3.4519081672444 
3.2760074045054 4.1735404156919 
3.2899402243235 3.8356902605734 
5.2905843125561 3.7519556236355 
5.418485917555 4.2884936524613 
5.2095111858527 3.1723250783335 
4.3846863951432 3.7335123191012 
4.6859888771728 2.8277833138969 
2.743094252306 3.4479514055346 
5.2044646829792 3.5951478414299 
5.1205615164605 2.9215254734618 
2.5199285882802 3.2716541103725 
5.1793670586306 2.787854297199 
4.8141623389767 3.5202363487298 
4.8557165867731 3.2842674345257 
3.2191769768997 3.1750441586861 
3.7053232303916 4.5205113805845 
5.6923782069489 4.2263052395227 
4.0621125333802 3.5024306052541 
2.5330855910986 4.2206416948618 
2.8948998067838 3.3351000182933 
5.3902898730695 2.8619680427667 
4.6572830519591 3.97591306739 
3.7185678076528 3.1922888874665 
3.9012175855519 3.2087473411139 
3.5409395997858 4.4068398189648 
4.5906663320739 4.2066929369926 
5.2698073020855 4.3246638008714 
3.6663217711645 2.9960975343141 
2.900195576167 3.9218663858982 
3.4091458523553 2.9662801154954 
4.9531469402762 3.1320211023492 
3.2102137285487 3.4921902366045 
5.8521053612383 3.6041963998803 
3.6911277172884 3.2640932198336 
4.3751701645654 4.1108928640286 
4.209563280801 3.006099366613 
3.8609521378956 2.779630581778 
4.9292505269764 3.2016862459079 
4.8147207534313 4.5718084269967 
3.7362592735379 2.8710705715836 
3.1139757283169 3.170861984941 
5.1285158094457 3.9392052667118 
2.9750296249357 3.202943298211 
2.8230028511834 3.1333054514234 
2.4763312838604 3.8664452935559 
3.0848923824753 3.2087070054105 
2.681362346102 4.018394426952 
4.1512578454918 3.6425859079946 
5.5777963993668 4.4475217702163 
4.353950938938 3.4386040913192 
3.5649376378285 4.2853988927948 
2.5313776855809 3.8461218980781 
4.6892085386305 4.3062834708862 
3.1926705186904 3.8427128491036 
3.9109751238623 4.0527590316763 
2.7115591083971 2.8830353887131 
5.8469138861979 2.8810837300408 
2.4164413922381 4.4144085127325 
5.0294530065097 4.5097684704779 
3.2932332184647 2.7937452383934 
4.1890174157228 4.0645985237505 
3.6127459672456 3.5568948179118 
5.0766667233528 3.908763791275 
5.0641951644939 3.8605165342109 
2.7455020158206 2.9565840844774 
4.8072508429215 3.9122415318848 
2.6946021988374 3.3353574972306 
4.4496693576072 4.3268253785154 
2.6431237190238 3.2116410210856 
2.942585028867 3.1708972250557 
3.1367419864709 3.0958312965745 
4.1438123024164 4.1621840365596 
5.3635443731327 3.2687254799625 
5.5027384389574 3.4490142687137 
2.626107818113 3.6547872819953 
4.0302476076079 3.4590306314616 
4.5150293398119 4.6448379318813 
4.0893849058985 2.9799443514928 
3.5718617982937 2.9097165752722 
3.8410272506833 2.7924234538941 
2.6743982362329 2.8016072315917 
3.5270641896133 3.3300667162582 
2.5556722608599 3.3053298137005 
2.843013068307 4.5996650557635 
4.0314774572781 2.8393662448714 
4.0741271282775 3.1685154870571 
3.3866442747439 2.8276174035643 
2.8457546042209 4.3261170235057 
2.6339331494765 3.2208473799573 
5.00185077419 3.7752282860579 
4.4865001395099 3.824727536319 
5.5639881375177 2.928041932105 
5.4441337424093 3.7797361637012 
2.4405877863275 3.9724316269327 
2.6185037383458 4.6265542528687 
5.0550379033867 4.4878001836567 
3.4352723172662 4.6446942943693 
4.9085840762352 3.9611640177717 
3.639006808405 4.1096237037661 
4.6000079246556 4.0064118706922 
4.87355922833 2.7916979697427 
3.4371617874381 2.9539626069501 
5.1191858033671 3.3368781278745 
2.7636134853177 4.4050231010589 
3.31174494529 2.9896328879869 
3.1838129680273 4.4742953617875 
2.513574353306 3.0362341630891 
2.6788931671363 3.7311130115326 
3.3150358600309 4.4265294928048 
3.2225514561847 3.3455329865813 
4.5509894802089 3.5797350484256 
3.5686978436577 4.0976578147462 
4.6061114632925 4.2580723041372 
5.5520525804049 3.4353001502173 
4.4187665203311 4.1923608994092 
2.3929744974419 3.2636185321156 
4.8820217309176 3.5695833353075 
2.7243402316271 3.6472473627862 
2.4008315200453 2.9741404636411 
5.8194541342211 3.5222777961745 
3.9545998633045 3.102287288897 
5.1138239528972 4.3263238024959 
5.4061698134976 3.5178601269628 
5.8583982497079 2.8645671561586 
3.7659182686184 3.2190083524582 
2.7556379714163 4.2635861430135 
3.0756561548734 4.1275422908855 
4.5397931785952 2.8196040333997 
5.0527381879028 3.6648453119773 
4.0327372785317 4.2933224107204 
5.5493121952165 4.0606474205352 
3.8176309325683 4.3941959338803 
2.3923364773339 3.9989401521518 
4.3582597383019 3.8090469979308 
4.8650783845705 4.2658038890102 
2.5472859954659 3.9768537316106 
2.96871828695 4.4851074574593 
4.604708152434 2.7941015458955 
5.2506650947378 3.0473599629911 
4.1296666955043 3.1169894073506 
2.8303366444565 2.9128354281226 
3.5903091294031 3.8611703525914 
