-12.03360442251 -4.2275509843269 
-13.104735964094 -2.7988928593632 
-10.192544957516 -4.6854428022131 
-11.100930141374 -5.5806996039214 
-10.006018044391 -3.8148526281499 
-9.6352302431755 -3.0640802860181 
-12.742766609398 -3.3962601867139 
-13.312785965852 -3.8691008538567 
-12.422870162074 -5.6045121180456 
-12.098247314564 -3.4444257565266 
-13.19259089826 -4.9588022596967 
-12.688126979243 -4.9788231348449 
-12.672145462053 -4.7288192493653 
-11.254545121116 -3.7238358270405 
-9.7753249222859 -4.8177012614851 
-9.3423542914471 -2.8396427600476 
-12.759493027883 -5.1351880805352 
-11.943087862962 -3.4095941270467 
-9.7619091593105 -4.2255717712541 
-10.269125775595 -2.901004352754 
-11.925804447072 -3.1471639040894 
-9.5971179963917 -4.8829823744806 
-11.455548027704 -3.3609862737117 
-13.318079751737 -5.5455870316246 
-9.8993873106058 -3.2600420967265 
-10.803629313876 -5.5943576035737 
-9.9925748985285 -3.3431003409912 
-13.154050978513 -4.2159846338978 
-12.106645796014 -4.9951522384165 
-11.831179296682 -4.9371191242293 
-10.204478659325 -2.9384562020872 
-10.10922903703 -4.8236914105208 
-13.148664327098 -3.763865416135 
-12.510280619252 -2.6567257952718 
-10.343433897455 -4.2868012909266 
-11.713120407194 -2.7011618595747 
-9.8539872522338 -4.6663255822574 
-9.4145634150715 -3.7678922402848 
-9.4893110733693 -4.9309837444618 
-12.376117156005 -4.0222644899778 
-9.983432791184 -5.371392144919 
-12.499178041197 -3.2664355114828 
-13.359559358326 -4.0999649698706 
-12.028778738341 -3.5222645226551 
-9.5605813066807 -4.5398157854588 
-10.540988838171 -3.487820009264 
-13.069075528351 -2.8616983650627 
-10.420792975356 -2.8124980522176 
-9.5444704754468 -3.8690634677222 
-10.102088930256 -3.4567476262146 
-13.136193676912 -4.0680918126235 
-10.208341079345 -4.4994017974078 
-11.919798841704 -4.1234638223486 
-10.167512317173 -4.8340125436274 
-9.4674911395491 -4.122580568053 
-11.326356353095 -4.8267028867084 
-11.720544740655 -5.2576167628811 
-11.408259245352 -2.7000992695948 
-11.641812225809 -5.4012794878998 
-12.057114953894 -4.1039167883095 
-9.6876770941058 -2.6733880737715 
-10.44610090186 -3.6067391419924 
-9.8790012693617 -2.8438284947447 
-13.042632395127 -5.0429993907881 
-13.051124617359 -5.1575432183987 
-9.6997403665526 -4.6677244696581 
-10.010214712951 -3.1411740643645 
-9.9710122695672 -4.7770333434467 
-9.7323205114261 -3.8171496992128 
-12.908925768088 -3.5542270863678 
-12.49920104 -2.9886276421871 
-11.960835852172 -5.5305267611117 
-10.321111975741 -5.633647914489 
-12.661385565239 -3.7608724806612 
-10.037453673576 -3.2286299199097 
-10.202115711907 -5.2942607920833 
-9.9134228597173 -4.8596467411553 
-10.279854178329 -3.252212758874 
-12.982815223659 -4.0409080953688 
-12.471906254192 -4.9197780664313 
-11.265465737464 -3.7038885768558 
-11.903871283215 -3.4875452675257 
-9.8839082342513 -5.438461901233 
-11.019089770755 -4.98978077324 
-9.7306767506056 -5.2461719341292 
-11.450100584873 -2.9435356678066 
-13.009571855036 -4.7056849953404 
-11.631844114269 -3.9197002542478 
-11.723287526801 -3.9794423076684 
-12.07614970617 -2.8907391942183 
-13.149094138273 -3.1052701216266 
-13.312207238659 -2.9122092979871 
-13.358120654017 -5.2934638039567 
-10.703605609015 -3.1416471518727 
-10.611036243689 -4.8613005566626 
-9.7016404412254 -5.2140387383758 
-11.575625151409 -2.7030057804846 
-10.414890819388 -5.1851271304527 
-12.133443672611 -2.9805781052214 
-12.94291549241 -3.0367010884875 
-10.631926302702 -3.0710652808568 
-13.14525752195 -5.1170949482615 
-13.419267542127 -3.2252454898122 
-12.513609041176 -3.8490750499006 
-10.938944710259 -3.1526494861859 
-10.511210835362 -4.8971859363402 
-9.7990893958386 -3.2097459327438 
-10.056584144902 -3.2349161383295 
-9.6065313872938 -2.7716042695145 
-13.06840432655 -4.8242719953031 
-11.780343640156 -5.2115632455686 
-10.257817286654 -4.07609551732 
-13.383929177586 -3.4547402622876 
-13.108517366386 -4.0795935448364 
-9.8083714077656 -4.4325385691748 
-10.324733606569 -4.4587997579407 
-12.470605655796 -3.9854837231567 
-12.532981193914 -4.1504971870709 
-11.821717223536 -4.2586768478447 
-10.416237426735 -3.9182510153558 
-11.710041381337 -5.1676106903893 
-11.84244600389 -4.1786760260123 
-12.854775074424 -4.3594588021958 
-11.677804693391 -2.6485374260896 
-11.596228104835 -2.6479692842963 
-11.725848555904 -2.966648479594 
-11.919859534654 -3.3572725363315 
-10.739561884288 -4.4932195863179 
-11.160598432696 -3.2115292358583 
-12.532552801037 -3.1730326090833 
-9.7591870797122 -3.9216734070208 
-9.7320535375742 -3.628745683121 
-9.3172228144388 -5.4083150754661 
-10.431870390656 -3.2612826058734 
-12.592555201393 -3.1522487619709 
-10.877493530595 -5.3106108172477 
-11.759545669777 -3.7440985281838 
-13.140282317994 -5.2093379973759 
-13.392627895589 -3.1888327186821 
-11.480548941018 -3.0681982594711 
-10.719719002043 -5.5255080916735 
-12.708486032373 -5.1198860943475 
-9.6478721212977 -4.3705311093748 
-10.563617604985 -4.9639739466097 
-10.816499935443 -3.9089291228188 
-11.160864789104 -4.2845820502088 
-12.740591554841 -4.1812643748727 
-12.528885939293 -3.0934966459769 
-10.87415163625 -3.9136583959326 
-9.8352354373245 -4.2485544384592 
-12.524915086627 -4.4151232527691 
-13.146316369214 -4.9176851225344 
-9.6353364958392 -5.6138563558527 
-11.330279980597 -5.1767714116439 
-9.5606126284481 -4.445214767457 
-9.7590858245185 -4.2911483565503 
-11.376486557114 -3.4620302625089 
-12.847508187043 -5.3051811194688 
-11.640479753595 -3.1984982730174 
-11.205828579409 -4.4742792327703 
-10.102159672166 -4.6968364240592 
-9.741746113681 -4.3399978520022 
-12.488682109235 -3.0615663610749 
-10.667048574106 -3.8700632128955 
-9.5305721733891 -5.0300782437183 
-9.5777707107645 -3.1836558521021 
-12.55226854261 -5.579434143983 
-10.774731867897 -4.4149614542028 
-11.413615635152 -4.8756783215818 
-9.4242244630785 -3.73193781196 
-13.191190912861 -4.1096017270339 
-9.6356516175151 -5.4919574453423 
-10.795815743371 -4.3042232735794 
-10.703955780333 -4.0426878058836 
-11.039999934986 -2.7200513435292 
-11.971657516757 -4.743087363006 
-11.337765008677 -3.3246163458529 
-11.45047734024 -4.1511262805914 
-11.817757255764 -2.64717462747 
-9.7037656296523 -5.6231079795931 
-10.08763480426 -4.7365021278155 
-10.288138084157 -3.4929724748484 
-11.575448007724 -3.4312050811187 
-12.480705411238 -4.7760830444102 
-12.393751862262 -3.5709025148162 
-12.177620236688 -2.9008694740079 
-9.4468545105882 -4.7112049457609 
-11.476013536393 -4.7295145111334 
-11.385108387143 -3.787839868134 
-11.514622749554 -4.415945472319 
-12.852762702654 -3.3479716246168 
-13.321675456562 -4.3405936388803 
-10.333838643778 -3.3248107331958 
-10.970530235324 -4.3254588337104 
-11.920498396455 -3.84953884554 
-10.196074930547 -4.070910647423 
-11.202632706954 -4.7898875140163 
-9.4696615322939 -3.179051858116 
-9.4118093992285 -3.4846985640057 
-10.580858744996 -3.3812376170487 
-11.487612570068 -3.6372587516397 
-11.132329587375 -3.1790829959172 
-12.167336973436 -3.5211958962887 
-9.3735184800091 -4.498598389694 
-11.476945522265 -5.6487425007033 
-10.651049477855 -4.3082432687179 
-12.057134488755 -4.3872669825236 
-9.7404295346446 -2.8668943563735 
-12.900667421902 -2.7195676610437 
-11.176824465283 -3.6176144147317 
-13.19656094737 -2.7092825457298 
-11.382503087049 -2.9652603946717 
-9.4815927812514 -5.3830162592612 
-9.6807674554013 -3.1935232107424 
-9.6929553760005 -5.0986597484652 
-9.2943736540408 -4.9833658948302 
-12.046569105942 -5.3468049265941 
-10.102786322175 -5.6543796435318 
-9.3888615504904 -4.3304374647257 
-12.156984559921 -4.0493187515615 
-9.4110300876516 -4.873261108868 
-10.926648391649 -3.5911732839559 
-12.363875890766 -5.2957283571535 
-9.801120163253 -2.6687297635917 
-12.97924346058 -2.7431347402878 
-9.7755146331734 -2.878498403249 
-10.592004417775 -4.1048236039916 
-9.9619239024762 -3.3142327144617 
-11.95694567509 -3.5384253417167 
-12.176677852422 -4.7791392208353 
-9.8224563589052 -3.9825700549909 
-11.122492449104 -3.4137536254245 
-11.842690017693 -5.6302669491517 
-11.561493988705 -2.6590899050056 
-9.7124053955636 -3.3568584933214 
-13.184269321562 -5.1960382691723 
-12.013523129167 -3.5509383366053 
-10.221515599367 -2.9195941871222 
-13.36562492885 -5.4020046350615 
-10.742031319554 -3.4650084001396 
-12.271274397271 -4.5013813606568 
-10.101538769256 -4.2978217116789 
-10.829587984025 -5.3122654219405 
-11.784461364035 -5.0818434990392 
-13.019092088217 -3.5917433753842 
-10.665769108967 -4.452325351294 
-12.83594867645 -4.7224010915522 
-12.495596034047 -4.2152179136578 
-12.723192517368 -3.0179387218385 
-9.6498719296391 -4.0560463341498 
-12.011822568038 -5.4727925456022 
-10.550125990069 -3.2418094504167 
-9.5315327930161 -4.6273387945929 
-10.07952464804 -5.0309283876526 
-13.286334562883 -3.7593679674552 
-11.353981179319 -2.6520942262809 
-13.051309809872 -3.5237232076466 
-10.124250077684 -4.5801736959268 
-12.937798043273 -4.557685484633 
-10.372984860654 -3.5508350072189 
-12.969358454072 -3.8341591415027 
-11.276383299452 -4.71595198443 
-9.4128834773049 -3.9105406476245 
-11.890027932995 -4.8104918968361 
-10.853807305334 -3.3642461703868 
-9.3565406547104 -5.02783913089 
-12.533554224427 -3.5491758053477 
-10.000695282936 -2.8783733431051 
-10.789128339393 -4.4166664861843 
-12.977203770679 -4.0655058575376 
-9.8323029196865 -4.0797586187329 
-10.391236469967 -4.393233979105 
-11.940309071098 -4.7802537626131 
-11.428862824628 -4.1236444991205 
-9.665685469795 -2.9320234165165 
-12.580424406684 -3.1718638585578 
-9.5874708740965 -4.3285723295491 
-9.4031151743278 -2.657126999232 
-10.568205508263 -4.1207404305957 
-11.261677101788 -3.7067319095623 
-9.7249531974047 -4.9344180542967 
-12.499104075089 -5.0210476455126 
-10.873055295482 -3.135386666323 
-12.442466761443 -3.312187049736 
-11.783347190797 -3.3010234045607 
-9.6577142708548 -2.9208027637672 
-12.827326436893 -2.652416340643 
-13.319444540701 -4.673018959999 
-10.958157068348 -4.4007809517365 
-11.447562991898 -4.7867310326315 
-11.192558069876 -3.5353026120583 
-10.182380475329 -3.0018648593291 
-12.322883266415 -4.0453741163087 
-9.3250136962023 -4.4666105704731 
-9.4760039343895 -4.3791011775394 
-9.9628227748954 -5.2285062122705 
-10.136148544876 -4.2727785397387 
-11.037979522002 -2.9322995610395 
-10.656581499997 -4.1664377604592 
-9.3167279878087 -2.9466827982354 
-10.307317757199 -5.5939966786863 
-11.623809329616 -4.6694298004929 
-11.048670169196 -4.230359290902 
-13.095957354467 -5.0560721017317 
-12.711675652132 -3.7626117223305 
-10.904719562726 -2.7880405324115 
-9.7537405097504 -3.4437371258792 
-10.609996699056 -5.3239799234055 
-12.485741527772 -3.7880267250079 
-11.781721653256 -4.8470279918875 
-13.166743531386 -5.3874021500945 
-12.099985813903 -2.9483364400646 
-10.91207157367 -5.5420908695536 
-10.547698683305 -4.2885740398461 
-10.611736628999 -4.2743188781355 
-12.954416293496 -2.689783213688 
-12.986846937443 -4.8889692192727 
-10.666730327576 -4.5698753066045 
-11.178260503503 -3.5943257833663 
-13.062179012189 -3.6314722406821 
-9.9553123374103 -3.8146794493267 
-11.899178812864 -5.28587372379 
-10.702103821247 -2.6632022758584 
-10.363433257237 -3.8549974418826 
-10.299320338117 -3.7657094746157 
-11.73236530465 -3.2512389257805 
-11.570025572502 -3.9773236164591 
-10.657221753722 -5.6251985552106 
-9.8501360378486 -4.964773289497 
-9.3902476438304 -4.7810218051942 
-9.7569290189828 -3.5986057185086 
-12.184916377125 -3.272361032974 
-11.782255624117 -3.3920489469597 
-12.819088671196 -4.7705442233646 
-13.238971727574 -3.9401781449071 
-11.599786105295 -4.3515119890655 
-10.233412745056 -5.5468918589835 
-11.771573603008 -3.9727883256993 
-11.762660943619 -4.7331375232442 
-11.848614160509 -3.155084571727 
-13.36762598154 -3.7041986399729 
-10.039811161114 -3.9727120362776 
-9.8163579999916 -2.9651982538839 
-11.199925499024 -5.5129110073992 
-10.888996325337 -2.7140468279169 
-11.419500051038 -4.8303881346721 
-10.788733139669 -3.6334918405849 
-10.43348828122 -2.9892366692115 
-11.582431819536 -3.0630189353825 
-13.363648829775 -2.7766252683782 
-12.042816305218 -5.2876759338189 
-11.029420053878 -3.5965773695071 
-9.5669125985501 -5.3360964786934 
-9.4683950258394 -3.8454943599727 
-9.695554763697 -2.7516114256646 
-9.5889473329441 -3.1803095232327 
-9.7128118841991 -2.8630529354125 
-13.350646607549 -3.7982907173725 
-13.356747183975 -4.6917455724607 
-9.7439362656596 -3.4629579178069 
-10.387220461575 -2.8264520998465 
-10.252465722201 -5.3665347038315 
-11.514122652524 -3.8653623484774 
-9.7260643001314 -3.756610401182 
-10.107317913912 -2.6461589822561 
-9.4496995920839 -4.2821016759988 
-13.365804778422 -4.6785662094039 
-9.5039300510606 -3.9918063526799 
-12.876432220767 -3.9605112354202 
-11.110446148993 -4.0873856461621 
-12.470583176501 -5.108982274705 
-13.032343757645 -3.2648338033073 
-12.96151983125 -5.6719163359611 
-12.806530284808 -3.158108971579 
-9.6018061644336 -3.6442678907733 
-10.036974940617 -4.5127616085524 
-9.9009318157123 -4.4160710656022 
-11.02918842699 -4.6151159602712 
-9.5224182286651 -4.0167282035687 
-12.839712176959 -3.8284006659872 
-12.205723521623 -4.0297895990151 
-10.034895697792 -4.7175851366626 
-9.2863767658015 -2.9351406701221 
-10.996679828634 -3.5407026261657 
-12.009743479886 -4.2951955782012 
-10.527394323206 -2.8807952247032 
-12.851426343804 -4.9190465885786 
-9.3043584872335 -3.5088113577163 
-11.079421165945 -5.2183116116366 
-11.503536039082 -3.516607582524 
-11.115713751646 -3.2979763437077 
-9.8787256405491 -3.9136445044908 
-10.118580131645 -5.3746678185968 
-12.134405266616 -5.3745045091693 
-13.234579264667 -3.4693496622404 
-11.82623814734 -5.1042319111852 
-10.655127909981 -4.5632718490075 
-12.912500139418 -5.2453639510363 
-11.697679332095 -4.5044660766863 
-9.4736751593473 -4.2315361554728 
-10.973854813622 -3.1934549047502 
-9.6412483065833 -2.7430818919765 
-9.7133136279329 -2.6546938850266 
-12.896748852851 -3.5950845299024 
-9.7936277053954 -3.0926613559489 
-11.528076426208 -3.6554074467295 
-9.4831488236274 -4.3827624642684 
-10.277490596918 -3.7650621500375 
-11.674501635471 -4.6749882771772 
-11.735940553651 -5.6063254103467 
-12.030523070831 -2.9313143829191 
-10.836146820939 -3.7080303622351 
-9.8414416806182 -5.6151190178588 
-13.330814331113 -5.5177739161922 
-10.695970889875 -3.582868111572 
-13.333555569153 -3.9405566787293 
-12.257143241394 -2.7843579768086 
-12.791133832831 -3.0707404361345 
-13.214323760649 -4.0984796904007 
-10.357838999767 -4.6996549543862 
-10.124824254624 -2.7348187372032 
-9.312857087714 -5.2370709189474 
-10.185035301785 -4.9934913603202 
-11.538452645681 -2.7894677403993 
-9.4140105759957 -3.1669515711682 
-11.1786172778 -2.6816788792607 
-10.725843081289 -4.0501230324745 
-11.829268980576 -4.4166070705955 
-10.762961129201 -3.7735060984471 
-10.840859706215 -2.6700687443982 
-9.4503043923901 -4.1303656055348 
-11.503874775816 -5.4318960205107 
-10.92444033164 -4.2190536697844 
-13.414407604875 -3.4480751314707 
-9.5617121123772 -5.1442488741741 
-10.53743298287 -5.4406577047574 
-13.04330841554 -5.5935407268616 
-11.918410347461 -4.2465043968391 
-11.733353480655 -4.1938384768279 
-10.16166521251 -3.6535234536118 
-10.585622080668 -3.7929097478924 
-10.44807060256 -3.5980837097707 
-11.358196465763 -3.3038489750811 
-12.525230210246 -4.0831611532747 
-10.728315688603 -5.1222803198238 
-9.3414869066423 -4.7371346870343 
-13.145405586853 -4.1407528075276 
-10.191189907827 -3.2024540149815 
-11.709654250823 -3.208182378022 
-11.7268255741 -5.5189225721747 
-12.671703051386 -3.5718299376158 
-9.9543544907033 -5.6940344002349 
-11.389049220821 -5.4893143961528 
-11.38492990631 -3.0924950888726 
-10.546603803064 -3.1903820655964 
-10.41440063497 -4.5248960543849 
-9.757440181181 -3.7556772815234 
-9.8473352461178 -3.8633398480552 
-12.816848341591 -2.837945946572 
-11.109390753372 -3.6148073647304 
-13.18728552372 -5.1860648196314 
-12.569898974319 -4.0836331036716 
-11.133180938005 -3.4208343650499 
-12.935066244873 -2.7480700177648 
-9.3499088611964 -4.4500863544386 
-12.255180373518 -4.6641553186152 
-9.3394039128249 -2.9893352092185 
-11.930711695792 -3.4021583246191 
-9.6220255342539 -3.5882042471828 
-9.8608507310822 -3.6599126557055 
-10.174109876231 -3.820430868782 
-11.117329769436 -3.1480869296614 
-9.6348071450917 -4.2785424258132 
-9.3679932823737 -2.7171234907552 
-10.224735050434 -4.8913957841633 
-9.9355824436339 -3.8069270154051 
-11.700054284792 -5.4457446135945 
-13.284478167135 -5.552958021968 
-9.4248947081456 -4.1651224624367 
-13.404597683209 -5.319501920932 
-12.543512728058 -3.7760396186747 
-11.483168551251 -3.7552279602246 
-9.8597223665686 -3.341966884 
-10.936015484038 -2.7811753366665 
-12.425514537664 -4.299463213141 
-11.905123779624 -5.1716758047799 
-10.527297054136 -5.5145221922939 
-10.529158994216 -4.2399276080065 
-10.170953360861 -5.0880001274199 
-13.141045840936 -3.5042620543517 
-9.8968651796676 -2.9083296661567 
-9.8118447008406 -3.6129327355509 
-10.384496237049 -3.2766543113567 
-9.7362797323483 -5.437485322698 
-12.242191820793 -3.2254200228648 
-13.30302531164 -5.0782424946552 
-12.774216456869 -3.9742154253985 
-11.521258041435 -3.1721543217705 
-9.8152132499165 -4.1544526885651 
-10.290512581239 -2.7441014952396 
-10.626527732695 -5.2918729509427 
-12.992024389759 -3.1923356929772 
-11.673300133049 -3.1084931828079 
-10.781614172729 -4.4135055223593 
-9.433787688953 -3.3808743272729 
-12.357096214725 -3.9672520258589 
-9.5310656503061 -3.5974677586694 
-9.6026336560664 -5.543163112655 
-11.62905650829 -3.0977801372167 
-13.112121026211 -5.06348905885 
-9.7981719804676 -3.8192753122928 
-11.431489468999 -2.874785203018 
-11.85208137972 -4.0389221410522 
-9.3761454662939 -4.526885137381 
-10.404669500551 -2.9814179516185 
-11.89442087362 -5.1876188477312 
-11.967281090034 -3.4596479791248 
-11.097768289386 -3.7868217718754 
-11.648537380159 -3.2454062043188 
-9.4447660154927 -5.5065078137011 
-10.058489351436 -3.0369397181107 
-13.040602095878 -4.6155338214616 
-12.311436925508 -3.0476111717956 
-13.36735120661 -3.930818443116 
-13.232642602819 -3.3925531237351 
-10.774646943516 -2.9919310729171 
-9.587916861466 -4.4392723895619 
-12.100496648012 -4.5246980315964 
-13.212843434435 -3.7978007614878 
-10.189906255598 -4.1020754447406 
-9.3797420033963 -3.7245687425114 
-10.754530357123 -3.9046285763342 
-9.7358046304612 -5.5993992615566 
-10.505884535012 -3.5343265849412 
-9.9774887916855 -5.1335605205104 
-10.476291865571 -3.6486368861564 
-12.253952276853 -4.2159276679101 
-13.010675913746 -3.8517151118672 
-10.916818401392 -2.6499059606483 
-10.074977130592 -4.1090161942937 
-10.949949255307 -5.416004306079 
-13.18748200147 -5.3416627606665 
-12.186215515505 -4.9854803200456 
-11.788547426147 -3.5893814914711 
-12.400795409008 -5.4779217758696 
-12.110887137199 -4.7074048199605 
-12.718678591204 -4.7549316646899 
-11.822456797243 -5.4231884767423 
-12.63038585215 -5.1215937183433 
-10.966239559357 -3.0718054462679 
-11.47376645941 -3.9367605718617 
-10.254375052371 -3.5416670818537 
-10.822755317308 -2.8092104257353 
-12.682125995949 -3.6708891185923 
-10.98627915415 -4.6116801260992 
-9.9269684136145 -5.5510004694405 
-12.264256622847 -3.7688865957146 
-9.9116013440002 -4.2199332406614 
-12.865238335961 -2.6933671769467 
-10.63376242181 -4.8526281150589 
-10.017945574891 -5.0632218437067 
-11.28936697365 -4.6178628787758 
-10.398590939487 -4.3771290646519 
-9.4208824682897 -4.055619060754 
-11.026023858968 -3.2818138539206 
-11.120662573106 -3.4889210046037 
-11.029313647761 -3.5267518516546 
-11.217780891307 -3.2497656663329 
-10.110251784547 -3.3397483713666 
-11.788354357616 -4.5485065880953 
-9.7027887595528 -3.9307486594611 
-10.840862391278 -3.9010598597746 
-11.600999303672 -4.6236189559629 
-13.34700507808 -3.2508029679169 
-10.699053710382 -4.2440872207074 
-12.381045681563 -2.6515886951308 
-9.2791191066425 -4.5639209094327 
-12.204580660436 -3.448686058602 
-12.748901965395 -4.6161037679379 
-11.212488328435 -4.7451573216022 
-12.304656340258 -5.1561091656075 
-11.026831043244 -4.7873396522901 
-10.836886209757 -4.2706202582788 
-9.4857264663421 -3.3424490981645 
-12.648578753637 -3.3464920914571 
-9.5193163198302 -3.9868258807571 
-10.27246701922 -2.9494122476829 
-10.471495840786 -3.240398571465 
-12.600489773313 -3.9306424575314 
-11.391799351675 -3.4518546446602 
-11.759752295753 -4.629557850341 
-12.282782379494 -5.6526434970961 
-10.712585798713 -5.0863190674722 
-10.500309831553 -4.4357662633044 
-11.251766489829 -4.0685373376768 
-9.514177981407 -3.3765407642986 
-10.066564137839 -3.8626917935078 
-9.4757170326379 -3.3527227878628 
-10.874412549688 -2.7022419598068 
-9.7107469252284 -2.719832892764 
-11.69700313301 -2.8238671335355 
-11.262224773741 -4.2698188876219 
-9.9652814995331 -5.0728150495567 
-11.038671696736 -5.6554624081508 
-9.6125265069489 -4.6721513572166 
-9.7491958065364 -2.7116546119202 
-11.555885131663 -3.2403467037321 
-11.282226454577 -3.0704921581385 
-11.881372325672 -3.7433598553286 
-13.00244347578 -4.1674089949286 
-10.018323061882 -2.77699502674 
-12.742210539667 -5.1874232204539 
-12.646572278607 -3.2803413885572 
-12.991735255188 -3.6974478410153 
-9.9115958811571 -5.5743566739636 
-13.197439191783 -3.3692574301544 
-9.5039412893626 -3.9565295612073 
-12.72890649965 -4.3551620781025 
-10.258652666252 -4.3918571549933 
-11.825538268182 -5.27654031384 
-13.346504780229 -5.2758761481666 
-11.744688580205 -2.8518037097423 
-10.655435076808 -4.5266431197347 
-10.482053491848 -4.9570263473928 
-12.429767434144 -4.6817198194167 
-11.495150805416 -5.1424264776097 
-9.4890848766713 -5.6670272398343 
-9.4614434867367 -3.6631360179394 
-12.326121098941 -3.0835318271034 
-11.243027155088 -4.6371218499906 
-9.8505342813876 -4.2405447974167 
-12.656367742691 -3.8270577254043 
-9.3190151751566 -2.8958306252658 
-11.413472175331 -3.7699161342681 
-11.907986283937 -3.58365729774 
-10.947604632844 -2.7121308930209 
-9.6781762192864 -3.5286809529513 
-10.722883593762 -3.4931335192191 
-11.0495319938 -4.6310807100404 
-9.8457248055244 -5.5698465198357 
-10.450734154047 -2.7382313359688 
-9.9765076757016 -4.6745579315298 
-11.252411480097 -4.0702314830131 
-10.115164571538 -4.2046077320769 
-11.072786829465 -3.0905494575324 
-10.602760532789 -2.7160887127241 
-12.462921266291 -3.3356956961683 
-11.49537566187 -3.3498393785523 
-11.666334848962 -4.5202653990443 
-10.174577287359 -5.4193984685329 
-10.711444192106 -4.3977700987879 
-10.971336047655 -2.8117054457978 
-10.581777414539 -3.018231692862 
-12.250386893003 -2.8071410980843 
-11.128913855586 -3.2358233356133 
-12.831076680983 -3.2283231037619 
-10.816200301556 -5.3975021790952 
-9.7339315321955 -3.6431289051415 
-12.05208585804 -4.0169219840402 
-12.416202744429 -5.3043579478308 
-10.397490226739 -4.7199226054702 
-10.701988431109 -2.7521293452059 
-11.106635390925 -4.5063978130846 
-9.471967069758 -5.0775900833866 
-12.186047482487 -3.5963686895505 
-9.5729511841104 -3.7594162844761 
-11.442862562855 -5.6723975068901 
-12.452851527211 -3.049639191788 
-11.7503412722 -2.7627385744164 
-11.400808251567 -2.6493765339524 
-10.247458713165 -3.2949659071041 
-9.8228662603439 -2.9882959310968 
-12.226406813851 -4.6854304091991 
-11.709491359944 -4.2418444299241 
-9.923104249777 -2.7166198960401 
-10.016758934878 -4.2791798434365 
-10.589161901148 -3.5329706972957 
-11.912886575272 -3.2683337931846 
-9.6202921520826 -4.5183974108761 
-10.633361038874 -5.0981580417868 
-9.8911185760052 -3.7823010192468 
-11.018580491675 -3.604017014987 
-10.562732520375 -5.6107509736504 
-12.1422659632 -3.126554944623 
-10.607041843173 -4.8793698178337 
-13.382170112966 -4.2982465367587 
-11.275578603891 -3.5010156464531 
-12.696884819914 -5.5062966497917 
-11.628168983916 -5.1473443420202 
-12.441197780472 -4.8269397827539 
-11.830203450563 -4.4587034173786 
-12.135164127997 -2.9194872911802 
-10.814435753797 -3.0213145601448 
-12.881267428723 -5.6172009737926 
-9.7456507481042 -5.2726333263507 
-9.6138926373857 -4.4125033229452 
-12.366185749423 -3.4126137369281 
-13.03428702526 -3.2154544114931 
-9.5915312052356 -3.6775940375759 
-9.8040834062062 -4.3467510399249 
-10.754497229177 -3.3574922959994 
-13.167477081216 -3.2523772356112 
-11.32634479439 -3.573727849197 
-9.9788973133503 -5.5031603854704 
-10.899289528192 -3.8445495960319 
-9.9904144870461 -2.9960482186056 
-11.853124131281 -5.3986754697224 
-10.536471558925 -3.0520038987444 
-10.239827533772 -4.9681578880123 
-10.653722696242 -2.797052941534 
-10.980501547224 -5.042649512192 
-12.457468622184 -4.2614682122554 
-9.6851181497025 -3.0712397112731 
-9.553671152592 -3.3635713754991 
-9.8136602340035 -5.4963786149271 
-9.4366518745678 -3.8567117953678 
-9.9840697746869 -3.9360486517478 
-10.895335381798 -4.6250366991291 
-12.956057551012 -4.010095865797 
-10.291681851871 -4.8679502735247 
-13.206942516901 -3.7562141309372 
-10.106595184599 -2.7588647210204 
-13.334995448807 -4.2001242452394 
-11.908195874722 -4.0819351389995 
-11.815760048498 -3.8453430681101 
-11.868443097692 -4.6877597573697 
-11.801972211017 -2.8117905375137 
-9.8210272929786 -4.8781898755745 
-9.5083249091901 -4.2879582770652 
-12.995406934763 -4.450360519268 
-11.45072150719 -3.8005571776873 
-11.407932422514 -4.1735341511482 
-10.372785316493 -3.4327353297168 
-11.704640791584 -3.2884406970644 
-10.010403149967 -4.1263836342444 
-11.559763911329 -4.55369818467 
-12.667545116835 -5.2167109748915 
-10.027458847784 -2.9117794523058 
-11.986644872412 -4.0149008145432 
-12.721930373695 -5.194089348628 
-10.110010803275 -4.4173839447351 
-9.3671402253658 -3.5394201760949 
-10.554513333859 -2.9685831042257 
-10.644175933173 -3.9811066478921 
-12.976370444039 -2.9340733343287 
-11.001678074646 -2.859971789052 
-12.471622985657 -4.9418829329151 
-9.8041008777781 -4.0102144555668 
-11.167244570635 -2.9162489179416 
-12.149792666981 -3.8391357652541 
-12.950728024279 -2.9045407171736 
-10.362182359373 -3.2819274418959 
-11.569267397485 -3.1812594532494 
-10.149168370864 -4.245347310812 
-10.409233808763 -2.6807242296591 
-12.549756099909 -4.0930866100966 
-12.322859207046 -5.6252208074376 
-12.588931389222 -4.0311887421603 
-10.665354064716 -4.7793214871948 
-9.3476812293563 -4.5579917646911 
-12.618438385411 -3.3544416791626 
-9.9238574827904 -3.0352631948306 
-11.937749265536 -2.802481885781 
-10.056097785465 -4.3936353440722 
-10.122776256585 -2.7337714694389 
-11.885807333274 -3.0163603994094 
-9.5651235320221 -3.2157112678004 
-10.903652649281 -3.7940756892731 
-12.809924257301 -3.8016831565619 
-12.002716019668 -4.2706988842859 
-13.064952104502 -3.4773193981912 
-12.328789921538 -2.6518245951504 
-12.817247699096 -2.9607733707958 
-10.441119883334 -5.6220369437502 
-11.480172628073 -3.1927874337958 
-10.753952371377 -4.3510360950774 
-9.4944157882967 -2.9125904536092 
-12.353642315807 -3.360828143039 
-9.5257006586572 -2.6680468699272 
-10.53350308838 -2.79826863049 
-10.28107073807 -2.8626469261924 
-9.8919096328454 -2.9106049288169 
-13.021615939181 -5.3803755075701 
-11.512193132891 -4.3916301716312 
-13.318286015196 -4.34681814752 
-12.435171240931 -4.6828913380741 
-9.3391437003012 -3.6978063836331 
-11.248537834325 -4.4246552055238 
-12.122611609654 -4.8596470844725 
-12.391078759343 -5.5342145476612 
-9.5116616026613 -3.4526682985558 
-12.386546063821 -3.2406413437334 
-12.055949507663 -2.9106524865914 
-12.417478124186 -4.5680628448119 
-10.447283391188 -3.3037041888359 
-12.373265823121 -5.6495585597636 
-10.421359590075 -4.3390347761809 
-9.560946600915 -4.4778855843811 
-13.056588725015 -4.4923363727878 
-12.751913659776 -5.3062578858421 
-11.073731153842 -4.8293878361852 
-10.266171929963 -4.3334690316921 
-10.352187410585 -5.0665889641921 
-13.198411073274 -4.0906959017527 
-10.909722219852 -3.4607100283497 
-10.173103254935 -5.2141784925793 
-11.524483475707 -3.1646164650067 
-10.831174594121 -5.4948953550337 
-9.9697224615738 -4.4022870965435 
-12.881119241496 -5.5883380329366 
-12.279559956862 -4.5222910542831 
-11.446137585118 -2.6770418062689 
-13.392272610817 -3.9402707120564 
-10.792673646845 -4.0794658774347 
-11.448630976947 -4.1786371630958 
-13.075092580729 -4.844762782117 
-10.401021892923 -4.5650682160857 
-12.304446489907 -4.7770886545074 
-10.983268679652 -5.2407153210342 
-11.369836008846 -3.6895822958812 
-12.434103277514 -4.8384172929854 
-12.36021301643 -2.9463086333161 
-11.6287748878 -4.0895224029871 
-10.916156176171 -4.5501347084105 
-13.247669310618 -2.9635586011519 
-11.347417991692 -2.8573166359224 
-10.589092825365 -4.6331822359441 
-9.849511121595 -3.2609188237413 
-13.236203681736 -3.8953091903494 
-9.8761948033475 -4.7999605415764 
-10.252982810038 -4.6079692925174 
-9.5298533459787 -2.7455453925983 
-11.787368270325 -3.3277522601025 
-13.164369393019 -4.162987944656 
-11.031354438616 -4.7712024510889 
-13.013742352532 -3.7450799132736 
-9.6193144430461 -4.6718517853588 
-10.447152729798 -3.1174169410256 
-9.9308678448491 -4.2262315933334 
-11.737817597128 -3.3278959065933 
-9.6786627166358 -5.3145549706222 
-12.987567106549 -3.0600183265639 
-11.341156021962 -4.4222161706303 
-11.054022640122 -3.2016963389208 
-10.572767364376 -2.6903806004 
-12.095371144002 -3.8710411941881 
-11.617454814032 -3.5000256394049 
-10.732150684083 -3.3846546677466 
-11.223126716341 -3.1635199556469 
-10.673466354855 -5.0017796280743 
-13.106469426016 -5.5715246676513 
-10.410375831558 -2.8099891329072 
-9.5051306051123 -2.9919594059473 
-11.166855496506 -2.8241413391021 
-12.182628076264 -4.8616504559788 
-12.037576870482 -4.1505897266929 
-11.181718663856 -4.3070887558262 
-10.294110597659 -4.8791739376075 
-11.705279962738 -3.526408816167 
-10.00027935573 -3.5211803307007 
-9.896701308543 -3.6515098535018 
-10.146063508064 -3.9906167466395 
-9.7004550445491 -4.8094786038152 
-10.137706481211 -4.0285517893156 
-9.4353876540031 -3.0687454327034 
-12.331167262657 -3.5792280130363 
-11.983633586916 -3.4158291808188 
-11.565572611448 -5.6208088762647 
-10.910392950614 -3.3655975936884 
-10.65934099346 -2.8197860288971 
-12.975624359168 -4.1832498590782 
-12.674480782394 -4.9114173586922 
-12.730161883182 -3.5518530608373 
-11.830588877529 -3.0952697106175 
-9.8431789719525 -5.4216367203933 
-9.8557065486747 -4.5390980186129 
-9.6437743783664 -5.4456516660268 
-12.646285334554 -3.0258864324636 
-10.401349387162 -4.0299956555955 
-10.276806003819 -3.0411662011285 
-12.72562658866 -3.3564333106248 
-11.006251739551 -3.8678561958775 
-11.3476201782 -4.3733179799193 
-11.531935796559 -4.9818035294204 
-9.5431346148722 -4.8627282489004 
-11.946068503459 -3.0911656918209 
-12.885154008667 -4.7826746522902 
-9.4669163988382 -4.4006223400084 
-10.120487566129 -2.9222223093485 
-10.478974462177 -5.3669144740966 
-9.6053107550072 -3.4725198995116 
-10.53026158108 -4.0232804323169 
-12.648447131835 -3.1551819448632 
-12.689765373147 -2.922740778118 
-9.6842147561309 -3.278892338053 
-11.52498990133 -2.9644720014375 
-10.563197554606 -4.3510648147503 
-11.208233941438 -4.0107296628423 
-11.996268225924 -3.5855462660789 
-12.887092623704 -3.9019812014567 
-10.141655987823 -4.4722640495848 
-9.849693109128 -2.8383110272479 
-11.75263602567 -4.0034874330189 
-10.157773711189 -4.2936851285502 
-10.811428468394 -4.4680840566977 
-10.786714076257 -2.7336193801933 
-9.5840681505346 -3.4119203246217 
-12.429703009835 -3.9068327260583 
-11.041227949695 -5.0313290067743 
-9.4519618052514 -4.3060865070487 
-10.206825735773 -5.6352165702123 
-9.456128963628 -3.1446076820321 
-11.127715037636 -3.8134575293644 
-11.589865383644 -4.8275147497247 
-9.7720321920116 -5.5079264785795 
-12.661812123226 -5.2350304222392 
-11.338131034488 -5.0782447320714 
-9.7104342362032 -4.0503560874908 
-11.564224944712 -5.309678900465 
-11.07830904496 -5.3792527372857 
-12.561441743099 -3.2262114991709 
-9.2979982575289 -5.3766968076407 
-9.7176362781773 -2.8373831026889 
-11.945801543331 -4.0869482011502 
-11.784172394399 -3.7085849939142 
-9.8904185192943 -3.6759658550938 
-12.575175828282 -4.6707018313124 
-11.338506411581 -5.3312269903996 
-11.136422740304 -4.5552323275069 
-13.3654107061 -4.5345255177471 
-11.087116397749 -3.8791178759895 
-11.821037452382 -4.8342925245984 
-12.918005696698 -4.2623918474255 
-9.8750289875249 -3.8333844161609 
-11.427618279199 -3.4308180882334 
-13.296526134426 -3.9474035875222 
-12.666405684068 -4.3079950045658 
-11.157062744738 -4.6294410478522 
-12.791551949944 -2.9404918737725 
-12.044908184637 -3.0960974867443 
-13.24513860682 -5.4028263498512 
-12.757031364189 -3.6468908125912 
-11.081367502641 -2.9792511102813 
-10.643041449614 -5.654422136453 
-13.110242098334 -5.002173919546 
-9.5724535354733 -5.5276476057446 
-12.770738586773 -4.0486887467193 
-13.420808553365 -4.7893731685589 
-9.5418540324428 -5.2030837424128 
-12.731967324198 -4.9149625895305 
-11.412522998212 -3.4721062693003 
-11.841665414205 -4.4035470778344 
-9.8362697499298 -3.0975489445929 
-12.809653243812 -4.9974274382616 
-11.276310293002 -3.4230674846313 
-10.795351500576 -5.2082396518517 
-10.732544932773 -4.0997561820592 
-11.483780582719 -4.6181527167649 
-12.69033492793 -3.0773165932055 
-9.3890817661531 -4.9096287698046 
-10.362144426176 -3.9898633348884 
-10.995533571343 -4.8440526835094 
-10.757494463714 -5.1674689678495 
-9.6311717229813 -3.5229252583662 
-10.096151233263 -4.4178710134923 
-10.406148738798 -3.5796744790146 
-11.915235158107 -3.9091606883415 
-11.184745384465 -4.7699903863494 
-9.6503053148828 -5.5925548736534 
-10.031682924187 -5.6638457409365 
-11.137227997136 -3.0057858213976 
-10.243980337429 -4.5840781377749 
-12.386677645239 -3.0925869864161 
-11.603237366647 -3.2240718219292 
-12.325036960027 -3.6274906659701 
-9.8284317633629 -4.9170599093734 
-11.452812647498 -4.197952057513 
-12.706230918999 -5.5949043168621 
-10.91819372762 -5.383196259342 
-12.964623339613 -2.7132675430951 
-11.415471775082 -4.0345281584269 
-12.278816456227 -2.7567556224801 
-10.29668920296 -4.0941065315675 
-10.749585978113 -2.8847588310761 
-12.993340746368 -4.7476838298904 
-12.44638400128 -3.0806476544098 
-10.260238352169 -4.2334132037258 
-13.035669600001 -3.8063925472403 
-9.8365535145917 -3.9538705953987 
-11.27111517138 -3.5887568012563 
-10.404207231149 -3.3116719746335 
-12.761949177887 -3.4058980443169 
-10.941262465851 -4.8941967286771 
-9.7433910111514 -3.5095615933091 
-9.5237807911534 -4.8959489629973 
-11.150056302428 -4.2552900342411 
-10.164022382029 -3.0304950058322 
-11.111889878223 -3.4265497034406 
-10.175827491065 -4.3570829699552 
-13.284064240284 -5.688421384387 
-9.4998888856816 -5.3145507334837 
-11.380819657014 -4.9292441904144 
-10.426729898066 -3.5563976415092 
-10.617526858574 -3.7064464135968 
-10.754877508479 -3.0536378514782 
-11.005078026044 -2.8583829146529 
-13.386630907995 -3.0863893623818 
-12.659562469805 -3.8841953807156 
-9.8613841710861 -5.4835320320732 
-9.302223008831 -5.0812321406495 
-9.6448342508006 -2.7233224746802 
-12.630898483538 -4.5826811914486 
-11.615442953565 -5.5710192056783 
-13.305895873187 -4.8023107831119 
-9.9006263138684 -3.6031522717526 
-12.518698908911 -5.1652361341937 
-9.5878256044823 -3.8655546867787 
-12.089217800692 -4.8189487911787 
-9.4977159537855 -4.035485505178 
-12.032453253662 -5.172194457452 
-11.405014072661 -3.9675024249409 
-10.357208277328 -4.4477522834503 
-12.229879565784 -5.56797675535 
-9.4728262095337 -3.9814833931644 
-12.635138135037 -3.5007488157503 
-12.578146717009 -4.7294057419277 
-11.031033967344 -4.0620376995835 
-10.452651298809 -2.7276673247766 
-12.82528520822 -5.1902111110092 
-11.823612431938 -5.2492436642661 
-10.022921078899 -2.9535320787313 
-10.129115041342 -4.7767311944547 
-9.6100593056731 -4.8892287355116 
-10.405460264827 -2.693151586305 
-10.454410405963 -4.595830168205 
-9.4083720108018 -4.6156391936758 
-9.7258941609673 -4.8388734843776 
-11.378186174808 -3.8287360217745 
-10.088142419502 -4.0243187224577 
-10.542518380684 -4.6419684698079 
-9.7853024095138 -3.3994617515651 
-12.980252572714 -5.1394898978854 
-13.000902005862 -5.5771691199528 
-9.5693839820337 -3.6360889865854 
-9.758563001738 -5.2955410097914 
-13.093805369008 -4.9771012123743 
-13.022537009787 -2.9168211859176 
-13.11227604374 -5.072592328255 
-12.933460966737 -3.9872995577983 
-13.128429931972 -4.1196620531868 
-13.137817731353 -5.5865360504953 
-9.462902734184 -5.457762562944 
-13.198609295036 -3.3760526130902 
-10.327738577548 -4.2640518992312 
-10.136004685909 -3.1459370180134 
-10.699363006032 -5.6123082542279 
-12.908883962646 -4.0658198080423 
-11.010716296476 -2.6874856269514 
-12.594386041234 -2.908261386535 
-10.684336842642 -5.1024887739352 
-10.580910620488 -4.8310195347402 
-9.7721360269475 -3.654261305714 
-9.3883057491201 -3.5865849082622 
-10.504827346515 -4.8607793614439 
-12.966127844794 -2.9526310108052 
-10.687181396574 -3.9623961363565 
-11.341299640663 -5.3806175114995 
-13.178485252993 -4.6986517547481 
-13.141744582929 -4.2617046792353 
-13.007026845231 -4.2230271961291 
-9.7987887960397 -4.2405799720071 
-10.81637213737 -3.3424897436346 
-10.357932408879 -5.6803636125005 
-12.31995793372 -4.4771496705185 
-11.630321189041 -4.4233310910967 
-11.39852219685 -4.5838367192977 
-11.118283775536 -5.120302147401 
-11.691217421362 -3.1137395044724 
-9.9207784056985 -3.6684766657606 
-11.151616024833 -4.5177420817568 
-12.692047489739 -3.9157487012117 
-11.122342885605 -2.7457073347299 
-11.546928259827 -2.8603108879431 
-12.712326962452 -4.7634597255048 
-13.013399245356 -5.3243577429585 
-9.5302643130363 -5.0320893762495 
-11.789544829315 -4.0329968545393 
-9.9382343909063 -2.988402801974 
-12.265667789238 -5.6930304998655 
-9.6340814989061 -3.265896725511 
-12.827267348128 -5.0972435838369 
-10.385714937064 -4.9675512251557 
-11.213728327417 -3.6861676445198 
-12.878254185287 -3.826268322907 
-9.8858342225548 -3.10672233861 
-11.535872154331 -3.2875714901964 
-11.257453419881 -3.7410539119965 
-11.772236708719 -2.9714180033864 
-12.082236998556 -5.5916479067033 
-13.253399872105 -5.5990453073423 
-13.156249327769 -4.3102119424239 
-10.304510229222 -4.3689110303926 
-12.985330167978 -4.1105945233275 
-11.291666535669 -4.1162380010947 
-9.8006354818117 -5.507917401078 
-11.891874708652 -5.236228368562 
-11.078065646764 -3.8131605731509 
-10.352861244562 -3.0206937784907 
-13.159270079943 -4.4765395680799 
-11.178876740458 -4.9496300568408 
-9.2908001065399 -5.0428634361314 
-11.950151911001 -4.893902745505 
-10.756211372674 -4.66204743445 
-11.390684621874 -5.6866453467483 
-10.530705288416 -4.5781532268809 
-11.352648675919 -2.9289964742014 
-12.040572371283 -5.1507172859083 
-13.194310162694 -4.6411348041776 
-9.7440485158057 -5.2893816515901 
-11.614173197127 -5.1221491010325 
-9.8583360957382 -2.8193229928387 
-13.240228478617 -5.2916913684972 
-9.4910431929494 -2.9383021120989 
-9.6166984500738 -4.9909157431424 
-9.5506396209819 -4.7096124467889 
-12.208358205518 -5.1070749691863 
-10.330248469868 -4.2470260230325 
-11.322434402134 -5.2705373539297 
-9.7813627789918 -4.81773320925 
-12.83861174436 -3.3141119761626 
-9.8075897746369 -5.5135289702124 
-13.094987344819 -4.1284806355378 
-10.218533767095 -4.2779066005628 
-13.346868639315 -5.2894602175159 
-10.182473028155 -5.1165454770289 
-9.3990922611724 -4.3759295523213 
-12.548310510821 -4.8155592618537 
-10.807626388555 -5.5477030998393 
-9.3288916370783 -3.0279799092523 
-9.3941758660475 -2.7081067443262 
-13.161589350359 -5.2304231260412 
-11.376697401844 -3.3711690515729 
-11.391979043134 -3.3695803850508 
-12.67461748374 -4.8397055234771 
-11.32152449446 -3.3866306005696 
