-22.844380534683 -7.732030497619 
-14.304896464049 -5.0233899183877 
-17.319782937594 -7.896595490673 
-18.406022407133 -5.3924279330001 
-23.573388552729 -5.5524239068199 
-14.040705636339 -8.6558418804668 
-19.74564107035 -5.7856601404674 
-14.030986606324 -6.8136623331855 
-14.000346300167 -17.435839384101 
-23.36098980468 -8.5453358911357 
-14.0170274757 -8.6994094063683 
-15.114152398981 -6.4614339150508 
-14.708974143173 -7.1211099748008 
-16.055503711522 -8.5812983731228 
-17.557584350315 -9.7055049521331 
-14.067189647096 -5.44154661668 
-20.95976801089 -9.2793708278202 
-20.291308748115 -6.0020512107781 
-13.84895878759 -7.6407231122675 
-14.299115403985 -7.9839042366562 
-21.296232501989 -9.4145191954031 
-15.065252910954 -6.6203744974915 
-19.738968040725 -8.6869895634585 
-16.507243568622 -13.297763401787 
-19.193109130296 -9.0618444640277 
-17.262052899012 -5.5072223317583 
-17.343199610979 -8.0329029561053 
-13.498392910267 -14.584030392243 
-20.731883834897 -6.8698115024437 
-15.697448230937 -9.1981918936696 
-17.607593596324 -5.1735895041487 
-15.853119400928 -6.7605184384201 
-14.758039791546 -7.7976826991776 
-16.590872586501 -16.215504690656 
-13.892287991161 -5.6658850151736 
-15.561623369673 -6.0454381879654 
-15.320371737328 -5.9620354543281 
-13.715387053079 -8.3022926251055 
-14.710027242558 -7.2650810622705 
-17.095937094033 -14.074407545094 
-13.530084182986 -6.4209934844689 
-14.717604668137 -5.1421150701876 
-14.444497441134 -12.795618800103 
-21.46967328501 -9.5921020544182 
-19.405313823604 -5.5482894005197 
-13.744489054054 -5.2994217442358 
-17.427724910359 -8.1345244764574 
-20.802230138431 -5.9484511821803 
-17.883959334163 -7.0773536612289 
-15.982445785617 -6.9451803926211 
-18.776303386898 -6.0519345985828 
-18.072254547396 -8.6457265564423 
-16.134423673794 -5.7314958819227 
-15.328623858377 -6.7377308975543 
-14.778521001543 -6.9773454070578 
-20.88497030224 -5.3113419110978 
-20.489401452419 -5.5669897490843 
-15.904200448798 -9.2239700956893 
-15.235805365464 -13.289146413912 
-16.495609187308 -7.4957641295039 
-14.716082183473 -10.923900908388 
-13.452568989355 -5.6377402281319 
-15.78134776328 -8.5753111326523 
-18.526532790013 -9.586397800145 
-13.552171906913 -7.024141719329 
-15.182735174662 -7.2826775378689 
-15.474641901824 -5.7191654652679 
-15.224153631066 -7.0599603424584 
-14.177999476437 -5.4571180268769 
-18.722566279973 -5.9213274404789 
-22.870093308602 -5.713186557498 
-21.987960016236 -7.3017876622231 
-15.980793144919 -5.1947272997603 
-15.300862950789 -5.4601345741802 
-13.608825996713 -8.9887861749986 
-13.620385127592 -5.7796361038803 
-17.387771517627 -8.130525321262 
-15.896940432206 -7.7927226228465 
-14.793399763692 -5.7018317297613 
-15.015691474894 -5.10462802074 
-16.179647802274 -7.3192354613739 
-14.178041133092 -6.4681402302568 
-20.712312962762 -5.9032228050957 
-14.019236268451 -6.435509209308 
-14.109837389419 -5.5593488853238 
-15.116238209384 -6.9783029321247 
-15.962096658089 -8.7817621746334 
-19.615418310504 -6.4910397129483 
-15.760194324585 -7.7168839009383 
-19.993384114429 -12.155296930887 
-15.794354469664 -8.0843426684524 
-14.829451100976 -7.7930276494408 
-16.540003649212 -8.9804876560341 
-14.195857336097 -6.4003632505675 
-13.621784022729 -5.9862596177415 
-20.658780044092 -7.1134320477775 
-21.716266830329 -5.2817275968441 
-14.05571127261 -11.953331975797 
-13.45975235212 -6.6018944943496 
-15.056519886037 -5.1202362281745 
-13.654265133284 -5.3448739597179 
-16.116295626437 -5.5726225725861 
-18.555518473206 -6.6034365202569 
-22.26686724531 -5.2834456680881 
-16.934906944921 -14.093329587649 
-14.552902505433 -8.6222190150043 
-18.485223534365 -6.2632073003996 
-16.604060997584 -7.9955173497942 
-16.263797580024 -5.8981501960926 
-21.46995207159 -5.189988712321 
-19.507478596411 -9.4848362855522 
-16.409100231157 -6.0078794142126 
-14.997755658465 -14.547541753648 
-20.670714867846 -9.791066783596 
-14.940954900576 -7.1488663403307 
-16.704210205174 -6.9968282835083 
-15.909063877529 -5.6742271385542 
-16.004890116246 -9.599264224613 
-16.378717812287 -7.4991771005334 
-15.494897018492 -5.690373164871 
-17.709922720375 -7.0633471038231 
-16.26698233009 -7.0991139132333 
-15.328778407068 -6.8215195320482 
-16.418756643262 -9.516750493154 
-16.550783210714 -9.892778080754 
-14.373737067467 -8.06402080166 
-14.918993022376 -5.6002386323061 
-14.298648157315 -7.7596632352776 
-13.604133950297 -5.1952107985198 
-14.640278179924 -9.7105719946588 
-13.756233521189 -6.5049579891249 
-18.45099177169 -5.9710208919665 
-18.676901788997 -5.2106614210966 
-14.608094179239 -7.5582801718754 
-17.786871259613 -6.0746689700306 
-17.115815456274 -6.138828365459 
-15.203855788458 -7.6821807730942 
-14.371357988366 -10.043817147064 
-14.407942475773 -5.4473798149925 
-17.627194361244 -5.998170495765 
-13.607940227388 -6.6081219786207 
-14.357880584316 -6.014567885705 
-18.22371944637 -10.698567138822 
-13.889315766136 -5.9015012056897 
-13.731374678419 -9.6564645663553 
-15.804476185549 -5.0453025399309 
-14.678324135425 -7.4631080248562 
-15.028718875602 -5.8125930683871 
-17.805695450198 -6.7098605514799 
-23.730724919523 -7.9292048701631 
-14.779873555595 -10.48967821629 
-13.99190548641 -8.9457737378479 
-16.1591584403 -7.9558560360446 
-14.614758939575 -6.6379459363354 
-17.41791425864 -13.265183284295 
-16.511092058653 -7.5852088655061 
-13.678754749167 -11.136330891387 
-17.154753662572 -6.327796496831 
-13.555633375606 -8.8257730561909 
-13.9672631429 -8.9404301693712 
-18.27923538399 -11.839256014271 
-13.58562312915 -9.0461765685748 
-14.824062745567 -5.6554649572306 
-23.149714664861 -7.4311291085027 
-22.627795780254 -6.7170718065908 
-18.657410838012 -5.6252964014327 
-21.067420809932 -5.4335224078392 
-19.737568615306 -5.4632228444615 
-16.046442667271 -6.3792845832624 
-15.649424484345 -10.096260697391 
-17.579895797646 -7.2704424816612 
-14.98233153659 -10.861350005518 
-21.254504588027 -7.2411348959086 
-15.651681089895 -12.932531660704 
-18.413975434815 -5.599993682661 
-15.777847517584 -6.4345792681513 
-16.192805051568 -10.96645068626 
-20.078668916238 -5.1499090851158 
-19.059386247031 -7.9457268893801 
-14.960382901802 -7.0129737329985 
-15.171889618109 -5.9582125447496 
-14.693894512409 -5.702293750206 
-16.61227868477 -6.6726686692405 
-23.449672795851 -5.7332635235488 
-16.157265304287 -6.4442406005924 
-14.41992796799 -7.701437066277 
-17.205678483883 -6.4536021855773 
-15.45757398723 -6.5592432014803 
-13.609110981919 -7.6325006810763 
-17.783879116461 -8.6978182330483 
-18.604788155906 -8.102131329709 
-15.896865886586 -9.1148943005801 
-16.006456595039 -11.398298761365 
-15.395213194576 -10.422571454779 
-16.445713864213 -9.2033396628131 
-15.046643146253 -5.9532317829255 
-17.830551681906 -11.540027853713 
-18.564664858129 -11.733515578092 
-15.999627465723 -5.111469871743 
-18.747474476468 -11.393510599499 
-14.864280682362 -10.788018830582 
-14.891123748564 -5.846568733726 
-16.197217532093 -5.3897542847558 
-13.930774642461 -5.9805490460921 
-15.658887146289 -6.0273257982075 
-16.385794564951 -5.239693836541 
-13.679888671463 -7.1549819496699 
-19.069339435121 -5.8290576262951 
-19.536241995529 -5.9967554397024 
-17.121260098554 -10.428933863685 
-14.229406260635 -9.7772956784851 
-13.569051139006 -5.1119263473003 
-14.469873019561 -14.568578247569 
-14.225151864833 -8.8627110160995 
-24.463439406387 -5.9511214275151 
-17.582476450352 -10.135327333332 
-18.700386086284 -5.1582758992956 
-14.514408826438 -6.5790850552388 
-17.214545238804 -8.614073003402 
-16.165211550125 -5.6117371567247 
-14.146098850177 -6.6185585730913 
-20.248233182075 -11.070869076331 
-14.885052734695 -8.8704651149558 
-17.264598356596 -5.8083740006481 
-23.663734425244 -7.3482110784942 
-20.604331044805 -5.4462734658434 
-19.204337720723 -8.606498124174 
-13.90203653801 -6.9451496702299 
-16.12817006547 -7.6133234304033 
-14.105732169891 -8.2988073473525 
-18.483394718231 -11.284242316031 
-20.477608805476 -5.8663096095096 
-18.946129813608 -6.8647363884547 
-15.567455198467 -6.3777060642091 
-17.13864826234 -8.9182823706137 
-14.611480925706 -9.6922578152012 
-18.913356390581 -6.8568371682044 
-18.72468804148 -8.1630852359005 
-15.415109211472 -9.6983907012868 
-15.816943903047 -6.2289300439696 
-14.787896422845 -7.6888840169147 
-13.786819390625 -5.7983100133336 
-15.110722976536 -5.0920213304134 
-13.673284603254 -5.4509025796248 
-13.566450539539 -7.3851786919045 
-15.192488761161 -7.3781151276254 
-18.991196813886 -6.8015318610968 
-18.587607513573 -5.7329648998222 
-18.90539044772 -5.6623007245265 
-13.524190130113 -8.0120502391871 
-13.791749108706 -6.8419856862278 
-15.22914672159 -5.5414134809334 
-16.628180601157 -5.7235587624709 
-14.215252870963 -12.583090920437 
-16.596899511986 -6.1200862755182 
-16.36182395513 -7.4239906079498 
-21.188051780021 -9.7266775753197 
-20.890468499343 -5.7038577409961 
-15.317969750205 -5.2262702534109 
-19.88120406185 -6.3796187776816 
-13.640538282189 -10.499118968518 
-20.469176395707 -6.8322578227462 
-18.758833655458 -5.7208397958414 
-16.180466824536 -7.2286041143311 
-21.20535508197 -9.1405492256076 
-17.95368075143 -7.2341267070046 
-16.822952176994 -5.2976701733989 
-14.46229198619 -13.647764496474 
-18.085187904187 -9.4044927456754 
-13.625815674164 -9.3356535097672 
-16.176114018039 -5.5205267446469 
-15.547854694768 -9.548396292816 
-19.325759210089 -8.9097390570156 
-14.960190667264 -5.3313826996631 
-24.473030852079 -7.5240672825822 
-14.388744036743 -7.1024450440163 
-23.552825466423 -6.0099320554212 
-24.183362201886 -5.5534471573398 
-17.048369424694 -6.2672627704319 
-15.695876474148 -7.1193271282552 
-20.004348978177 -5.021309850104 
-16.271245599157 -5.6334938132052 
-15.032054202494 -9.2033536337908 
-23.206783177913 -5.6688690531121 
-18.213669847939 -10.977437672118 
-14.403588461215 -5.3156108553157 
-18.407005229164 -9.0525977634002 
-21.302113965177 -8.6981131134598 
-14.580465882495 -7.8158447691413 
-15.878458641678 -5.0719190055285 
-15.415251671235 -9.3867961504829 
-16.091960995676 -13.814721321891 
-14.991205735144 -8.9781544075292 
-15.414291327806 -5.1951052657443 
-13.729187223879 -12.082661857623 
-13.582864742919 -5.6741644500393 
-23.933620709283 -7.066173101135 
-14.155424896866 -9.0666611406477 
-18.423710177683 -5.7446873380879 
-15.271744135409 -7.8799922448416 
-17.658223653755 -7.0119042904496 
-16.666091411029 -5.2624721943019 
-13.769921219315 -5.0852089361913 
-18.815674364223 -8.5720369326555 
-20.225297112601 -6.3752060686572 
-16.317043689766 -8.667633614041 
-15.056707936698 -7.6641917368827 
-15.626698430355 -6.5476659974266 
-17.057224263027 -5.7064244461 
-15.148044809126 -10.579156945515 
-16.829400409595 -8.9924055069553 
-14.341637068131 -7.099797695355 
-13.566222383403 -6.3904036982714 
-15.874272536278 -5.9392688483368 
-15.223883319313 -8.717644203805 
-15.484641344344 -7.2163392902793 
-13.502894912591 -8.4565947636043 
-16.334642732084 -10.249973803456 
-13.824872410017 -6.8192396434198 
-13.447343808207 -5.4051365829769 
-17.194736525841 -7.2929745756823 
-22.560165467963 -8.051696371827 
-15.441516931866 -12.367017243598 
-13.957039593729 -5.9763956675084 
-19.999777703526 -5.1328912871053 
-18.008519897708 -7.2998533308048 
-19.155419968367 -8.7207641254189 
-13.952974756344 -5.6877348271463 
-16.994142899882 -7.6180098951034 
-14.403359332525 -10.428210579552 
-16.22227668453 -8.333183476925 
-17.087837260376 -5.5849273421586 
-14.743486257029 -5.8031583894745 
-18.859320131867 -7.0995936122619 
-22.991772914637 -8.3269515337842 
-17.522515068106 -10.439832384008 
-21.696251349766 -5.7265374676272 
-14.692290550989 -7.203678009771 
-18.071391852973 -8.7659050490703 
-20.551546557565 -5.4105707265751 
-14.206401761627 -5.5836950139568 
-15.694445880268 -5.7485886759292 
-17.086509837206 -5.1870983332577 
-23.149624192147 -5.2429579051756 
-15.9423604753 -9.1889344964707 
-16.770996714519 -6.4418714654467 
-13.440975854894 -6.7406053113217 
-15.435369842291 -7.0713294042253 
-16.267217250159 -7.3782967638461 
-15.799477259743 -6.1119913367127 
-16.830182452304 -5.5443143239383 
-23.80192776988 -6.9515885211867 
-14.692306100685 -9.2373999360544 
-14.74984963393 -11.860658023004 
-15.351924915082 -9.1071504090524 
-20.033904194185 -7.1042406342987 
-14.213441071721 -11.049787132627 
-14.526301835226 -6.7068799394629 
-16.038238897669 -5.3931785863268 
-13.592652121957 -9.2051755853171 
-14.148471753149 -6.7745041793121 
-18.776372570378 -7.6825349541368 
-15.643994769295 -9.7372384401643 
-18.101275365005 -8.0295678407373 
-14.406876768081 -6.5271263676802 
-18.350702289496 -9.1746975364603 
-18.256817487703 -7.2797734794313 
-14.582598656095 -5.6230214817718 
-16.385910800448 -5.4292639032161 
-19.20787348494 -9.8645817569696 
-17.404916275149 -7.7245035168919 
-19.876399610144 -6.4980889542062 
-20.131656280029 -5.8164370460657 
-15.310743170681 -5.5570384394095 
-20.110836196266 -13.817598520406 
-18.762041207244 -8.0471015578381 
-15.96984309268 -9.4950960951396 
-13.812393598284 -7.3273168356381 
-22.984257768959 -5.4096723943047 
-15.858123688036 -8.7195652368639 
-13.910853703481 -10.792107267528 
-13.489787995779 -8.856822722954 
-15.530949887678 -13.347029231953 
-15.352256110863 -10.363771001381 
-16.350241107246 -7.7734681616106 
-14.025811185144 -7.0045315165586 
-14.301007011358 -5.69208538054 
-15.212196089568 -11.196943634269 
-19.179610258812 -5.4565371314245 
-16.302920682413 -6.394628033365 
-14.817040400529 -6.8377565092759 
-21.913966881846 -6.1983038947503 
-14.270097025952 -10.039409177554 
-14.925926986633 -7.3405345293806 
-21.346133244025 -5.6018089607444 
-13.936058740402 -7.9015545629747 
-17.516560386776 -9.7537108119695 
-13.684048561178 -7.3451600445412 
-13.434881986474 -6.5253948461024 
-16.520892046583 -13.331253875984 
-13.560585583978 -5.4287683301389 
-19.290997860244 -10.013496525364 
-21.611750368732 -5.7889226367786 
-17.299427124634 -5.1953726034992 
-16.000861123917 -9.456979254967 
-16.28245116342 -5.2041317591946 
-14.575787747499 -9.0373287200553 
-15.637508384497 -6.0970331476989 
-14.80944749949 -5.2198963714315 
-15.529600186417 -5.9221387853039 
-14.243788656048 -9.5333991251598 
-14.886436153705 -9.1298359380838 
-24.466756651243 -5.5836778230882 
-19.947392340286 -6.5307647259404 
-13.446092194255 -10.087878099807 
-19.684795266144 -5.4065707509933 
-15.75213638167 -7.9262185528441 
-18.450366577682 -10.791364005959 
-20.592476844582 -12.858983750488 
-21.806631448189 -6.660530259884 
-18.513529547886 -13.606194104689 
-15.69424303803 -6.7759802806018 
-18.582953437506 -6.6230036740973 
-20.653081945046 -8.3349194380232 
-18.976998442772 -10.664569547237 
-20.458427703077 -6.0202395369711 
-14.039239512467 -6.5546417606548 
-16.205717418154 -5.0180944026246 
-14.758924176436 -10.408410686431 
-14.517677625153 -7.3087752049793 
-13.76269235983 -12.137868654152 
-15.269396791914 -5.0346805307396 
-22.873660361121 -6.2798645225066 
-16.747885295858 -7.4929148975516 
-16.432603035302 -8.3739154069895 
-21.971252294555 -5.4636741720015 
-16.420612421976 -10.511478713033 
-16.351277410758 -8.694440327704 
-13.548858684837 -8.3504134145482 
-20.824368060012 -8.1280292669202 
-13.430814888913 -11.848443454596 
-14.485134099452 -7.4391751283764 
-14.435445012675 -8.339844031045 
-15.614402078031 -5.0751944722065 
-19.393785226938 -6.1783772010499 
-14.10102331881 -5.706250752397 
-17.530879480662 -10.947167726197 
-15.289021216526 -5.2479313345094 
-16.394914102086 -5.0893784367216 
-14.560166553772 -5.6048737195019 
-14.3461790113 -7.8705778869432 
-15.070864926264 -5.6421096443486 
-16.15335686696 -5.1295046669191 
-14.249328230875 -10.027843177487 
-19.462066684953 -5.4476760449342 
-19.053052039522 -5.7552836287167 
-16.589186207422 -8.2252519505108 
-15.420992085973 -8.8805853100194 
-22.88708482928 -5.4719644633912 
-14.389988974869 -7.8722241603058 
-14.921223143624 -5.2353661735599 
-14.324899235051 -10.552902718982 
-18.519676864654 -5.5353718500625 
-16.361031025406 -10.550276406548 
-14.442277115916 -10.0762198597 
-14.616932132814 -5.5795904069189 
-18.427107477735 -7.0681848191798 
-16.829338624208 -5.0395130620129 
-18.75365467937 -9.1486816406613 
-13.424268361285 -8.9494362096873 
-14.737672502387 -9.2641400641242 
-13.658602444606 -5.0455771012631 
-18.150451143353 -5.7338242109296 
-16.975408503863 -9.3125490571833 
-18.634911135103 -8.4832013139995 
-18.172803291827 -9.2936280399319 
-19.824049795655 -7.663239258733 
-21.092318395121 -5.5750153024412 
-13.47575248583 -7.6644107884131 
-15.609545299232 -8.2609633084301 
-14.662997724813 -10.993006450911 
-17.276755797645 -6.455156140962 
-21.51156063287 -5.4159649517982 
-20.637231338077 -6.6898501048375 
-15.297975481445 -10.367083518963 
-13.631702304159 -10.31779944667 
-19.255870289495 -6.6914197785461 
-23.914641566007 -5.7073123346536 
-15.484960785614 -5.4544260487596 
-18.374407504768 -8.2640798723457 
-17.918942393016 -6.0196099690287 
-15.431647626403 -5.5244283536902 
-18.437255764835 -7.69557565596 
-18.016277892164 -15.202689796625 
-19.933088837847 -7.7165549050484 
-17.294546340053 -6.0642027156564 
-20.533854601348 -11.816066583426 
-20.072116488118 -6.5808352685499 
-13.498509493858 -9.3064022836467 
-19.05503821606 -5.1197773295321 
-17.953463193254 -13.948571457108 
-20.792964182461 -6.0889722361676 
-15.126780477728 -9.8951643413933 
-18.346525451392 -6.775945856557 
-14.623733268944 -5.3329263167233 
-13.487338745772 -10.271398773444 
-16.989883775394 -6.1873512722134 
-13.788431284662 -7.5666088114815 
-21.662715528852 -7.0432350679464 
-13.601859467242 -5.7740604346051 
-15.83361829467 -5.9896564980302 
-15.871596413424 -9.0369433290166 
-18.363537166825 -5.3575115036627 
-17.602043876059 -7.1377191217851 
-15.001722004926 -14.03704979433 
-20.015001597158 -6.0915256391547 
-21.882852092841 -6.5321052147588 
-18.269310367412 -5.0105521538217 
-18.714510779789 -7.4995236497511 
-17.965335564938 -7.7826830816247 
-18.463189442653 -7.2917133768168 
-18.033934566987 -9.3620959196629 
-17.999522244477 -6.0612225061652 
-13.447705497693 -5.2985211499289 
-18.531102197229 -8.4192873808001 
-18.710464649853 -10.281672509196 
-20.261288330308 -9.3237112738528 
-16.1142772838 -9.196045986893 
-17.71025833097 -6.0657751746306 
-15.950758349812 -6.9283329846647 
-19.151958307305 -6.4367165272472 
-19.52192044105 -8.2406384131216 
-17.087547077104 -6.9831029704398 
-19.291473738965 -6.204822263064 
-18.618319486958 -9.2654202687518 
-19.981925686151 -5.0737680017229 
-17.522642511084 -5.093570195674 
-13.54596035139 -5.2313321287327 
-22.090345376181 -5.7250684941176 
-17.912441690977 -6.645861082203 
-21.617058208717 -7.3574407783571 
-18.831353056099 -6.064951898449 
-18.688305204531 -6.4375901359771 
-17.005141025014 -9.5883364138038 
-14.180868649502 -8.8266232236725 
-15.586400694064 -7.8819685946793 
-16.924665304561 -5.6973215968176 
-14.600355093729 -5.8520178018636 
-14.304480541433 -13.459682489185 
-13.676395524586 -7.369750774486 
-15.281780095261 -10.514292802747 
-18.456805139011 -5.0400373105146 
-20.037723822104 -10.378688607604 
-14.353004100341 -11.410772330938 
-18.574745326341 -6.6046394751152 
-18.195235028559 -8.5181648495301 
-22.199226603846 -5.2194816147701 
-17.532158676083 -5.9499313108533 
-16.689494397626 -12.067079023096 
-15.959123990291 -6.0080434181494 
-17.027454571094 -7.7235322352848 
-14.213993920035 -7.5281043718513 
-19.44906674897 -5.0534972040251 
-22.272582200153 -5.6348850909435 
-15.198216051433 -6.2406605204847 
-13.697896371498 -10.08117243743 
-14.427023008079 -9.1245811177918 
-14.61859239011 -12.12447429198 
-18.445838881104 -6.6602537356011 
-15.437791199504 -6.378460478672 
-21.465519990963 -7.5016525128599 
-13.718099017095 -6.3959493720092 
-16.288623511476 -7.7756780937479 
-15.333825998268 -11.825407744554 
-22.835340293937 -5.4324161540618 
-21.9844177062 -9.8295550762962 
-17.036157785629 -5.0847339060206 
-15.254539279548 -10.65722569434 
-15.674395537547 -6.1568414693089 
-13.790885584894 -6.1810857225895 
-21.15106741973 -6.3569584607903 
-21.36764579391 -5.0558502414028 
-16.79362077459 -5.6091172909843 
-15.209068532836 -9.8579228231793 
-18.102291750924 -11.378475541004 
-17.476660024392 -5.5015582665351 
-20.858642484307 -10.291307914967 
-14.253707980435 -7.0979225513051 
-13.514775299503 -6.3043832779836 
-24.819791590865 -5.9260625960743 
-24.670326276718 -5.645104213621 
-13.481884057245 -8.8984777892012 
-14.429845927814 -7.6746708565008 
-18.307035004628 -6.6004862747064 
-19.412554740152 -11.961014722037 
-13.78657498434 -6.1305683648463 
-13.444228667965 -7.0718213212739 
-17.960274029926 -5.5263931401411 
-18.481453260729 -7.8300269296007 
-17.95911471163 -9.0457259103391 
-15.685612917245 -5.7959906148384 
-18.179359865405 -8.6053901267138 
-16.108142705894 -5.9353930053031 
-14.254773054129 -5.485159188134 
-19.625669997761 -11.662607057584 
-15.761915903933 -12.204613717287 
-19.899009603952 -6.5260577402911 
-17.086374325898 -7.3164981586068 
-15.919017601846 -6.8003539295094 
-20.388300516816 -5.6063949322923 
-14.100303194803 -11.193569383897 
-14.275603398315 -8.555726636053 
-22.057635579048 -8.3597854907083 
-15.320290443427 -13.557872451191 
-18.297133032494 -10.394506825647 
-22.302218124509 -6.134259540171 
-15.330827750066 -5.928971721706 
-21.431979078111 -5.1887297961182 
-15.025722319997 -7.0386464464489 
-13.977684119744 -5.3893753952555 
-14.555135274035 -6.5785884078897 
-18.649267651734 -6.0015081269768 
-21.669716287582 -8.4820907021921 
-14.418019959678 -5.3432602899433 
-17.755772170002 -6.3709726281414 
-16.545260663504 -12.113755004092 
-13.83513082071 -8.7708718485372 
-13.844330152364 -15.170779363249 
-21.218089321202 -5.6667632238845 
-17.141579559589 -13.763891495382 
-15.642494531091 -5.2885545274538 
-15.130841561104 -11.477513720308 
-17.688233660971 -5.5502866058496 
-18.622126193001 -6.5723421676501 
-16.625714095002 -8.1044393770609 
-13.812958671502 -8.2438209070784 
-18.400355799095 -9.2406628540298 
-21.974875805161 -7.1273690789916 
-15.575565948345 -5.0506384492627 
-16.894849865473 -9.5609527931279 
-15.739764126107 -6.2055907188415 
-17.603989326594 -6.3891102119019 
-22.07303700958 -8.501331472086 
-15.680254830569 -6.9282170050718 
-16.92660734877 -9.0161782963239 
-20.649045241894 -5.2305488367359 
-19.26085702349 -8.2596191229264 
-13.809692124488 -5.7563193943603 
-19.65134550581 -9.2374858214818 
-16.435187221442 -5.8168533915989 
-19.234992736099 -6.2493667770468 
-21.015161206958 -6.8867080413601 
-15.960979238101 -5.0193015398425 
-14.675807898321 -5.2939555825726 
-14.320561287743 -12.255051322124 
-22.259674087165 -8.9442293500377 
-24.218075610018 -8.4315818164276 
-13.976185458439 -6.1122221977745 
-15.226888644733 -8.6311482518578 
-19.836789337679 -5.8286190312075 
-16.132620564557 -8.9815759824739 
-21.505128741095 -6.2856287676014 
-14.427130865266 -6.4474196011748 
-22.43424259855 -6.8176902765156 
-23.000243604773 -5.1998420427736 
-18.962613115035 -8.7294781102258 
-13.987712451334 -8.7591031352767 
-14.16698048378 -11.677557653326 
-16.760362185504 -6.13973858524 
-14.447018991574 -5.7736216705142 
-13.457579693834 -16.775638494118 
-21.445714073181 -7.1878615798349 
-22.515270016395 -7.0230485580826 
-16.536292189723 -5.5536847162667 
-23.638093887992 -7.5611913145488 
-19.105848407825 -9.8272604986451 
-15.513891497144 -13.589529166561 
-16.28045283323 -6.161555351894 
-15.341686489345 -8.9286968021583 
-16.849406718654 -8.5097520373387 
-18.795940524099 -8.6994063881101 
-22.616544231386 -6.7898043357631 
-13.531809885991 -10.893859108329 
-14.864198133258 -12.662139561412 
-16.451246228668 -6.6562084165752 
-17.880501236139 -6.2073345233312 
-14.59863906095 -9.340823595452 
-16.872321537763 -9.1226188626603 
-14.807173874822 -7.4231580964291 
-13.917974399805 -7.3838122203508 
-15.81750258543 -6.9613662526416 
-19.399409015856 -5.4537522555113 
-21.350473353158 -7.2865176484304 
-14.276242395527 -11.518760360324 
-16.702716687695 -5.8437382537392 
-14.592963221755 -9.038520479115 
-15.156718942441 -7.224584181815 
-14.863741402241 -6.1668273889868 
-14.434301498321 -10.70615035343 
-20.438401144909 -5.7530275230923 
-16.015247951371 -8.15415946904 
-17.739136920133 -6.1757933179988 
-15.927970962999 -11.817134734605 
-23.338931025117 -8.2204548591628 
-14.407496006106 -9.5569548551425 
-14.347097636369 -10.648129132837 
-16.810593227433 -8.5177254946311 
-15.502212810144 -5.2968594862306 
-15.043894548936 -11.219143453045 
-16.781832803103 -6.5481502268017 
-13.759427565929 -6.7435614668924 
-18.496387129504 -6.5319586063652 
-15.732003933379 -10.867171235053 
-18.663425915315 -8.6358863140502 
-17.188944480095 -5.1981146495952 
-13.90544334283 -5.9624048446298 
-17.169111080925 -8.8781077426763 
-19.337279720057 -6.1489620437406 
-15.920138075846 -8.4282882911602 
-21.340524479818 -6.7285844775903 
-14.394783913991 -6.6799709174653 
-16.923426296395 -14.092123900461 
-22.466920960042 -5.7759135353666 
-15.305706946904 -5.3363302190822 
-15.798281956097 -9.7987275160232 
-18.471243770496 -7.4161106180992 
-14.154779922307 -5.5225640526634 
-15.310508769203 -8.3015800090508 
-17.373202161228 -8.7870273056893 
-13.968603269924 -5.4764339488273 
-14.512659661798 -7.514180006184 
-15.805425052836 -6.1400948727084 
-13.437868857923 -6.0686595620274 
-13.585747837526 -7.9825845285767 
-13.594837263443 -6.4777341436837 
-24.004516363459 -5.1469885694148 
-19.235839409939 -7.3670744300937 
-17.980484077666 -5.9483907887321 
-22.226965631906 -6.5812623564624 
-15.974996389795 -5.1572859742577 
-20.926165798407 -5.9245076525651 
-16.292704510736 -6.8169024017146 
-13.858398579304 -6.0561882354127 
-19.156490089119 -8.2805428803553 
-14.935438218327 -12.079620523191 
-15.929423211275 -5.9609234747175 
-13.67038628075 -12.213548170339 
-15.586680249971 -8.8520838408624 
-21.293636855237 -8.1045896881036 
-17.716587832681 -7.3296782395875 
-13.791276537144 -6.7241206652548 
-14.184111814543 -8.355440646478 
-15.845283552905 -6.4657831757289 
-17.52980717408 -6.5447273820895 
-20.179703344877 -6.5669744958055 
-15.301552182303 -7.5872193791119 
-14.491785838848 -5.4610825232013 
-14.68600840239 -9.926963502286 
-17.325068123026 -14.227173695922 
-18.554701534241 -9.9410659798166 
-14.403945323923 -6.8646817059068 
-16.946277526362 -12.16663148851 
-18.78725202911 -8.1815228516894 
-16.59110025492 -5.4256084073249 
-16.66382509321 -5.0895437239276 
-15.783567296512 -9.8766001439962 
-17.174591165946 -11.56331387501 
-21.382327429171 -10.237131654705 
-17.635885695018 -7.8152662912285 
-14.200544807364 -6.8364266872738 
-15.318730006702 -10.917761436921 
-24.608419058179 -5.1047386286599 
-17.72888438357 -6.936202318062 
-13.95961473208 -9.0748276045365 
-18.174101924116 -9.8493406988411 
-14.782863283631 -5.9358331341215 
-20.212031292606 -6.7224884084257 
-15.574959260558 -8.7873657751209 
-13.658895235333 -5.1402746458538 
-16.662519250127 -5.5508972629918 
-15.941786435115 -11.211131723112 
-22.73166585511 -6.5857184087428 
-19.285443120406 -6.7495088552859 
-14.195391167403 -14.107289446301 
-21.963593566377 -5.4086596702102 
-15.16214144533 -7.8414261989677 
-21.038268039746 -6.4502270607839 
-18.717324520217 -7.0016857254388 
-17.170637333949 -7.8990711668855 
-20.097670683872 -6.6101808597343 
-21.377611192398 -5.7929751641976 
-19.238520760118 -9.2209380390379 
-14.268224998004 -6.1230642712883 
-14.244188769794 -5.4921478685867 
-14.430321063441 -5.3622008306437 
-13.603054962314 -7.6220009228619 
-14.84474528121 -16.382231186107 
-22.862742161329 -5.3932646273322 
-17.770844481468 -5.6088507141725 
-19.291609059303 -13.831581212545 
-13.429104199519 -5.8357139581261 
-14.847426132335 -7.0689029613509 
-16.520974426615 -8.0018557356568 
-22.248181257391 -5.8923175951776 
-20.829105283468 -5.4861606304014 
-20.485044128323 -7.3185846235676 
-17.744877718585 -6.4447165120487 
-15.849077229743 -5.1502308171819 
-21.386533789564 -7.0798550124085 
-18.877053429601 -6.7567090511133 
-14.242206435121 -11.186037307737 
-20.838121322392 -5.8271100866455 
-16.757856502571 -5.6204229235891 
-16.650990688572 -16.015646417033 
-13.854668356446 -5.2607052097519 
-18.765556396365 -9.7318732264595 
-17.974125944557 -6.0144434455063 
-24.085943791222 -5.7621590895743 
-14.773115270998 -6.0644574166969 
-13.904486129498 -6.9605780637336 
-18.711188611671 -5.2912216937321 
-13.587482990828 -6.1723122370756 
-18.83571461576 -7.3325149698714 
-16.713542030407 -5.7020029522662 
-18.95565726867 -7.6391713845993 
-13.674645367042 -6.6285475237745 
-15.542379720555 -6.0732288977851 
-13.921356060494 -13.423745755741 
-22.71178396174 -7.91632258169 
-14.222212955214 -5.3665347902962 
-14.041705665085 -5.4440354723825 
-20.536953873666 -5.5669656731396 
-15.090707354217 -8.4673812239358 
-14.439442407552 -9.4983734944278 
-15.347749141595 -7.9300337215741 
-13.851483870778 -5.0464399597279 
-13.606698801866 -10.279766620683 
-17.8165632362 -8.6860523776445 
-14.165959309052 -6.5683475126199 
-17.414472784165 -5.572546875565 
-17.497269439359 -11.036667883601 
-13.717491281886 -6.0525583285344 
-23.126373045539 -8.721914904835 
-16.708732643262 -9.4436017759373 
-14.112076624054 -8.9771850219843 
-15.782852802316 -8.3292399297066 
-14.937077054801 -8.0048416908365 
-16.653992119067 -9.609982602475 
-15.293449596436 -6.3894217990421 
-15.801760377204 -6.1087259001407 
-18.630007244316 -8.7243507223781 
-17.186197128292 -12.693506730218 
-19.734234792236 -6.0428302212597 
-15.592307153264 -7.2684283277854 
-15.146980486158 -5.8995406990083 
-15.055592789618 -7.5415261302835 
-16.278452170605 -9.5324919892154 
-16.424334731609 -6.7598916734154 
-14.242825110491 -10.461106291489 
-14.366749344209 -6.3401333943208 
-22.395146125521 -7.0592467713951 
-17.934181002928 -7.8159598331717 
-13.861562468539 -6.9231489753793 
-14.119418100346 -8.6350273588011 
-16.200985890692 -5.0424060138157 
-15.796572032447 -6.3826005913463 
-13.886982046325 -7.8089976896388 
-16.90100912131 -9.7044095734368 
-15.778834796171 -5.4007728695593 
-14.002552381583 -7.3663186437425 
-13.583937095891 -10.913862294366 
-13.661256003488 -9.6139556502981 
-18.119961612271 -8.0605569225526 
-16.59762919455 -6.275035448526 
-15.690758186861 -10.531968420319 
-20.143967852536 -5.2385679043883 
-15.581977663757 -8.6099862393618 
-16.569890885725 -5.243623695049 
-19.075932439878 -8.1011413169629 
-15.73831409076 -10.178283919452 
-14.086365787871 -6.1220364803942 
-20.273697760189 -5.4718837819475 
-14.853039557287 -7.7875709564509 
-15.49693189523 -5.6026461014306 
-18.276213033862 -8.2328618234508 
-21.641777007062 -7.4907532409641 
-14.789972940059 -7.4685721640039 
-15.523856328704 -5.7893856461378 
-14.316236553433 -5.4491623719834 
-13.656481043611 -7.1405470149316 
-22.664853940503 -5.6877775227017 
-17.62644569562 -5.3064012193731 
-14.2990850293 -6.3528400294822 
-20.835956241203 -9.31589259706 
-15.744384906097 -7.5920524395642 
-14.753800073694 -5.2126684073425 
-14.180895587477 -7.2694106097237 
-18.905721908833 -6.6800443836675 
-21.390525211712 -8.010718481061 
-17.419164125086 -9.1941546945825 
-15.239867784683 -8.8889156019383 
-21.074058551742 -8.7311216721933 
-16.355966877273 -5.3296871259951 
-16.266906596872 -5.8523414639156 
-14.893404171204 -12.162081332654 
-13.810979524461 -13.328642036082 
-18.318924698109 -8.8236446759105 
-20.907129723102 -6.3900548729198 
-14.315232228312 -13.866521739037 
-14.484937220453 -6.8659314054046 
-14.89523043351 -5.9807065302798 
-16.390156166422 -9.2466236540197 
-16.79764275166 -5.9786190241663 
-19.945332006771 -5.1935203721651 
-16.882173541003 -14.4284625057 
-18.456784489722 -8.2784173841743 
-18.347925178494 -5.9928088613741 
-20.517501661192 -11.487651140647 
-13.760102269286 -9.6544804786025 
-13.637343595445 -6.3502937780886 
-20.371470527196 -9.9847298478624 
-21.127618771115 -6.6546612771896 
-17.169597821512 -6.7989337087512 
-15.352478056018 -6.5284772927939 
-18.247984903725 -10.323834741757 
-15.462623173163 -8.473365214925 
-16.814815030959 -6.9175373929379 
-21.562378490796 -7.9457199594736 
-15.366480640702 -12.594771476079 
-14.006154698942 -15.134998354926 
-18.715745624326 -5.0843550266212 
-13.559455925119 -9.6535918241463 
-19.009841321233 -6.5203524791318 
-15.896099411163 -5.5447089674208 
-14.138956612988 -9.6313579808338 
-13.516394298598 -6.4212390589175 
-17.363810944751 -7.556579979411 
-18.742982638044 -8.8096178994931 
-13.738760500578 -6.6927599556394 
-13.998565681939 -6.237469464359 
-17.58160000101 -5.3444920042734 
-15.961143811336 -5.1840028341842 
-19.024867957416 -11.027299707825 
-14.801897371446 -5.217941248498 
-17.351761283427 -9.8509066120022 
-14.905543721531 -11.031126485355 
-19.77521884879 -8.606559148517 
-14.391435866381 -6.4914375931067 
-20.681138170426 -10.264629338668 
-15.665661810283 -6.1331789976453 
-15.437098889232 -6.6559037328433 
-13.870673525974 -6.2885965415401 
-14.006508540205 -8.2677758400655 
-17.495648444057 -8.4812041781692 
-18.516668545859 -12.334751571157 
-15.705667721914 -5.6248286027881 
-20.908155856813 -5.1325945095698 
-16.562826258976 -9.2907868916469 
-14.350397233578 -10.459218776751 
-14.688363605753 -11.217827199493 
-22.66900047967 -6.3295121335299 
-16.025043887467 -6.8788665083797 
-16.678359324359 -5.9527335374112 
-17.432005252155 -6.443831904616 
-18.371823624581 -7.3428196112164 
-25.712963536159 -5.4109138001023 
-13.426386658107 -11.162499684052 
-15.846141297288 -11.422307354795 
-16.237237977261 -6.0858405884382 
-15.767490802731 -6.7389334709141 
-14.442135651189 -10.43669281042 
-15.101773754425 -5.1246529605885 
-15.190778551481 -13.93848847366 
-16.7428868144 -10.721103697441 
-16.585644139014 -8.0720073633469 
-21.440507195025 -6.2270581346736 
-19.543039103678 -5.7006442627578 
-17.006248254926 -5.0919974638673 
-19.979190060197 -7.1979082700187 
-25.100531030473 -6.3042335776475 
-16.882366016173 -6.4205607783071 
-15.245431382255 -6.8367054322809 
-19.028912703144 -6.3309000910886 
-16.38671051934 -11.783807893202 
-22.120051370806 -5.5236434184313 
-19.312465699883 -10.144302666388 
-16.443580589371 -10.709920535153 
-16.846594147832 -9.4406195168268 
-16.339984825586 -6.9577764605815 
-15.008591066228 -7.068234639631 
-15.01982197705 -5.6904819361668 
-16.48793173424 -6.3715339246534 
-21.074388180713 -5.0169428866122 
-19.241586889631 -6.6348189138891 
-15.605531634694 -5.6900019154886 
-21.394591080195 -7.7819611211919 
-14.273579542626 -6.2341145084603 
-18.653031492812 -5.9178548813767 
-19.888755258052 -8.4544515558857 
-21.243271110048 -6.0377939449443 
-23.532547505331 -6.5220192496942 
-19.867007224347 -5.3141015262082 
-14.331001291483 -5.6445846438633 
-14.274565582695 -9.4084263834149 
-17.766238381352 -9.9596937560117 
-19.47244988178 -8.8266801313187 
-16.36208508885 -6.7704319627105 
-14.044465304844 -6.2748186635386 
-13.513225544462 -5.6223633510419 
-20.052531664128 -8.7220856496203 
-25.23304415135 -6.4664915860528 
-14.938958454108 -6.7796799893371 
-16.176896007003 -7.4989202829583 
-23.457979570909 -5.3247997956297 
-15.651851412923 -6.1759088698822 
-15.657776132223 -6.2312750121158 
-15.316003638238 -10.883584860586 
-20.50124407949 -10.693679015815 
-25.185494288777 -5.5454248339081 
-15.321403492242 -6.9403958633126 
-25.018646047438 -6.506515603959 
-14.960513632412 -8.0500582196443 
-14.492153234275 -7.2184061487211 
-19.429791988625 -6.4025345552971 
-17.131020402735 -8.6850883852475 
-14.742954829761 -6.6604833470647 
-15.493085445444 -5.0029580478271 
-14.487210640001 -6.3210829554391 
-15.129055849062 -7.8226644265096 
-14.835849760447 -9.2687908338551 
-18.049140469336 -6.4620439099535 
-15.796349395472 -6.320061469875 
-16.540058077449 -9.0163115232988 
-15.555791327584 -5.7431561724957 
-22.372490380518 -5.1838401711935 
-16.70032036035 -7.1580663956328 
-21.178905276543 -9.7206106051802 
-13.712808930674 -8.3429369981803 
-13.436748773681 -6.8911774922948 
-19.715106539937 -6.4436339287563 
-16.855010552083 -6.5398994176661 
-19.897088941688 -9.3778736188677 
-14.460753628848 -5.4262664702681 
-16.473333726037 -5.5796655245933 
-22.281587900489 -8.9082739208362 
-21.625485271081 -9.0390106823172 
-16.078310507521 -10.634988244201 
-17.190858196497 -6.6463493712149 
-18.017257373838 -5.8910321040053 
-17.332944578087 -7.9912296561124 
-19.723709616197 -9.0378290250831 
-14.770671683775 -5.1385898191698 
-16.195884414473 -5.4558567518415 
-15.423597333231 -6.2277651052012 
-19.713577668967 -5.3421811453569 
-21.533905620434 -5.7097934809981 
-17.614091900173 -9.3944253819516 
-16.677957932027 -9.305458585897 
-15.174131479739 -10.506301013119 
-22.477398141444 -6.5124921370343 
-15.0939346299 -5.6027913842374 
-16.056937296558 -8.2452153295473 
-14.923253370415 -10.220203241762 
-20.937822385341 -5.9698927180884 
-19.215777509312 -5.6040276253995 
-13.674484428648 -6.2900602157553 
-15.951790704706 -5.0057478634177 
-17.280480900486 -6.7257785064719 
-14.628183273023 -11.877007988687 
-16.264583937966 -5.9210281233822 
-17.15570787771 -8.3178298426049 
-23.919586801047 -6.4954751831978 
-19.72066179455 -5.4368690418227 
-15.313719496658 -9.7167980867784 
-16.417809464009 -5.5904162963818 
-19.202445786973 -6.6382496191024 
-16.695368256157 -8.185069509157 
-17.317343062167 -5.346371982387 
-13.76994416094 -11.757406039683 
-17.664603617553 -14.248123425522 
-23.688651267344 -6.0010178555784 
-21.547317205537 -10.086714642648 
-17.848308504431 -7.038235950046 
-16.617782664974 -6.1596027190783 
-17.776452922321 -5.5391728666177 
-17.442249053217 -8.5466175436157 
-23.295714436375 -8.0724562007736 
-18.729796894588 -6.4060274385891 
-14.21930930401 -7.3426913369012 
-19.707479582907 -5.670831018503 
-20.32305775017 -12.169933213468 
-17.176200746433 -6.2626328101362 
-19.607601592779 -6.3314635212182 
-21.16607280904 -6.3591740406062 
-23.192664924779 -8.1516062481262 
-21.970722862577 -6.5807273714531 
-22.948573296884 -6.1719873074335 
-19.392958354118 -8.9547495796224 
-14.813390175013 -6.7873293982366 
-13.685000764397 -8.0449608021218 
-15.575932614469 -8.6856812831131 
-14.87492937421 -14.214013995382 
-20.466527299924 -7.0048797245042 
-19.538469481464 -7.6238489670547 
-18.813769365553 -8.8032422250291 
-21.7836434648 -5.895483166795 
-20.180599515435 -10.710047052835 
-14.031241051778 -8.3182637863127 
-14.512798633773 -9.3713035003626 
-20.527585011832 -7.1088530017857 
-17.678332116248 -6.6923230642044 
-16.659130752386 -7.9039754870797 
-14.182328344898 -9.4101405869522 
-19.430200131089 -11.905687552215 
-15.704391208168 -10.517764956722 
-16.956345638783 -7.9500176273574 
-20.054258108717 -6.4567750202099 
-19.081299103363 -8.7487557492474 
-20.368851196967 -6.2890620812413 
-17.731568281541 -12.288426061128 
-14.856507449468 -5.9263402652022 
-18.584095187634 -5.4320300116581 
-14.609863178318 -6.3253657845593 
-19.314208025588 -8.8132717159302 
-18.441610542754 -7.4910026301152 
-14.779723210451 -9.2941624819074 
-14.373219849101 -12.680168451922 
-20.758874500338 -7.5095399291748 
-13.484634883036 -8.14224162716 
-17.359732952385 -15.920058506049 
-15.195820979739 -10.644697476101 
-17.025917821878 -9.6437853726924 
-16.65664638427 -5.7860130399251 
-20.943651818025 -6.5819164233955 
-13.514182631497 -5.3489748289272 
-16.304418101074 -6.7453817066876 
-19.090741707489 -6.2035808434059 
-19.307218339367 -5.0577225791268 
-14.397411836636 -5.3425732898228 
-20.856401627158 -8.5570553820857 
-15.816217857998 -5.6196377516154 
-19.302062410215 -8.4893177585624 
-14.895026238311 -8.140249864083 
-13.501334991561 -8.2152307798277 
-14.232892532999 -10.868268542171 
-16.569801493069 -8.2901675735213 
-13.693976520471 -8.007659557139 
-19.483395146426 -12.021419322236 
-18.819742599998 -8.4982365519637 
