1.2057014611988 2.1368945514167 
0.47639995801483 2.5758380266873 
-0.22792532344343 2.1052296760952 
1.6174625752511 1.570680120951 
-0.010413605224063 1.8903779170197 
1.0144083595721 2.2141607327869 
1.5094578221719 1.8627439672452 
1.5613415268678 1.5597223591615 
0.32992095573141 2.2784795093016 
1.2942414621756 2.6813337848881 
1.5346878272878 1.6459240346875 
2.279782017984 2.0252572719184 
2.1468451254227 2.4299832497996 
-0.42829512412775 1.3391673841976 
2.0307067855701 2.5064382540478 
1.0640113645057 1.5668334467893 
1.9202547711987 1.5290839367589 
0.054722177695343 1.5142677638542 
-0.047813851381075 2.2852737672103 
-0.34663204912069 2.2946457182882 
1.7277564974708 2.4134150524764 
2.3201348802898 2.0021048482849 
2.119987554087 2.4442792218376 
0.028883885593657 2.06502155728 
0.94644328876686 1.5600187294121 
2.025892335027 1.6940444467357 
0.31786975333674 1.8787762887991 
1.0517949353098 2.447544532541 
1.3653196447688 2.0498128668793 
1.587387120623 1.2787022548422 
1.0994300025718 1.8698636028755 
-0.34411838066727 2.1504618913829 
-0.38252847773938 2.649834511794 
0.57269161549611 2.5459821585655 
1.8946160425133 1.8029019018239 
0.53401083985728 2.1356931264783 
-0.0043664469805238 2.4461158711472 
1.9807442133725 2.5089991514199 
-0.345711416579 1.9976503232348 
1.9376866074419 2.5939360871559 
1.7067302814311 2.2564439300213 
2.1189932402616 1.9663800739939 
0.85447503282216 2.6586974956508 
2.1382386382655 1.4951849516075 
0.22554801773799 2.0773156236353 
1.4553032979763 2.2223451906656 
0.96104887369265 2.0274154814873 
1.7025015602103 2.5696304793595 
0.68204874706915 1.8915644309195 
1.2883607964726 2.6330911339805 
1.757902577003 1.3121196289346 
0.32504175755034 1.3575864954463 
0.008179946391828 1.6585397210718 
0.87253195721625 2.2299130167074 
1.6458300786929 2.6388372699476 
-0.021932207388775 1.9287053861317 
-0.26187808885991 1.7511551058915 
0.73337038822491 2.622781436351 
0.56017313541033 1.2913435249721 
1.2347143034332 1.8960541321737 
0.4946363629802 2.5466619765416 
1.9650261254453 2.547782018581 
1.7196537364286 1.2927968999991 
2.1081669750609 2.6139944117338 
-0.29141352576036 1.3332591441099 
1.6804657957604 2.4416816162611 
1.5065514460931 2.3529503402008 
1.8557950123505 2.2150469884062 
1.4301172219346 1.6933906532549 
-0.28363859244049 2.1802724898557 
1.7440033569221 2.3957519702111 
-0.29311905252603 1.9137103417647 
1.3008310976272 1.3158954716815 
0.21912817484976 1.4088840482382 
1.8721281535092 2.4311317925676 
1.0431657771585 2.0113671271081 
1.8757948714512 2.1196989224526 
1.9361669401932 2.1144305530532 
2.0184734519897 1.2097554652116 
-0.038663950889168 2.0557876925285 
0.75224466924634 1.6847198330678 
0.44141016280176 1.7973282026165 
1.6586441420059 1.8822723187416 
1.9556202451414 1.6347230343939 
1.6556960775234 1.2045784391744 
0.58041346087561 2.2320817507601 
1.4515231982521 1.237673082237 
0.68261375442188 1.6020459213484 
0.35972657944845 1.4722990149799 
1.8244225873659 1.922873135391 
-0.30290345472716 1.5693887470041 
1.8852691100088 1.4508358460777 
0.41341820118296 1.540767602025 
1.7990199813758 1.3757402517336 
0.82588428116716 1.66869392223 
0.13850014648418 2.560562487657 
-0.19368773982913 1.8095782923781 
1.0966598513562 2.6798312791599 
1.7104346451062 1.6021991657333 
0.59192819218397 1.2465280467897 
1.9984167681546 1.9076313052819 
-0.14947117138439 1.4663583309545 
0.91264934100096 2.0969738314431 
-0.23246802300517 1.5171552337314 
2.0871233559475 2.4331269757223 
0.44541050208272 2.6578783469072 
-0.034001149031605 2.2123212064344 
0.24989736107966 2.3807400104415 
1.7736370682058 2.339051532959 
0.98657640958127 1.2040269275037 
0.26979043341688 1.7486195946196 
1.2620028831944 2.0742982881769 
1.6922193033954 1.6386651849704 
0.57350669778847 2.2296914109804 
1.2099921613042 2.6105291663148 
1.7301922363192 1.7733077533327 
-0.46994566001346 1.4017350325424 
-0.32635950981193 2.2400428111168 
0.14671790453586 1.6834984957794 
-0.48730802655801 2.0684763508713 
2.0849721222453 2.1783289521196 
1.0138436252813 1.300552848589 
0.61458888271221 1.8891767323195 
0.56614616509564 1.6543857717184 
0.97639007493738 1.500806377962 
1.8777669259462 2.3265709538 
0.038235286936365 1.8526603404232 
0.030787460242737 2.2079058680594 
1.4339027839953 2.3957179724427 
1.8462005304107 1.636506455342 
1.4228017797664 2.4804323136716 
1.6125691228802 1.5170610196187 
-0.053486001428773 2.2258371162564 
0.80487947838688 2.6340925746532 
1.759853710776 2.2620031103553 
0.7831080955503 2.1837879387081 
1.7697389162982 2.5297149355914 
2.2226657871815 2.2216376697968 
1.3878227926247 1.2052470537757 
1.9205815972301 1.8535408240261 
0.17205607802757 2.6643219811311 
1.3779664127663 1.4029408026574 
1.6376696667693 1.2878922256807 
1.3116066052871 1.7368554672549 
2.194480635026 2.3857905685239 
0.39714881004122 1.8189569570421 
-0.3640901983379 2.2598271695935 
0.69269702330128 1.9796962558641 
0.28557512358698 1.2845779033688 
1.995354325298 1.7829209392474 
1.819658326187 1.6293479043825 
0.69870527706607 2.6596107763221 
0.44866892533915 2.4669878600394 
-0.12452152345371 1.5579099745682 
2.3183387301454 2.6244538556018 
0.94891359099688 2.6426932171612 
-0.41493774447626 2.0472209986519 
0.76008181317354 1.8398443368087 
0.46411048265164 1.9015931308164 
-0.14636308102183 2.5397276416773 
0.94742104376539 1.8268345575597 
1.6184529836011 2.25906355137 
-0.079529299839765 1.6991367472324 
-0.23991837048356 1.4510939475846 
2.1894156170214 1.7497702909495 
2.1548007142065 2.0945133516192 
0.58530746562996 1.4523215428998 
0.80543763048689 2.5827741120513 
1.464963555561 1.3865766845738 
1.9711486886407 2.5622600484147 
0.2690999723961 2.5776624980095 
-0.24753392763947 1.7235701051298 
1.4639067292764 2.5482221521526 
1.2371528298358 1.6660905733881 
2.3174050333304 1.5749152028316 
1.3146698381777 1.8423948919205 
-0.32472797017122 2.3014333413099 
-0.075636907389088 2.4432794851519 
0.6244267238099 1.4001140830356 
1.1306598119855 2.5037443806722 
0.74808540385005 2.6698053884533 
1.5887634321755 2.6359749459196 
-0.48233370511888 1.3633841434772 
2.1189986634151 1.4831362110627 
1.4885036119671 2.2926697428376 
1.0852276038181 2.0415151786918 
0.72011543841028 2.0879515273791 
-0.1278557876017 1.467245848843 
-0.11253019461783 1.8849341102588 
1.245247294106 1.605987455526 
0.59584611156118 2.1516661563703 
1.2339263625234 1.7494012173996 
0.91079798033739 1.3915975283242 
0.27274473423196 1.6190302060464 
1.2381542600063 1.8238544943715 
0.9433533757883 1.3746650121038 
2.1729311668132 2.2142357501059 
1.7205806372395 1.4950851516784 
1.702503985294 1.865685072497 
-0.084596688697809 1.5294003731649 
0.11629879075261 1.4662324855411 
1.0886961854367 1.4352024136262 
1.2956265688044 2.0530332879688 
1.9523459691835 2.1394083877829 
0.718073514366 1.2889192469421 
0.077689026056417 2.1033694997105 
0.54338469645582 2.2720150500434 
0.72885855398787 2.5372123941404 
-0.029991793095611 1.5943896635898 
0.66884082794507 1.2688511477655 
-0.49036315663239 2.6658029577999 
-0.28647547481243 2.2128023163286 
1.4027619707179 2.6470364848204 
-0.31034350709857 1.2796645914075 
0.0930653134644 2.0781792081585 
1.1244328212454 1.5700295470513 
0.10660854766039 1.494800171622 
-0.16961318033982 2.6297042806022 
0.57253167366537 2.0782942141974 
-0.22354834300669 1.7065511176863 
0.65545603917186 1.6258069230403 
1.1734127390317 1.6267113335403 
0.055660719254877 1.2266181160004 
2.0717010996795 1.4509585423928 
2.0540259000207 1.4569639134861 
1.6866706577762 2.0917515309735 
0.077696726963632 1.3568611675425 
1.1402754832436 1.8787549514097 
1.2841523126984 2.0955564147142 
0.36523543368428 1.2682439660022 
0.033178605042171 2.5189172512562 
1.9460856930158 1.5497070846067 
-0.37107396981103 1.7600715051813 
1.1204364486479 1.3774720638456 
1.4884509152004 1.6717443483516 
0.51812585708995 2.3448424655416 
0.41075659750386 2.1513014452963 
0.42040810296986 2.0364731032467 
0.73317425657298 1.4825380768513 
2.1916305761505 2.1464947238674 
1.731528414859 1.2829783096197 
1.7384590652309 1.6631662824702 
0.29097065905903 1.3755075419891 
1.592976073931 1.9016048419491 
1.4691391887973 1.4242975692085 
1.4118103345627 1.8868281525819 
0.58029121487285 1.7889582344584 
0.040877665376881 1.7557624171867 
-0.28438695491485 1.9122770499564 
-0.41770883403468 2.493464270489 
1.2784081032394 2.014498296193 
0.15514719394296 1.6876566198181 
1.8557517841669 2.0243815233529 
1.4043459469558 1.4108897843004 
2.1703369280661 2.404809539955 
2.3156951389806 1.3906837144958 
1.4947889595273 2.0594490830162 
0.54121481097916 1.3470094989201 
0.81852233778693 2.668073448214 
1.151396206366 2.036174243752 
1.3831270689655 2.4556760466657 
1.5445023317342 2.2617844274338 
0.051445779983929 1.7837537222984 
0.095272405815531 2.3106378985599 
0.29180055121436 1.2411109806029 
2.1269312515412 2.0030404750971 
-0.29315892242977 1.5093641776333 
1.0157447878627 1.9512954008623 
1.9059982468954 1.7576648666488 
-0.32910639265242 1.3097206833781 
1.1782139150897 2.0592348850625 
-0.1836781238992 2.6755911859607 
1.2166772562196 2.0527973502826 
0.68246039295513 2.3229403579842 
0.71804202863758 2.4906160799162 
1.4571557588925 1.4187750184915 
1.2679529053336 1.5120546701381 
0.53041122012996 1.6202897475987 
0.65495777551113 2.669213740717 
1.6358739011948 2.6535068435797 
1.4340497128174 2.3834396150903 
1.711805918735 1.8746541208531 
1.6042482330335 2.0929991353438 
-0.13841417770206 1.3247685256216 
1.1935042739898 1.4195689092288 
2.0359040325956 1.3416766747042 
0.66724137628777 1.3268064690111 
-0.23928152581656 2.46540036846 
2.0940022144357 2.5188570222504 
0.066607364635593 2.6475297845677 
-0.35573972172382 1.7486519618751 
0.27985275783709 1.8778824043938 
2.0425452208431 2.3168788482213 
0.84537819839515 1.7152980194715 
2.179376685167 2.0277810871153 
0.49752127649865 2.5926348872418 
-0.30657813714385 1.6386094568837 
0.29129751185756 1.6571533396886 
0.28867450443236 2.3153869853479 
1.9265377381994 2.0325273537423 
1.0789168035009 2.5107291224951 
1.0714020640652 2.3807226205864 
1.6862863576176 1.5595610085691 
-0.2907548627745 1.9678592121047 
1.6306190890878 2.5759227240497 
1.1474038629823 1.9422829389945 
1.7099261375918 2.4748729385315 
0.57093191091361 2.0896327510437 
0.742806113634 2.1431601531265 
0.359136732342 2.4684844826011 
-0.16547119396983 2.4159518120223 
0.44744264023887 2.580923249096 
0.25901774856793 2.6233934780558 
1.691074265268 1.2981036099043 
1.0820713733275 2.6206596871876 
1.7497630262219 1.8115804184541 
2.1312122385148 2.2974831497199 
1.9269770640463 1.8189547875068 
1.2506585709593 1.9685134759564 
1.7985077950039 1.3787036292104 
0.013585027511161 2.455769879908 
1.8925127217496 1.791881576799 
-0.44245280134498 1.5194256841022 
0.11332185221061 1.6003067445145 
-0.055228982854457 1.9020705721049 
0.64680380119173 2.5369888443444 
1.204428865379 2.3157850054004 
0.99971696813087 2.3616408558034 
0.39791541775727 1.6270299282062 
2.3058370657477 2.5986123104242 
-0.24878833631831 1.7138457585302 
1.3270861311069 1.2794252376816 
1.8432134411662 1.2614914360546 
0.94678093349744 2.0235030909098 
1.5042841473988 1.2149528901894 
-0.33072384302163 2.4533239384031 
1.512654397796 2.6064166894211 
0.11450903697692 1.9840465404119 
-0.47902465420298 2.3225199792405 
2.1619572135485 1.7579359221396 
0.44461525255711 2.3877427461256 
0.57879995609489 1.7889024514844 
2.2069813990246 1.8189832942747 
1.9038049954667 2.1454915777842 
1.1225240343455 2.343258194987 
0.99255542924759 2.4844624699321 
0.90538032121898 2.6021300494341 
0.3142288818809 2.3143290838285 
2.1879744094165 2.3975807674982 
-0.43599096430815 1.2848178368334 
2.2998916796892 1.3375457233005 
0.45010627248645 2.6250391539714 
1.7542083721276 2.4387042745378 
1.2619648809177 1.2852941740479 
1.7648257774049 2.3673483354558 
0.29053339017589 1.3648803953569 
-0.44719622798387 2.2770013900867 
0.10957908141749 2.2346697604744 
0.91805781097514 2.2445652434689 
0.10501095603564 2.3053220321948 
2.0919614473625 1.4308034559691 
2.1995137639885 2.1496300345939 
-0.028732666954168 1.642606340718 
1.426246778114 2.6319096480459 
0.40753628362463 2.4318711331916 
-0.31664413873084 2.001164733582 
2.1132764350295 1.5472450785527 
1.4143264288477 2.3580460393992 
0.70652616033215 1.2890525906817 
0.83115759258392 1.2295446013229 
1.1458583911969 1.9828518421786 
1.3435021397445 2.517691956821 
1.7357504967514 2.2344083923227 
0.28777917975828 2.1755651668583 
0.41803893468785 2.1571210303778 
0.1536589945803 2.1669148215316 
0.16833260022958 1.6204601955825 
-0.30467168909394 2.0193513030554 
0.81207192820667 1.8709475530222 
1.853027840165 1.4301402163964 
-0.46949566259533 1.7110796945094 
-0.34033275324007 1.266674902891 
1.3903200305897 2.2059528053821 
0.084434875868626 1.5741999250205 
0.97338627901545 1.7264239428768 
0.082026520385122 1.3801623462786 
0.070780503289524 1.9799539788449 
1.9408203048587 2.3250455423154 
2.1534872186362 2.217038584344 
-0.43080771627231 2.2765205068608 
0.2935201145753 2.1953297954155 
0.39348570845162 2.4409187471218 
0.25622200029003 2.4490719155793 
1.1346737227253 1.5256482659898 
0.016681715812079 1.2328170655508 
-0.42089205014252 1.6432725638502 
0.46738602759115 1.880554809602 
1.726021070889 2.5589741787879 
-0.48067404043967 1.6737854826166 
1.13970805526 1.4895586743442 
1.2917567175175 1.5465377434415 
-0.059087401223093 1.2130020103582 
1.5477842073534 1.861109350583 
0.85701957400732 2.4686262117967 
-0.41013524745928 2.6741982829173 
1.122645360582 1.9759211608321 
0.77682925422016 1.2473739713806 
0.80768545871426 1.7121010206785 
0.67886683387403 2.619053843862 
1.4681342580844 1.3739640569969 
0.8292087291763 1.3223702940784 
1.6335097463699 2.1794169566823 
0.87004664869049 1.8941546376105 
1.389678080328 1.9344771370952 
0.31725404848336 1.4403727275252 
0.47205557376734 1.27801347116 
0.46663742565474 2.1751472293269 
1.7404750253655 1.5542147341695 
0.60410376504411 2.2507000705074 
0.14668688707521 2.5402497776795 
0.026691387786559 1.3722045331415 
0.058677476244614 1.2214872120357 
0.73878790567003 1.7174277606324 
-0.24665009604719 1.6354111794666 
1.2226291063263 2.2491944203279 
0.50834238804569 1.7291925764299 
1.4115391047759 2.6275617458099 
2.3125582673986 1.8353849965082 
1.401919446954 1.8144117564707 
-0.1153320969534 2.0177660157574 
0.25442585718145 1.4142856994492 
1.7095364364909 2.6735980121861 
0.44877671013303 2.4422613566987 
-0.46130950713644 2.1140656654792 
0.67723027979906 1.7275868552681 
2.2615820582696 1.3416546109128 
0.80953291782428 1.9747335084823 
-0.40239402616005 2.1399246271006 
1.8999693642003 2.132905792686 
1.2978177654764 1.4091167333831 
-0.39813920409628 1.7988617734879 
1.7776374346492 2.0693645719137 
0.66901367014804 1.3731345894758 
2.2456944429994 2.5199531292701 
1.3369472213699 2.3017440216094 
1.2458661200382 2.0572488167523 
1.607908277707 1.5425965705334 
1.1673205845069 2.4776398860794 
0.54917497487268 1.6758407919459 
1.4849242740081 1.8721159429775 
1.1842206851596 1.708519758768 
1.4629899517248 1.2978617446721 
1.0394104464824 2.6638678192393 
1.9480558383803 1.4885818403737 
1.2632284222251 1.8346979056538 
-0.043600851996005 1.9882622806443 
0.76319252891374 1.989791058482 
1.4346647218172 1.9595127542766 
1.1537464472041 1.7185758952549 
0.062070345148658 1.6632029647625 
0.76010374451992 2.3450042422913 
0.54441616708921 1.3216529500165 
0.36978900693565 1.420060032852 
1.291225819295 1.675372550473 
1.1690495830878 1.925804123248 
1.3464732106079 1.6557189848554 
0.90154980820975 2.5778847557353 
1.5005905280481 1.2932430412094 
1.6372574258922 2.1564667076686 
1.5896478457588 1.8367139650293 
0.18081010954246 1.714131469453 
-0.37472923458203 1.5515373666538 
0.98818701123634 1.4107931117012 
0.13807059392781 2.5999935858593 
1.2464121337885 2.6197563588525 
2.300226239144 2.461508147416 
1.9237856338276 1.6339856828719 
1.5244543994231 2.6738972701026 
0.39263486484225 1.9171879065944 
0.32567244043546 1.5604440482043 
-0.30024466430747 1.4046234316451 
0.46931660668128 1.9139375460685 
1.7636366863496 2.4007652118344 
2.13882781681 2.3271007265461 
1.4558331633129 2.489873947665 
-0.0845560182709 1.3769975079272 
0.031743569633635 1.4664516378767 
1.3840559790789 1.6109109654013 
-0.042089336579993 1.8706356782179 
0.41324950206133 2.4925197409625 
1.3027229448359 1.513833726619 
1.244318684682 1.5235900705995 
0.73443241705316 2.4573906750667 
1.6521466736782 1.9830090049504 
0.39331973345004 1.7933437731891 
0.97324280151053 1.2421927273076 
2.2519970532459 2.1752747955846 
0.85329156416879 1.3605668371973 
-0.39430869447921 1.7611090488035 
0.28413200097861 1.9992588889301 
0.34303248084579 2.1707669251075 
1.4168119896791 1.813850704161 
-0.43145830537105 1.6979362378837 
0.17087295826169 1.2098326913928 
0.1427698441016 2.1970271365734 
1.0775113825977 2.2082916926388 
0.73851097138941 2.6659725456477 
1.0994063346366 1.7849509421308 
2.0458014748921 1.440729638493 
1.7444234897268 1.9463212508081 
-0.036003509283484 1.4772766906779 
0.6988046541458 1.371007965637 
2.1612318086851 2.1964436950676 
0.41391262319602 1.7460654553388 
0.21979415839032 2.1218473182636 
1.5558073968594 2.3231093571814 
1.3859766998762 1.5731771246065 
-0.11599096077385 2.148295401189 
1.4044826131514 2.6356496419414 
0.69559388836451 2.5658082574796 
2.3018227783858 1.3505044680443 
1.3452121562262 2.1414091870498 
0.20527442245083 1.4257272155689 
1.4623071908883 2.2541102782004 
1.0518360495845 1.3645882789582 
0.49540625634629 1.6547876811328 
-0.43628951987874 2.0024285978719 
0.45467303139613 1.6098495724062 
1.1592362818203 1.7980135395021 
-0.33071891866427 1.7966339702986 
1.8416709978335 2.3965867873488 
1.9620089346403 2.0758838545521 
-0.48620981127145 2.1392010788658 
-0.2000925243113 2.55135532513 
2.2335730443073 2.29871523313 
-0.10541266250126 1.2211842831488 
2.2688729999592 2.2792145471896 
1.2520750277648 2.0061479844802 
1.2773901727293 1.894783867544 
0.92634829037797 1.4532139815828 
1.9564805831712 1.1976248471167 
0.32221045749753 1.2916699510882 
1.1144914841972 2.2831853475877 
0.047886391039598 2.1308493563971 
-0.28290190934034 2.0219581558179 
1.1366161918745 2.1695368833572 
1.1329661152726 2.2441223485876 
1.5436415173356 2.5051310032004 
0.2202143144154 2.3928796651954 
-0.27892670401713 2.5540073171925 
-0.16685861512293 1.9716351475123 
1.629984997126 2.4796226565968 
0.90766464945806 1.7823271222496 
1.1532892215616 1.5700507135537 
1.5103981554625 1.24202861472 
-0.034843900650208 2.1186482295611 
-0.17996796510887 1.4575706770624 
0.99933597181637 2.4014393774637 
2.2792545710023 1.9032428154951 
-0.27410386530874 1.7489539268277 
0.44274809206933 1.288700819788 
1.6506774318059 2.2098664624658 
0.98262792995619 2.0979277010878 
1.7855492332281 1.512152334423 
0.87712221397304 2.4867218053998 
1.997282910123 2.497868364856 
1.7176190736937 1.5584968673453 
1.8900232114364 2.6511408498696 
0.16729636659993 1.185114874178 
1.8223737738883 1.3168503157089 
0.61830438837634 1.9306529224691 
2.0481718946731 1.6490744221169 
1.2094207939429 1.8034577949284 
0.83550994562506 1.6331328202738 
-0.39734268666117 1.4501401880457 
-0.07791116642467 2.5417998223523 
0.93650839388935 1.8399972536358 
0.57386315013711 1.3143799511044 
1.3102216065679 2.2822584940267 
1.1125820059032 1.9998661369071 
0.33930587460512 2.0413681874442 
0.83810149357796 1.3512837067101 
0.18279086364913 2.563822941997 
0.87228710101413 1.5910624002587 
0.48373134729259 1.6582396748777 
-0.39700389549572 2.1340949850952 
1.7373499700256 1.9594213371793 
1.5006639798041 1.2316094935298 
0.85732694372863 1.520106256583 
0.70045123797876 1.5283093143719 
1.2446615490102 1.7192868885145 
1.7340644190051 2.2701911039339 
0.53801311651787 1.8239691751327 
0.80463733187847 1.6500065776181 
0.30433693834853 1.4015135779019 
0.25603920126246 1.6149230615707 
1.3199825433143 2.6102471417167 
-0.46334402326299 2.4545046167502 
1.2374720808978 2.5072129139349 
1.7189187588165 1.3488750198732 
1.7219627995906 1.5578153856625 
-0.26026478084075 1.4135684434207 
1.3467979905592 1.7475417742492 
2.1962747776223 2.5018801562659 
1.9039291659161 1.2376069826484 
0.073631532252061 1.750150239551 
1.1610857936088 2.4193852129973 
2.2624237981207 2.255344977763 
1.3475117131705 1.6548975702337 
1.067803293416 2.6457859989605 
0.98453833456511 1.6181263577962 
0.81919464764921 2.0410145020625 
0.77366757326943 2.6754458159414 
-0.39427885898529 1.1889928794223 
0.56334829965341 2.2475369861235 
-0.36401493781716 1.5940447143628 
2.2356290412779 1.5474668507469 
0.76825057998354 2.2787491714895 
1.9237895274913 1.5090528732624 
0.84942175819727 2.0906055062359 
2.2040443527794 1.3451577297771 
0.17054949410958 2.4421708607194 
0.45378843906216 2.2592842699782 
-0.1324948079684 2.3453885582748 
0.2909924708662 2.294908016206 
1.3889999977686 2.164159323068 
0.50350444200591 1.5941803375958 
1.960280181596 1.759488556913 
2.225278263258 2.0900805667698 
1.81075588442 2.3086351955226 
1.7985128039027 2.1092841036375 
0.77749338038704 1.606086821352 
0.14895869285943 1.5069555616078 
1.6069591126424 1.4613096464568 
0.78047798071786 1.7692591957732 
-0.40942540230119 1.3167506735849 
1.009140501259 1.4739566756917 
1.6490281166857 1.3710164720923 
1.796971594023 2.419560631378 
0.71407273852101 1.6451652912866 
1.3666401294644 1.9755624542243 
0.05288357373698 2.3752140265484 
1.7993416183694 2.3615953929764 
0.40303074839188 1.9554265044399 
0.93931385185254 1.4081080529954 
1.9631450491234 1.9340951485428 
0.87333098964006 2.5362069858062 
1.1291419688013 1.3944572724317 
1.4169761428283 1.4268538636279 
0.24000207418895 2.1820904332918 
2.3035023528915 1.5716352764162 
0.055347785355061 1.8101940797716 
-0.20942507777007 1.4807455724515 
1.4109919649987 1.260633762828 
1.8991401266631 2.4964456424572 
0.11674718208 1.6488693784456 
0.48882146296295 1.2408096582899 
2.0231181273872 1.5766137304085 
1.2965362429804 2.0065142032714 
2.3085262091059 2.1993502550506 
0.53388092619781 1.8846529422654 
2.0675866584123 2.4613547603027 
0.84485814548019 1.9020249656967 
1.1060258006664 1.9692496440895 
1.6676442589071 1.950584366937 
-0.34769125564342 1.6535283093072 
1.4291457628673 1.3130170553732 
-0.029776353387919 2.5521602051947 
1.8551396322724 2.179122415248 
0.37654582981485 1.5792675772073 
-0.23464146697109 1.5003960007692 
0.51263961376554 1.631051165963 
1.0411222922736 2.0907185301231 
0.22160051313993 2.0669920423775 
1.910094044475 1.5307843916884 
0.33084672979499 2.5937514541141 
0.10444711516976 1.3292922212216 
0.18194028443173 2.3936181955788 
1.8041156383314 1.3018408821199 
0.89582849505957 2.0232711470502 
0.39755647593987 1.6425726060519 
0.56682628087403 2.0862450718692 
0.14038041951515 1.7177537336652 
1.2755540750294 2.3262267976523 
1.7602594674445 2.3295626392248 
1.8783000946625 2.5969089609635 
1.1493165044208 1.7533138680797 
0.15090768090798 2.3531225100706 
1.4255190067222 2.1785794493757 
0.0083616220181769 1.8903549257169 
0.27087642266077 1.4482467113835 
2.217058066236 1.8450560756152 
0.98569162522818 2.1703013978485 
1.4637454925185 1.7626035418026 
-0.39273435642138 1.529294919653 
2.2883124166964 1.3887360321591 
-0.14679425888799 2.5458856612594 
0.096223447453442 2.2374069417567 
1.7136506020003 2.5109798541353 
-0.26470072109832 1.2640446947538 
1.6304045363875 1.5961416173668 
-0.27728139272654 2.5613246308978 
2.0625806646173 1.3331128844275 
1.7358753795436 1.8024923543178 
1.738034146646 2.1150044700832 
-0.2911060630161 2.4809789204983 
0.70324400702966 1.7845699094723 
1.8189955723014 2.419834275181 
1.7109110659813 2.1629948264652 
0.39755280761128 1.2710943674504 
1.0229604378091 1.5639347154798 
1.2809203375696 2.0093845716909 
0.4873750316966 1.9033343321616 
1.6986188194883 1.8899979765859 
0.11202940109241 1.6672592746575 
1.444755904932 2.4006090808705 
1.0221292963612 1.9898183595383 
1.3988699887968 2.6255275476687 
0.25169735196952 1.5149180095453 
1.5192406377417 1.2113432474313 
0.12014122756521 2.527224198342 
-0.35375210387223 1.5456224944334 
-0.37268185478247 2.0625621458637 
2.0165415424334 1.3232563486449 
1.7664945049822 1.9404326968106 
1.2575765445789 1.6114459747512 
1.331210845179 2.51001968879 
-0.40529329870623 2.4757706285826 
2.3200433972558 1.3765236412547 
2.0193174266273 2.3248047228741 
-0.28683804287591 1.7526831021552 
2.0381695263008 2.5723146007434 
0.68618281798702 1.8484241625649 
1.4299096956382 1.2165642139213 
0.92960345129433 1.8902860829866 
-0.3697518592468 1.7644667551744 
2.3089001855601 2.6282028511856 
0.30599379072194 1.3419307387445 
-0.41474545081862 1.2511736481414 
1.8772135436202 1.4493709851607 
0.075721742095527 2.1487728011268 
2.1994200803533 2.1716239119757 
0.96144806542065 1.3407102862799 
0.090920884423903 2.4476524357004 
0.42579340751606 1.4146390302147 
-0.2821041001815 1.7657419965298 
-0.29939643410312 1.6577344430716 
1.0709770911554 2.5508191133053 
0.93284269923387 1.4971077680958 
1.2921023176882 1.2701824525412 
-0.31763486751589 2.3525135598809 
1.843976259155 1.5434809286819 
-0.38000934288222 2.4803763245618 
-0.29351424426706 1.6605348845943 
1.567278389029 2.6672435317144 
0.41945997389672 2.0201859675832 
0.78560815646284 2.3494143333651 
0.73233950000293 1.5324254457542 
0.67851740887968 1.3694518685082 
0.49652190921242 2.0058817812116 
-0.04879413431223 1.4724147561304 
0.88719939150195 1.8305057846256 
2.0206711766736 1.3491092831149 
-0.44850972479745 2.5175642034552 
-0.1918397410936 2.4204840757989 
0.51816351204113 2.2198393904963 
1.2269351854376 2.3883565819276 
2.2842420968067 1.8128542097611 
-0.13970791256865 1.5888832252788 
1.3048639078696 1.9631347663222 
0.32140566190558 2.1829053888734 
1.6172541320779 2.2696085831983 
-0.20394163728054 2.1404090754272 
1.3196688821695 1.9512923157347 
1.8693873788991 1.9197763645691 
0.35058037088031 2.4188326223508 
0.16547134078684 1.6726617354542 
2.0869927429323 1.9315061999237 
0.59910647538081 2.5737634201013 
1.3292201939175 1.6762953394793 
0.20106996195031 2.4935126722777 
-0.13283242001623 1.7154908097107 
-0.24184167538086 1.396760325193 
1.2280268946531 2.6029827486974 
1.9916471712483 1.6488442801097 
-0.011611627105674 1.71972216258 
0.82462114461159 2.4024560888024 
1.9941126937995 1.8937803924095 
1.725426610072 2.2691638537124 
0.045186596168994 1.8228889803699 
0.78821082123103 2.4017221886293 
2.0193479428607 1.698326722287 
1.9286798422672 1.5012551544182 
1.7357586716883 2.2708729121296 
-0.024767158013252 2.3963670413173 
-0.37003374452979 1.8727243895387 
2.157639547883 1.458925673888 
0.44822917041556 1.5628590967808 
0.88822060908761 2.3011321196848 
0.77133470021651 2.0691538984217 
1.9404015326716 2.2606001085795 
0.82207327501569 1.6531199846136 
-0.38697725641221 1.6564574645989 
0.86577168028962 1.9709729413684 
0.61258516357975 1.6730673061222 
0.033456319861276 1.3724316653322 
1.2889634431789 1.6801686196465 
-0.096246578990128 2.1611148997082 
1.0513428754428 2.14306636234 
2.1360252909498 2.1527539137995 
0.7720818282447 1.984970790506 
0.76131714589685 1.5047967661065 
-0.39772094156671 1.3314691924588 
1.5965198370809 1.2193927533087 
0.27684023381667 2.1796248268845 
0.82875579462698 2.221956754111 
0.7993427040483 2.1583924925078 
0.85264967980495 2.6181148342454 
2.0912202221982 1.376951601196 
-0.0081918193246056 2.0209945114403 
0.57906757870146 1.3749058352266 
0.50985968894891 2.5860157033337 
0.53367546770854 2.4329944412013 
-0.38221103769001 2.319637579482 
0.77421295021211 1.6295525751865 
2.033355433113 1.9929137705041 
1.4468143074891 2.6127691955764 
1.8665761649505 2.3467278225001 
0.83590099478989 1.9926658606267 
-0.13562480106347 2.1918381266246 
-0.093263759015066 1.5198712779518 
1.4148232130165 2.0455477614147 
1.2444578690806 1.5702897666692 
0.21914117227701 2.4134372374925 
0.03321181663215 2.4271292475192 
0.47291332888612 2.0909980248662 
0.92579132269655 1.6800046996396 
1.8581643022975 2.4664250560348 
0.78602882664521 1.6907821206047 
-0.4739547206384 2.6296468244478 
1.6302502087203 1.5475305064629 
0.028668144058383 2.1992225172628 
1.7720239121333 1.9287703817286 
1.5077631283819 2.5479436513204 
0.6341386856607 1.6858892211421 
1.6655185566148 2.0041068504609 
1.4404816258611 2.1427991478504 
1.2934826413526 2.5503734596055 
2.0319013883854 1.5799221088019 
-0.13495658606176 2.6535020392678 
1.2371343891726 2.6292721383791 
1.7932770620214 2.3402757794518 
1.8090726177637 1.2767755393809 
-0.14090792551304 1.3497205235917 
0.11338145742496 2.477855442582 
1.8018718611812 2.2404577014907 
1.9936321073342 2.4603794480704 
1.9343987962583 2.2995412736416 
0.47661017947765 1.3731815426803 
0.68442672857619 1.5086946468885 
0.57755498306364 2.5468300191329 
-0.34301892164001 1.2713662122003 
1.4944577270058 1.4897173466332 
0.42160416347464 2.4654091355286 
1.1358623325413 2.5801693522501 
0.88333603483953 1.5597685332396 
1.7426817331112 1.8180892899519 
0.85573001632199 2.3783657794509 
2.1186877606832 1.2494961145141 
-0.28625656401702 2.1081591600639 
0.47174771911359 1.8786355476721 
0.3260557790486 1.8487824220085 
2.2493795121326 1.4072637682706 
-0.21373759852731 1.4724473164829 
-0.30119849337958 2.6243674116038 
0.37653777671808 1.2618534765813 
-0.1508461670965 1.9853469272566 
-0.33156244032064 2.3940221378137 
1.6702799034852 2.0052244889054 
1.6644000329152 1.9756280076726 
0.26601639898799 2.6421287105076 
2.1203136932943 2.0400020826913 
1.2095878364357 2.3164490583218 
1.0181847600151 2.0617202761071 
-0.4195649074883 1.3076182678497 
0.027556715689912 2.5463756459894 
2.1863815220399 1.6591637408279 
1.823869174959 2.5591043812368 
2.0621830428012 1.9041305803282 
1.1345810351229 2.2300786401521 
1.102632729806 1.9500606481558 
0.54153278066581 1.2578999255656 
-0.4768731386521 1.9766979318214 
1.4948560011355 2.6233594709588 
-0.43423204335715 1.6951348915065 
0.87995778135789 1.514797943038 
0.96266984940497 1.6558475012781 
1.1214918865109 1.3640817665051 
1.5504431598608 1.9054775294459 
0.38968654288294 1.3880191964689 
1.2021108207575 1.8055911206664 
1.4970755302335 2.2627757482488 
1.3565026782753 1.8199305939838 
0.76592203789392 2.3163940483946 
-0.073537186764855 1.4316755903148 
-0.016273263273663 1.721828972994 
0.97872861679693 2.4087261265236 
-0.38521401945034 2.4847543400236 
1.1317448890724 2.2223366373439 
0.74264489441604 2.469895298713 
0.9332736507101 1.2051508709625 
-0.15744804698252 1.2253637187869 
1.776422645807 1.6956458502306 
0.35421219877328 1.3046145967222 
2.1672518216295 2.4439121441055 
-0.07197837069027 1.64945866025 
1.6090988254363 2.1369777610669 
-0.42956025853416 1.4694088417725 
1.252946053326 2.2771092129456 
-0.17922194750958 1.4787060723415 
2.3209150345513 2.5213457738647 
-0.094270720274813 1.6541126599812 
0.27665388912546 1.4825986394708 
2.0187188521397 2.5201790183757 
0.97709047610103 1.3284923852065 
-0.0088837381143155 1.8192762030742 
-0.1914113282132 1.5375817235075 
1.9983728431455 1.874808425004 
0.8327457283532 2.2151797057016 
0.12335657726353 1.6389291636671 
0.95785813047652 1.1919836814248 
-0.10947015179794 2.1811747992739 
2.0191779768021 1.2851406098433 
1.4219306202277 2.4340432275294 
1.4453424215722 2.3300181292414 
1.0187110913579 1.5442326192383 
2.1011526071154 2.3367020392979 
1.8270684275311 1.3359679009159 
0.26383664925448 1.492996927512 
1.0827576759297 2.3910413946505 
1.5428076882877 1.4463060889397 
1.8228158246917 2.4745138548313 
2.1434204774136 2.2586430999497 
1.0730780508293 1.5364949600412 
-0.13078738156946 2.2909000269462 
0.99634767065789 1.789974276287 
0.18740192743815 2.2362342795686 
1.9106063661405 1.2653265628004 
-0.047804428010333 1.8918028189954 
0.35894555343002 1.9077325089409 
-0.48763667371891 1.6345271384822 
0.99230858239678 1.2082519516993 
0.44573705592803 2.6165693185071 
1.1714858608734 2.5944136687986 
2.2757408432706 2.1849440695322 
0.090434328968864 1.8024172315331 
0.71833740341058 1.6495063286546 
1.461011301928 1.8387707965711 
0.23212235736743 2.430022155139 
1.3333061120738 1.5779505344101 
0.8934676338306 2.6679998325884 
2.2697028560435 2.4683295152605 
0.80689642274937 1.424629537097 
0.082021183445075 1.3382601951231 
2.2349769547468 2.5369108856091 
1.9845255720153 2.5971042822303 
1.0809594207215 2.5094241689179 
0.19297906934824 1.5925110569498 
0.23275555074059 2.2552901391727 
0.70874312764762 1.4749817627492 
0.068321685286036 2.5065131376488 
0.086013319374366 1.2052423505419 
1.3966291269945 2.5896105229964 
1.1585617017939 1.9949996516208 
0.13147339273608 2.5679970818515 
0.63206908270243 1.8960199917578 
1.5553863165184 2.1762593113059 
0.41581308632387 1.5497142272944 
1.6066403537087 1.5031304850316 
-0.47206745495388 2.2459220480164 
0.58546403993028 1.971306105148 
1.6145459220579 2.5502887569161 
0.28032688403549 2.046010678536 
0.00077343709946542 1.821408007006 
1.7624169580113 1.2301746350869 
1.9659874769598 2.6661281816602 
-0.2387095625334 2.329403633698 
1.7945765662522 1.2072549280146 
0.97234083511164 2.5081410009119 
1.1482947894344 2.0858654960425 
2.2527487978455 2.6112970266298 
0.35202431993918 2.1217925472146 
1.5587143023157 2.4645042932145 
1.1278658673658 2.028694922207 
1.8911353194143 2.5590547296681 
1.2544268407189 2.5755413183736 
-0.16726372774108 2.6680440755234 
1.0379277734907 2.1146224257391 
-0.32834394932239 2.1331261774323 
1.3572669732208 2.3829942503438 
2.2580485602208 1.6667941781065 
1.7273919778056 2.6441667863531 
2.040271995436 2.0149986846124 
1.1123680581879 1.4689872593294 
-0.43997846037623 2.4605860762272 
0.5029399264792 1.3314755582373 
-0.0059516833184816 2.1915476432746 
0.26896354600994 1.8916143553213 
1.4176099117335 1.3201723619089 
-0.077715471314928 2.6764343619037 
2.0488307596978 2.4660402622158 
-0.12334191425236 2.1023890245822 
0.199579106838 1.9345250980718 
0.25074164418934 2.0450478456772 
-0.33325516811823 2.2153835798162 
0.59690475418661 1.4440240908779 
0.70823168770851 1.73810979072 
1.4426033334548 1.4177592760772 
0.1835553889244 2.5014705003734 
-0.18414292969449 1.6627835684826 
1.6089528229673 1.9740052843419 
0.48449092168077 1.5805719420031 
0.57808317564837 2.6231107172784 
1.240743210481 2.6095630906272 
1.4734710467798 1.640069679869 
1.2291509893705 1.4751643432333 
-0.030593390500799 2.5048831133196 
1.3010309326 1.2252171251123 
0.7006375049983 2.2591504821462 
-0.40243050740061 2.1194034437006 
-0.0025050467659711 1.9842460067972 
1.7422984997632 1.7538871390039 
0.5987465868111 1.9927470722334 
1.8577560010799 1.6026515018665 
0.078563766836461 1.2990257413348 
0.57215013517513 1.4092333323951 
2.0400375418897 1.2217956729715 
1.2158923130849 2.056710617895 
0.34472993402022 2.5181736352398 
1.7177783089937 2.6169535395154 
1.1349270632721 2.0065951267995 
0.64645440487041 1.6231797194934 
1.1320918747719 2.4940026231608 
-0.036738050820511 2.4924912515247 
0.66557121686887 1.9704625883566 
-0.29038090851302 1.5465092895104 
0.93695573400075 2.245361662088 
0.15312911559135 1.3383444107042 
1.0249513524144 2.6148166218074 
-0.16305867574383 1.8445206187654 
-0.36516576533814 2.4988130743496 
1.2555967624604 1.4103052460231 
0.89511493051146 2.1108152426509 
0.47279231681538 1.9852318768408 
0.66823493989783 2.2042279920471 
1.482201202327 1.9790456274879 
0.12453053475606 1.3142772985457 
0.76290679260912 1.9427978656422 
0.25826829053149 1.7615840534308 
2.2385641288024 1.9050611861471 
0.9780515215482 2.2685129662102 
-0.24551160214708 1.2330489834552 
1.0915275492886 1.3230382135332 
0.87062397081525 1.1892146931611 
0.94740099874679 1.1862907785247 
1.2011949633799 1.7994621857778 
1.540492921582 1.6730644504604 
-0.1098893312824 1.7537778830263 
1.3042864187739 1.6407543080544 
-0.25670905065353 1.9805125358184 
2.0089288826584 1.7909527008435 
1.8118227169194 1.3777453807798 
1.9535598255312 1.8195077408932 
1.9463987840014 1.7351119979113 
0.92662892403909 2.4981515512401 
1.9769188737405 1.828887706972 
1.0639178828232 1.5322009689363 
-0.040795861167314 2.6251999405979 
0.23248982457262 1.3798694392456 
0.82378616968308 2.5340490076685 
1.042349572558 2.3205633959134 
-0.25509912466475 2.1918678107745 
1.5351068351007 1.306983058842 
1.0049115173949 2.0862280776561 
0.97339888139848 1.401374649903 
1.7514954472025 1.6418465634246 
0.26966654166142 2.3641835550778 
0.034575784281768 2.3728332669964 
1.5799375855605 1.4730622286583 
1.4307398474342 2.5674704038842 
2.1137696259051 1.5564377177614 
0.52055448501995 2.0547615742117 
0.57645103727097 1.6522979711929 
2.0984902635213 1.4022689650432 
0.51231758386976 2.6270067565237 
0.3644660222781 1.9525088006465 
1.1834504172397 2.64046947334 
2.0615084163446 2.0549633823216 
1.0585402913716 1.2166556680097 
1.9969516977984 2.3121231789952 
1.6993748510552 1.9317336535783 
0.96470420833658 1.237799460166 
2.2435468440788 2.660495184757 
0.62420899144163 2.6561754179825 
1.0985637500468 1.3256004018515 
0.46393022437774 1.8961139727622 
-0.11007716658638 1.8653237930963 
0.92478222911723 1.9667085638516 
0.0049114047248124 1.6977562825675 
2.0811064896375 1.8092846040542 
1.7944166826125 2.5806187721116 
0.17898121092638 1.9839634065154 
1.729719687223 1.4248703260316 
1.6666608208185 1.5504319599522 
-0.076054560495134 2.6459091047672 
1.1654628823893 1.8318228826727 
0.24342175662155 1.3957356890182 
0.46982334557933 1.6390732707085 
1.8085515636913 1.6056211951628 
0.4520558845313 1.4154714954497 
1.763576872559 1.6716743789048 
1.0814008839246 1.3250392723335 
1.5608782565589 2.2943296235999 
1.6840209242501 1.3453673031401 
0.51635989157894 2.2708094082276 
0.017919982577109 1.2636816522146 
2.1358024496895 1.9547872693568 
1.8285352197589 1.6860434210546 
0.56383626008347 2.1956494337448 
0.81383093289041 1.7036673690906 
0.90207206024023 1.3930629245289 
0.44191324523967 1.8706074175573 
1.4879696249555 1.3364201739684 
0.86951847083264 1.8641692874079 
-0.060434343308763 2.6363754801203 
2.0464235758721 2.40342413563 
1.9741809734374 2.0362680787252 
1.1344116964054 1.7806925917009 
0.59976524481022 1.5180465100995 
2.1696852288461 1.2962493114379 
-0.26762979680826 1.8481614345389 
0.60910580208535 1.7185447104008 
-0.1805075532129 2.4552021509486 
-0.17867116500539 1.6501555472961 
0.66340055425009 1.2803461444187 
0.72036147992724 2.3776411039999 
