-7.4184114150166 -1.6939469071848 
-7.704464708575 -1.8963527305278 
-9.1500823767723 -2.8642220725956 
-6.279656076342 -1.6534739404317 
-6.0891259058081 -1.0275109242373 
-8.8276111523889 -1.3274000506187 
-6.3198289402325 -0.98640317835431 
-6.3982553603213 -2.0661459719389 
-6.4700521975725 -1.6816689598963 
-7.8610688923198 -2.1381704996642 
-6.9179980924353 -2.5469505133408 
-8.8938401875622 -2.0742845090295 
-6.4710007236269 -2.7602485428298 
-7.1457598327295 -1.9059890258225 
-8.3209461384863 -2.1951084551736 
-7.8755107609006 -2.8202836849301 
-6.234390792829 -1.2838700738114 
-7.7494840956485 -1.1147735097327 
-8.875427292569 -2.6413664541115 
-6.5810444936555 -1.6354294177779 
-7.7224650543629 -1.4149818130341 
-6.9732701093074 -2.6425606137779 
-5.983237038226 -2.5332562099261 
-8.5281174669843 -1.0338623025179 
-7.4306216141372 -1.1612353866573 
-7.1820698809731 -2.0800906553605 
-6.6262491028831 -2.1997609811649 
-9.0346223328974 -2.2980242186366 
-7.3128948268855 -0.9910064200011 
-6.5204334733431 -1.7934221394023 
-7.9101855611425 -2.6586245195506 
-7.0402031203309 -1.8161910698307 
-7.4925642007782 -2.0414852061587 
-7.3565479653407 -1.3478854062282 
-6.6481206808287 -2.2235982930483 
-8.3616667157003 -2.6419104132146 
-6.8066805913794 -1.5380062627065 
-6.776150804984 -1.470353113525 
-8.9051419031109 -2.2605323965704 
-6.730524693009 -1.0983989512267 
-6.7640052443357 -1.757224063961 
-6.9585202790297 -1.7730423129701 
-7.2107373047522 -1.2986082947022 
-6.7346867131669 -2.018838877488 
-6.2510159222927 -1.9242335690716 
-8.8742586729159 -2.2602677624652 
-9.0256536228098 -2.76173600664 
-7.5801149656215 -1.7542905914109 
-7.8538219721746 -1.7139168550145 
-7.6016611521721 -1.5752749072884 
-6.338391853687 -1.5718850957161 
-8.9935389350042 -2.0922543971878 
-6.272185974843 -1.3407541739441 
-6.321377890947 -2.578339230487 
-6.8215191124167 -1.1200266853363 
-6.0710374674995 -2.1968554125208 
-6.4861520280394 -1.642616355996 
-6.8025278112403 -2.2266664384629 
-6.8280569582222 -1.1091328732911 
-8.1529688697498 -1.9412754652304 
-8.3986034679921 -1.8732455842489 
-7.2050608911949 -2.7961319434164 
-6.9909366712456 -2.0754435350258 
-8.4747861571541 -1.247120048547 
-6.1436472274807 -1.0490205255708 
-8.37158019226 -2.5473318518745 
-8.01387741724 -2.2771792743056 
-8.0647390973001 -2.6852407761931 
-8.7916770058595 -2.6725307761344 
-7.0123917200446 -1.3377684004311 
-8.746592584611 -1.8951844514545 
-8.3676271089177 -2.1184303589527 
-7.611340078179 -2.7707432282105 
-7.1645472286689 -1.033379436931 
-6.1208430354046 -2.0444635728719 
-6.8914222764221 -1.2604723843346 
-6.6792540219473 -1.0957866018793 
-6.9456793523292 -2.6237382271641 
-6.3829510319168 -1.1903852846787 
-9.06034975202 -2.5915654945957 
-6.1698865690641 -1.8279469695464 
-8.2347438371739 -2.4376958500871 
-6.2371224658686 -2.4724468488548 
-6.761711627626 -1.9881970068427 
-9.228723929997 -1.7347643565229 
-6.3749133855939 -2.5900120591188 
-8.1841435631717 -1.4390334968131 
-6.891811437127 -1.0336634822626 
-7.1302114112786 -2.0701099740782 
-8.0377108816716 -1.6671784427007 
-6.2909906837878 -1.512747958395 
-7.3531258971021 -1.4551292528818 
-6.6605619482747 -2.1614861081493 
-8.0613388257165 -1.2787978111155 
-6.6229354431785 -2.0950503895708 
-8.8844374598852 -1.6836390574605 
-6.6249725328942 -1.1754888356598 
-7.7186522386885 -1.2886473840656 
-7.237216427803 -2.7593017620777 
-6.6250760500765 -2.661724879309 
-8.9292118512618 -1.0014847435641 
-8.8229600109566 -1.507313331912 
-8.2032285882002 -2.2830945547942 
-8.2314292318244 -1.7866203967709 
-8.2356703366992 -2.8674616073598 
-7.0186821042642 -0.99634695203939 
-9.0630641720719 -1.9958764274669 
-6.7846726674109 -1.5515296979892 
-7.4313816640449 -2.3414251084395 
-6.1204680296806 -2.579653100997 
-7.5197748187714 -1.3236773689082 
-9.0471825597656 -1.3930379830961 
-5.9834026790174 -1.0818204907141 
-8.9322039383518 -1.2301518838622 
-7.7470061908758 -2.486106772193 
-7.3330410270165 -1.4994354165188 
-8.1860816583239 -1.696226040692 
-8.4376645670368 -1.3918028009366 
-8.5066750163395 -2.4726083156894 
-6.5687036982123 -2.8606919525065 
-8.7139113396021 -2.4153368591581 
-6.0775462335762 -1.8562651905285 
-9.1733089933422 -1.5885202058925 
-8.1656224062037 -1.1252460977861 
-6.5941480189017 -2.3415365119109 
-9.1575923141074 -1.1946737255999 
-6.8347521375579 -1.5773237453074 
-6.6450869632797 -1.9668107354286 
-8.2084098068211 -1.0689370819248 
-7.2901442622209 -1.0093133727327 
-8.5979370510866 -2.1205923430652 
-7.0196164922052 -2.6144337320918 
-9.08417335133 -2.0005932810483 
-7.7234510465255 -1.3949351801684 
-9.2113578371072 -1.4723114485596 
-5.969929558065 -1.7759146391785 
-8.329642972331 -1.0670365306879 
-6.3131654905394 -2.2167820998329 
-8.1442331188463 -2.7808148669857 
-7.4902632639769 -2.1145823914844 
-6.2160092818418 -1.154918006562 
-7.4262859884691 -2.2795132027224 
-6.7965685534555 -2.2655383666807 
-8.8828665122309 -2.0118390651287 
-6.009789135056 -1.257160703773 
-7.9215481419284 -1.2791130181151 
-6.9878121236752 -2.6544412367542 
-7.1109945562931 -1.3822422557154 
-6.2312495523021 -1.2773844968303 
-7.1106457595173 -1.6861724911048 
-7.9402758653036 -2.6718187527408 
-7.4372180086023 -2.7227398326995 
-7.5797923015875 -1.0786087938407 
-6.3252303487709 -1.4656183359125 
-8.2049670861608 -2.7923288563474 
-7.7475872646948 -1.5429637629215 
-6.7078789034421 -2.0619588864008 
-8.0988805222213 -1.8012293634649 
-8.0426801668585 -1.5211515326523 
-6.5481138506785 -1.7298961944714 
-8.6421341277958 -2.2529359323495 
-7.5057039202466 -2.7491852588405 
-8.8254346222662 -2.1171808805905 
-6.2876300457826 -2.1496191046864 
-6.7398942712988 -1.4911760936472 
-8.2365694885395 -2.0617672091123 
-9.1144289794182 -1.1527330727556 
-8.3083315191616 -2.0122299229932 
-8.9176710124654 -2.025053182746 
-7.5755813378522 -2.0344057971415 
-8.9857358493735 -1.4402419235516 
-7.4262799376158 -1.612137877546 
-6.8891406406329 -1.3608076716999 
-6.5295582226347 -2.792127267423 
-8.7153079272951 -1.1961738289833 
-7.9332595044972 -2.645900517568 
-6.7632400614874 -1.0216523286744 
-7.917228841577 -2.1617794826202 
-6.1782802922234 -1.1051399836339 
-7.96495714696 -2.4427893644241 
-7.2194955508162 -2.7904297700403 
-6.2465695955999 -1.8050329956285 
-6.7642203494023 -2.2602699559142 
-7.4520767557603 -2.0098678983913 
-8.8712850601703 -1.068397133429 
-8.8609725899997 -1.8107893539632 
-9.1676913297334 -2.8417669927845 
-6.8141230041161 -1.9268785422665 
-8.1159857239425 -1.1142071296404 
-6.970673818585 -2.0950721699503 
-6.3290175667175 -2.1954227762047 
-9.2183960948108 -1.8035526982738 
-6.9377019079125 -2.6053129231281 
-7.5630562883585 -2.5865822939258 
-7.8284697802595 -2.1639930234357 
-8.9763633145512 -1.7725631676354 
-6.614075752799 -2.5060150942588 
-8.5636525831865 -0.96173785284241 
-8.552454168395 -1.3012090315909 
-6.600697550867 -2.8646656341755 
-8.5285588906922 -1.4199263057528 
-7.9071964371001 -1.3324918212588 
-7.4105932755644 -1.9125362462648 
-9.0104546826205 -1.6438796731678 
-8.3749214128753 -2.3767360900445 
-8.565839866705 -0.98189104404624 
-6.1139344094318 -2.2836448973796 
-6.7154217170304 -1.398468086867 
-6.4340950542107 -1.7358316756273 
-9.0085790995875 -2.7361607956005 
-7.7909939924522 -1.7416705028651 
-8.9881320266595 -1.8813612264465 
-7.7440623527068 -2.6179236395205 
-7.7588476737588 -1.473909913771 
-9.244284747872 -1.2352463576339 
-6.1659270447709 -1.3023404104841 
-9.1275661900885 -1.6839793943998 
-8.1864639999182 -2.2420889513666 
-7.1705768557896 -1.4138992488826 
-7.522850694356 -1.5345754197245 
-6.6635162201746 -1.8232254921995 
-8.6584342809935 -1.8947979457076 
-8.8398087867981 -1.093164181825 
-7.9947874826526 -1.681582213077 
-7.0725444200539 -1.4652695973189 
-8.6011294145439 -2.4339281267834 
-9.2090790691546 -1.344449787288 
-6.0492690900895 -2.6462869437579 
-8.8689326638753 -1.219447127984 
-7.8982701826498 -1.2598575352979 
-5.9510972409962 -2.086079884513 
-8.6975508352438 -0.97410084744069 
-7.347896236782 -2.4533262511825 
-8.2066613637028 -1.2206176788982 
-6.5824433874241 -1.5743488491563 
-6.0469733004427 -1.9888987866591 
-8.1225771433018 -2.5249056843203 
-6.2840727729599 -2.5598647104479 
-7.331825163484 -1.3216488151963 
-6.4187958196723 -1.6790515201035 
-9.009612170671 -2.4608893609757 
-9.0563579571936 -0.99396500262104 
-8.2981099474446 -2.0952898278114 
-8.7604825983348 -1.4966483136818 
-8.2682415889519 -1.3043161064553 
-9.1952288728675 -2.0729304036375 
-7.9386123913596 -2.3623766117187 
-6.7844698189723 -2.1773666222064 
-8.5117986324365 -1.9425775743397 
-8.4238596913092 -1.5886526914717 
-7.3515012250124 -2.8137483549652 
-6.9621746160634 -2.0898741309509 
-7.5523328759841 -1.0473110223618 
-7.4396068140408 -2.1210215684655 
-6.4842824927033 -2.0632128511312 
-6.7226939205463 -1.2034673320399 
-6.9183202001167 -2.1189508162657 
-7.2547499877651 -2.5558625927913 
-8.0551789076094 -1.2703660498444 
-6.3418354045147 -2.5608678678155 
-8.8385109430831 -2.8066243519154 
-8.0107008056404 -1.2423226923673 
-6.9079718582614 -1.441751617036 
-7.2923428645396 -2.322918802539 
-9.0952861912912 -1.5882588751026 
-6.7692861190453 -1.7656610382175 
-7.752569000407 -2.2808528450438 
-7.2042830819684 -2.3970434155132 
-7.5198442398026 -1.4650134627623 
-7.578184207719 -2.3627332549795 
-8.1883475011531 -2.6450883144433 
-7.4193849365344 -2.4331336136871 
-7.7486899677285 -2.562116355272 
-6.9875680670396 -2.3111738089483 
-6.4373359688397 -2.8221131612087 
-7.5267499810736 -1.8164730557021 
-7.5665298536662 -2.681391819759 
-6.2622954035432 -2.5354589751257 
-7.2454123180524 -1.9475581955364 
-8.6397728306952 -1.2716418942625 
-6.3187688718436 -2.676913178527 
-8.1866033243986 -0.9923992135778 
-5.9701702650164 -1.8228913416659 
-9.271663380224 -1.8688272194426 
-6.9075574224022 -2.58245931798 
-6.3760395883175 -1.4485523935076 
-8.7953306964086 -1.5971633509137 
-6.1254422317752 -1.4175446424534 
-7.6660170893024 -1.6816909752185 
-6.2003497816605 -2.2527948730195 
-6.6701556234409 -1.1327050792937 
-7.4285968407277 -1.0337244957178 
-8.6917971514328 -2.4060949925114 
-6.9209686393116 -2.2441083038741 
-7.7704489631471 -1.0250176788083 
-7.1232857730916 -2.0107414379064 
-6.7570504823279 -2.0331268459685 
-8.6677635017028 -1.1116820884769 
-6.4464276243475 -1.8830177085503 
-6.2902153938165 -1.2181905560562 
-7.7062762606342 -1.3894574166867 
-6.7441091156794 -1.2359104527187 
-8.3191651238398 -1.1754315665767 
-6.3076954910547 -1.0866440176664 
-7.4884544750934 -2.6090978956558 
-7.5190866107143 -2.1799809936631 
-8.7272529438742 -2.0487789284184 
-8.3508786902426 -2.3072127501719 
-8.4189101354106 -1.9154414061219 
-7.2235865592782 -2.3121555215561 
-8.0059395157837 -2.1699537143172 
-7.5070905379609 -1.0304764994478 
-7.8092198548408 -1.608576789634 
-7.8788986522457 -2.1190712924866 
-6.0469562998874 -1.0603722228368 
-7.1772055620241 -1.5221950956378 
-6.0546719494756 -2.1167408243088 
-8.8549757492623 -1.6285478429404 
-6.0182762540357 -2.3910733293789 
-7.7034156886687 -1.5907768052169 
-7.4756820388912 -1.6053295644673 
-6.8021085698936 -2.3377193891003 
-6.6050975034674 -2.4136002305981 
-6.7602453675671 -1.2885536542198 
-7.2105602250742 -1.048359494438 
-7.4724263443352 -1.5886113581998 
-8.9697177883339 -2.2914691135114 
-8.0170645028417 -1.284746712189 
-9.0293872507921 -1.6729808142322 
-8.0126521873194 -1.8068475605728 
-6.7554459017012 -1.095729903769 
-6.6111353137328 -1.5992714044613 
-8.9250855526422 -1.9170806841174 
-7.521751143918 -2.4172565479234 
-6.7946300658789 -2.0267741200066 
-6.7801117932619 -0.98136556330948 
-8.4411228749907 -2.4886573679073 
-6.2921538085501 -1.1202058323095 
-8.3810049123444 -2.605786626488 
-8.7442797045703 -2.1461446953897 
-6.6175174400583 -2.716985722128 
-7.6466037742985 -1.2320620027956 
-6.4475074485955 -1.2338574523337 
-6.7603278863833 -2.7767312561427 
-9.2232715293021 -1.0967428212777 
-6.9824030287925 -1.373191824156 
-7.2246133436568 -2.7267321338038 
-8.339751600111 -1.9257588018105 
-6.7563568479043 -1.4179874250726 
-8.5433606109687 -2.6057665423202 
-7.0796192572638 -1.8119082641659 
-8.1343138867653 -2.7331590179116 
-8.6474963032358 -1.4479293727286 
-8.1580841756052 -1.3812341185542 
-7.6261140389035 -2.5275423419768 
-7.3240811568599 -1.4108403330195 
-6.735092873662 -2.3691595027733 
-8.1463032963859 -2.2472985526913 
-6.5992342781957 -2.0310025911781 
-6.4330834567883 -2.5833748514465 
-6.5947242986895 -2.7768637947972 
-8.2210899133984 -2.1291812007699 
-7.7940936416661 -1.5353261663776 
-8.6684431746495 -2.6320651413741 
-8.2406359447047 -1.0185789371994 
-6.949007532647 -1.278353250515 
-7.1535214644897 -2.3502664111645 
-7.2708207505523 -2.3604116017414 
-7.2908253557517 -1.9963021115715 
-6.9398496686028 -2.512422693578 
-8.1020639751672 -1.0347569390973 
-6.8258261405161 -2.5116157781799 
-6.3560647603443 -2.7350183826595 
-7.5193172191956 -2.0227089732562 
-6.8141117139644 -1.6905928811496 
-9.1514872742047 -1.6466468623349 
-7.1441093686415 -1.9206396529237 
-7.2282971118971 -1.3943916703454 
-6.5291645086162 -2.7494770905052 
-8.9579212649642 -1.5427733271178 
-7.5162582677994 -2.5904155528521 
-8.2340757976822 -0.97325733820067 
-7.4417943259958 -1.4373386496912 
-7.5278759446349 -2.7712464385238 
-7.7579411121994 -2.4966891694171 
-9.2636727428085 -1.1782524227853 
-7.5452743212306 -2.7551147741145 
-6.6892592146186 -1.7399273087789 
-8.5354629607522 -2.1993441751711 
-7.3543113558129 -1.0307455287593 
-6.5852999473472 -2.3905804302364 
-7.0592712256303 -1.9111387518529 
-9.0775550749547 -2.0803705640046 
-8.8121845285294 -1.4011959978382 
-8.5637272941462 -1.9864793842333 
-7.1629246458027 -2.7889222425271 
-6.0808609281639 -1.5023496770406 
-7.8588237148299 -1.1561714773518 
-9.0199218944943 -1.2773648894831 
-6.4926005709878 -1.1250426595487 
-7.4309657751702 -2.1958014133515 
-6.3402701970553 -1.1569928797913 
-8.1957957496892 -2.6779390101444 
-6.0875890958118 -2.0986707615783 
-7.5215425974546 -1.6167527457513 
-8.5403102949531 -1.5738792143132 
-8.8381267255949 -2.5682522755459 
-8.6487223526564 -2.4933534314469 
-6.2162111241505 -1.3290116984232 
-6.7790820938847 -1.1909323295451 
-7.9569585401825 -1.7750749758487 
-6.7496071871098 -1.554598823394 
-8.4984717788342 -1.4664541618942 
-9.2049643106454 -1.8922142556869 
-6.4021777257473 -2.8344481929999 
-7.0729416174065 -2.3346019654949 
-7.3902977893431 -1.0948420895865 
-7.5882714291997 -2.3165699508023 
-7.8154808642462 -2.3362163223483 
-6.9564255320792 -1.2731555964511 
-8.1701849297581 -1.3444011000826 
-7.6721814148545 -0.95406940289532 
-6.9277242688469 -1.0451287351026 
-7.4112254638103 -2.2041674287818 
-7.0616100632924 -1.9016002303352 
-5.9433995233027 -1.1389180813545 
-6.3780860298721 -1.7875827646833 
-7.1282037371672 -2.3894316008534 
-8.9284911595409 -2.0652161789075 
-8.2569520405984 -0.95642918731869 
-6.8024697319723 -2.017355875783 
-7.9875451119695 -2.5935856893669 
-7.0746774542508 -1.409611359248 
-7.0315725427742 -2.2855062141323 
-9.065997525234 -2.8901178074414 
-8.5455556942964 -2.2328525677774 
-5.9913853980083 -1.2920373843684 
-7.6787543811697 -1.5316151501913 
-6.3324590976452 -2.481033404486 
-8.7628745708371 -2.6199211711547 
-7.3245336627963 -1.4178353075917 
-7.6117611178949 -1.3192899973238 
-6.689372165521 -1.7941981460529 
-6.6743157240731 -1.3949760344366 
-6.4589681751375 -2.2772083781259 
-6.4179657966273 -1.7579135931676 
-8.3715089677868 -1.1053091585763 
-8.7378468438618 -2.1814418127118 
-7.7986405779272 -2.0597901004662 
-7.778957158874 -1.0479947085147 
-8.755529833822 -1.2003416089316 
-8.2347460042975 -1.1785642643848 
-6.6208170902987 -1.5881495796929 
-6.0010366197755 -1.5072899281201 
-6.1881143952141 -2.4662317643669 
-8.7650104813505 -2.4526770984228 
-6.2842709052788 -1.7537287482928 
-8.9431885598824 -1.0193962352018 
-8.2320633682724 -2.059119601914 
-7.6931775897904 -2.3483608641108 
-7.2647801976337 -1.3764463784093 
-7.1698261094492 -2.6160651025423 
-7.7198788674767 -1.3519653555471 
-6.979395484676 -2.1583356386708 
-6.6520855106121 -2.2773890658159 
-8.637586034483 -1.36838687208 
-7.4131269882041 -1.8410808139666 
-6.5877206930122 -2.7051229049112 
-8.2635086161537 -2.4686869801011 
-5.9455629762214 -2.2553301453714 
-7.2991834085883 -1.5611425233762 
-7.8935622123511 -2.3847680077938 
-6.749773699848 -1.0763041197747 
-6.6025649377747 -0.9605614926517 
-8.7170544955153 -2.4274663829886 
-8.3390175386101 -1.1516624401208 
-9.0438022963639 -1.2326724219821 
-8.3267910622138 -1.4079556717584 
-8.5539344420319 -1.79412412112 
-7.1413471561237 -1.4093195437093 
-7.8359582252942 -2.4774553789196 
-9.0153373183737 -2.3368715682576 
-8.7479602447906 -1.5988847769925 
-7.7433810149939 -1.2313006892298 
-7.4332146856409 -0.98067832980833 
-7.0023354660977 -1.5213282257291 
-5.9632147094022 -1.0391962462245 
-7.3825555568007 -2.1105704168297 
-7.075292324621 -1.0347414647825 
-7.2763829265074 -1.2047856720736 
-6.9140241989005 -2.6455045076635 
-8.9324588995604 -2.2578268633826 
-6.66051002859 -1.5130615420316 
-6.2267629548786 -2.8106450667661 
-6.6128133414704 -1.1594199624741 
-7.3109450803768 -2.2792000082107 
-9.0945891129589 -1.1973500009693 
-8.400576356286 -2.5849713659612 
-6.0408597635091 -0.98071812039848 
-6.6988378061374 -2.463372623376 
-8.5489471497367 -1.5244849038986 
-9.1236174514924 -2.6939398093768 
-8.9859941264687 -1.71697300508 
-7.592306433458 -1.3282243927207 
-6.3140166134962 -1.9860627329419 
-7.4763990324179 -1.3237908435108 
-8.4815028542597 -2.0764519739829 
-7.1731765599361 -2.8881428891372 
-6.1775179620104 -1.1879402054865 
-8.4341277400302 -1.6517005492 
-6.1069963745902 -1.053827138776 
-7.0138855331207 -2.3220257321323 
-8.7099134633933 -2.0997400581905 
-8.0033810072567 -1.8138991374262 
-6.9567192625908 -1.5562811326521 
-8.4441286198096 -1.4074378654974 
-6.3175616945392 -1.102547048895 
-6.4794223015684 -2.5573515656234 
-7.2209875437858 -2.2275265079176 
-6.317103693821 -1.0383124787975 
-8.6784013776556 -2.6153256789585 
-6.4090957838693 -1.6626734049182 
-7.8073483873244 -2.2832635670808 
-7.4211530618002 -2.3532551903659 
-7.2817924933622 -1.0145150554495 
-8.7773495373096 -1.3535933130766 
-8.8421835547036 -0.95788918676781 
-9.0997508089575 -1.9561704720198 
-6.1385156448975 -1.3857488859993 
-6.6792962216379 -1.3494760201466 
-6.8822618478399 -2.8883097577008 
-6.9732680041383 -1.0266599388935 
-6.5600422227276 -2.490101150488 
-9.2757598449877 -1.4766552233289 
-6.9310362094326 -2.1872561157736 
-7.9124626922337 -0.995749726154 
-6.1513934115594 -1.4683074499073 
-6.977711624265 -1.3162751449658 
-6.9189246469257 -1.0683620655894 
-6.8185006394611 -1.2281943405109 
-8.0555598791694 -1.9236232803373 
-7.9691884007563 -1.0996226244281 
-7.0562712945685 -1.6942041601817 
-6.518606183295 -1.8079212221441 
-7.4731144124159 -1.8623405374211 
-8.8462875948185 -0.99424619074031 
-8.5243548501395 -1.0888429842179 
-7.9062486943151 -1.4208541283419 
-8.9104701415489 -2.8571028502877 
-6.7170761703004 -1.8443589609258 
-6.6003753228054 -2.3416964876805 
-8.5408832520818 -1.1798993049409 
-7.6818441377367 -2.4892090532108 
-7.4290042200503 -1.7675172088385 
-7.9493603629169 -2.6681818266301 
-7.7522024687004 -2.2797040788905 
-7.9345832467418 -2.3012858590032 
-6.6271360010851 -1.669305429099 
-7.4531334371521 -0.97447901778659 
-7.0858547927231 -1.0563065878146 
-8.2193263767239 -1.2930715151742 
-6.1775547262423 -2.0427889771178 
-8.9712507925576 -2.399338409222 
-7.1328020822878 -2.5544530881215 
-6.9038163516715 -2.2727256373462 
-7.7120470551587 -1.5082280111683 
-7.0913012660932 -1.5786541370541 
-5.9514662107418 -2.2026238033686 
-7.0177810110007 -2.366418221859 
-6.6015251031501 -2.8682815982596 
-7.5027035727921 -1.6032055903154 
-8.8993853524518 -1.6494055730491 
-6.8344520438357 -1.8988585436091 
-7.4285995463389 -1.7413692348365 
-6.4263902442354 -1.5940900485054 
-7.0426447458539 -2.0299420843648 
-7.2673663043275 -2.5819247239661 
-8.7602206272746 -2.8518950263202 
-7.963903132511 -2.4449542118464 
-6.5077279378986 -2.675201163904 
-8.5719458395162 -0.96206024682459 
-7.071075555132 -1.4549072721931 
-6.6244846379767 -2.8146521313683 
-8.4583794272281 -1.0638648314735 
-8.1178682901695 -2.8135967705428 
-7.8236154139496 -1.1305504031478 
-8.3645003435519 -2.8184686975815 
-7.3206496738447 -1.34579168358 
-7.2627970525236 -2.3942019048682 
-6.0754140439306 -2.2665458335584 
-8.6123186580435 -2.0027845659214 
-7.2444354492854 -1.562363585396 
-6.2338427758198 -1.3161486764381 
-8.7786037602602 -1.2254975443996 
-9.2407902637926 -2.7031145258061 
-8.5823207175638 -2.6693441253622 
-7.8053660272134 -2.7798177468804 
-8.8516339584679 -2.6445539488815 
-6.6317574272652 -2.5697495908396 
-9.0443712496254 -2.1281791144389 
-6.3327218824704 -1.6878645083094 
-7.9094523631987 -1.1051711795661 
-6.6793946542035 -1.3200047717146 
-8.0649643723308 -2.8450236832256 
-6.7348694467924 -1.162622552466 
-6.0049719754367 -1.0772991588559 
-7.6668524501863 -1.7319731576599 
-7.0492785163273 -1.5311908873351 
-5.9493222640688 -1.8734513663219 
-6.1155479683972 -1.8798124450621 
-7.6763200473919 -1.361877251665 
-6.6160018600423 -1.379250769963 
-6.7398121269331 -1.0249790165441 
-8.7913380143373 -2.4437284779883 
-8.2303812888088 -1.9654080619888 
-6.3106367462957 -2.7187392656832 
-8.0720951113418 -2.440229044087 
-6.5909748547296 -2.7579140328902 
-7.2512874073127 -1.9423721497139 
-8.5171086240798 -0.94817742871233 
-8.9588287070166 -1.6325456677134 
-7.8658360787531 -0.95377589966483 
-6.5210920594898 -2.5984520262173 
-6.568757615573 -2.2006729083107 
-8.838103636396 -0.95408076891054 
-7.0326154817894 -1.720324938654 
-6.3773152117772 -2.3490245296265 
-6.1771786457023 -1.7587644879429 
-7.4742805048562 -2.8087917721048 
-6.5577072752356 -2.7245496649944 
-7.5564161933428 -1.0402374387998 
-6.9949171680945 -2.6559083602295 
-7.2630203537108 -2.1603071690159 
-6.8399438407704 -1.0074480858612 
-8.3912416164623 -2.3820041274136 
-7.9602004102435 -1.5501486973449 
-6.4665236439413 -1.0131810690362 
-7.5615925504532 -1.3879792817164 
-8.9110101400813 -2.0976008518866 
-6.2025810330121 -0.97853649346606 
-5.9629219159736 -2.4284620080601 
-8.8800671922431 -1.3274556766845 
-9.229490343057 -2.2463553987184 
-6.762858787778 -1.2420559440155 
-8.0415093718843 -2.8699737412912 
-6.6096088077158 -1.23145862841 
-8.6832556224069 -2.4552728747163 
-8.6704273605533 -1.4136480677615 
-6.5684011131482 -2.491419310967 
-7.2743397416348 -2.6802704963325 
-6.1221354074614 -2.3072371259911 
-7.4900549092 -1.9852880607049 
-7.5243936855885 -2.6141928621509 
-8.8511590152981 -1.8587441239663 
-7.5033108433622 -2.2603523563013 
-6.4331704223181 -2.7177313116442 
-9.2672008086036 -1.3387464755352 
-7.908923677632 -1.020605286887 
-7.0606003264217 -2.6228593655928 
-9.2313483791787 -1.7269719530156 
-6.9322967914652 -2.2751587134793 
-5.9617807269332 -2.766821448932 
-8.947820146083 -1.2567869930495 
-6.4488112764578 -2.6236755739518 
-6.873165069939 -2.7538813748971 
-9.0883844007818 -2.1312995394369 
-6.1128134745847 -1.6105248959151 
-9.0883301084361 -1.7021620962679 
-8.6987731918674 -1.1286216941175 
-7.4602041122591 -1.32394358579 
-7.3354645245775 -1.2385582897344 
-8.2610475057228 -1.6163856885258 
-7.1624074082332 -1.1092344413977 
-6.083714512447 -2.0938011528398 
-6.2106659188963 -1.0952228313125 
-7.5728133935494 -1.1581568377853 
-6.7943873605882 -1.7605249749269 
-8.3105982936868 -1.0297694316186 
-7.3463235667156 -2.2801494532621 
-6.2399536875463 -2.1892055629385 
-7.3821383137254 -1.2876976626573 
-8.3278362142403 -1.7355236480769 
-6.0583803474292 -1.2708907571981 
-6.1594599615605 -2.5386102944632 
-8.1765713712645 -2.8292703434618 
-7.3257879657487 -2.7082021269812 
-7.0321555760979 -2.8033727611137 
-7.8529333029594 -2.8622329301047 
-6.5557875727623 -1.0023163392336 
-7.063499260535 -2.3598324653631 
-8.4686236412629 -1.2588636829653 
-8.2716731081598 -2.7018018711984 
-7.1380180891178 -2.8118936184828 
-6.2660778491025 -2.6008989888413 
-8.058261069759 -1.6206372099862 
-7.0233265973997 -2.7618106647052 
-7.7407033015928 -2.5574793616859 
-6.5778116349338 -2.0825059547732 
-7.7722234446772 -1.2134412654532 
-8.2204390853872 -2.0414874964031 
-8.2928287398499 -2.4117958862495 
-8.920048232341 -1.0790190012285 
-7.3626600463489 -2.7661045445931 
-8.7273022973425 -2.6981333077662 
-7.8026779383674 -1.410285252332 
-8.4077139709804 -2.6072499540485 
-7.0688123968126 -1.7615252881368 
-6.8402300151948 -1.2276605373386 
-6.5440842340313 -1.3607506309178 
-8.0416232154138 -0.97804250128449 
-6.2895040275588 -2.8507971962768 
-8.0829139469643 -2.0965962776165 
-6.4770559117552 -2.2502058508196 
-7.725783130708 -1.7264388656861 
-6.2442489292218 -2.2510929373183 
-8.0114798045741 -1.7483289492639 
-8.2181163107589 -1.1051701424296 
-8.8569840136076 -2.4158228766431 
-6.2382958049834 -2.6472854437606 
-8.1810655822318 -1.8420091779371 
-6.1411423909481 -2.7215863514905 
-6.7476817983913 -1.6625001694027 
-8.5456724412909 -1.9208437542942 
-7.783056664072 -1.2053537865948 
-7.6377885318083 -1.0645560486858 
-6.6574102726694 -2.1444268387366 
-7.4040816508897 -1.959921336889 
-8.4169253753852 -1.1124952919259 
-8.0007048818347 -1.8988915070212 
-6.0662426825255 -1.1088772319935 
-8.8139424966904 -2.1082298019784 
-6.2090965248919 -2.6725421389401 
-8.151211030984 -1.0713151025195 
-9.0749278075757 -2.4341396427951 
-7.2108547590614 -2.1684156113368 
-8.419171963531 -1.98146600868 
-8.5058415130514 -2.1086060773667 
-6.8567714208579 -2.1511989174749 
-6.5345085639502 -2.4530127207852 
-6.4227591863326 -1.3732886338103 
-6.9325500505586 -2.8656909911213 
-7.7248035014873 -2.8230383551009 
-8.1236509265211 -2.1823090648162 
-6.5036953084749 -1.7270385269152 
-7.2238542431787 -1.1197824208194 
-6.0309811493644 -1.8462799536454 
-7.9376562189482 -1.6639552430916 
-8.1172108003283 -1.1382331202063 
-6.0539881150891 -2.8627620783345 
-8.9695800988823 -2.4472535835382 
-8.9765287792802 -1.1689354237218 
-8.2576628721367 -1.9134968763 
-7.4678679123566 -1.4057293702691 
-8.403577678731 -1.5147075145397 
-6.2374482960034 -2.1787814772262 
-7.6616032304688 -1.938662767243 
-8.6488356982399 -0.95916816022386 
-9.0948608034165 -2.2060857098473 
-7.2374981382529 -1.4867167123839 
-6.7166795638628 -2.5988140895945 
-9.017156410937 -2.6632625201721 
-8.9901052045989 -1.6257698455055 
-7.8031797704726 -1.8316410256643 
-6.922588085604 -2.2094115507081 
-7.4084607020368 -1.4659404591 
-7.3324229624312 -2.1826865488345 
-6.4072103890059 -2.8615678455878 
-6.4462760683114 -1.732549666299 
-8.157476457695 -1.0321842789222 
-6.1759069520485 -1.2493395800555 
-7.7275521841395 -2.8187036805263 
-8.9997863629347 -1.0037624330745 
-7.7507886234583 -1.7588435432199 
-7.4659503584163 -2.7832021155773 
-8.4373774992397 -1.1126686426138 
-6.2514496834 -2.7956022627021 
-8.8179187008379 -0.95568038673236 
-6.7387685948705 -2.4058821083977 
-6.3615846321321 -2.2765602383684 
-6.4654938313993 -1.1382610656511 
-9.0488904212281 -2.3325913599938 
-6.0716664794799 -2.1345849415386 
-7.5372355856502 -2.1415008603639 
-8.6364145269239 -2.499655638582 
-8.306176531469 -2.4880793667451 
-7.510070328936 -1.5019772086258 
-9.0465193303094 -2.7874570234508 
-6.0434226474698 -1.3135118452479 
-9.0306362046568 -1.2497881113643 
-9.1390866117477 -2.8731904060098 
-6.2309014857455 -1.4465628045165 
-8.7224889466449 -2.4666023921516 
-8.4486278585843 -2.1944768437002 
-6.4123772771317 -1.3851438841977 
-7.7095705876999 -2.697093546797 
-6.0392604285054 -2.385257720202 
-6.545060408024 -1.3814192148155 
-8.8350806343093 -1.3459136541376 
-8.4414954118407 -1.9054431247415 
-7.295925061326 -2.7440622693669 
-7.0642024481027 -1.423111495606 
-8.7148786293681 -1.5857045117756 
-8.3084980466773 -1.7208721028425 
-6.3761144771081 -1.9148301057745 
-7.4505332912284 -1.4230319650265 
-8.5215391125278 -1.1753094399184 
-8.6049537439107 -1.0374285400563 
-8.1924890220364 -1.2919973432869 
-6.1787239604485 -1.1175182405169 
-7.6909509163943 -2.611049998589 
-6.2812812918403 -1.5210384986263 
-6.6795364858128 -1.6637504450725 
-8.6768683756034 -2.1435044360961 
-6.2561689328294 -2.4916346888457 
-9.2548970685332 -1.7013298082959 
-7.3993817628401 -2.2238552183105 
-6.4850561862967 -2.7821211266805 
-7.7378348896056 -0.99839722056628 
-6.1247782622393 -2.7259302673271 
-9.1213605015363 -1.9874195367247 
-8.1724907235775 -1.5991022679253 
-6.3639870470607 -1.2045533581161 
-7.7783293226324 -2.2073406025833 
-7.1761381288184 -2.0986925242907 
-7.2019100065775 -2.4154293050793 
-8.1705990278899 -1.9765469925515 
-8.6424956706344 -2.3004598430329 
-6.5012715056105 -1.1256750743653 
-7.5458124954134 -1.9211805849304 
-6.9721442876715 -2.8533131357589 
-8.0761334028015 -1.596874470589 
-6.6274314595953 -2.4594348370623 
-7.7979559427952 -1.9320420558396 
-7.0175059655313 -1.3682144497512 
-7.5296910097763 -2.546413764644 
-8.452553526445 -2.3897923183261 
-8.3659709302026 -1.9719200366594 
-9.0842255417514 -1.1402273309409 
-6.3689774395064 -2.6297418605941 
-6.1495334222509 -1.2641409587668 
-6.9980413945582 -1.8478310009785 
-8.5862645299976 -1.4871180649688 
-6.8126309786279 -2.3221979946902 
-7.0726434456329 -1.6093858735963 
-6.0157705540324 -1.9651246635414 
-6.5604061090164 -1.0365871189682 
-6.5646118377009 -1.560751976825 
-6.5171070773337 -1.4014420657902 
-6.61189835577 -0.95442009884537 
-6.2036864218596 -1.3412617053356 
-6.2054581398487 -1.2107686875953 
-6.1183388227967 -2.5484523695722 
-9.0201288070408 -1.3569494414789 
-8.8523934238508 -1.5528045826159 
-8.4543707690747 -2.187378463466 
-8.2760034354006 -1.5909094020737 
-6.8447781910906 -1.2785947333935 
-8.7194854920322 -0.95433997443382 
-5.9984698250832 -1.7041655091549 
-5.9575927777604 -2.8147882097741 
-6.9932160097831 -1.9404200379574 
-6.4194004965491 -1.4150969326515 
-7.970545726379 -2.6142096561975 
-7.9268346475298 -2.4646649683913 
-7.3646504689536 -2.0749035965997 
-8.9446024892285 -2.8220405284021 
-9.2393260802282 -1.8000895018576 
-7.7471846440941 -1.9558509707448 
-6.9582084037268 -1.0742996621701 
-7.6798057319555 -1.4772880801564 
-8.248544860241 -2.0967406553169 
-9.259612125744 -1.706673616915 
-7.3960878978616 -1.0658981815415 
-8.7152373506429 -1.8591199821492 
-8.6083346507407 -1.7868150195766 
-6.2416356275067 -2.2827200979766 
-8.5354156110051 -2.2123571044965 
-7.6450496129737 -1.0310132083272 
-8.2584524096992 -1.5906796185715 
-6.1114669145228 -2.5360499944291 
-8.8671832887993 -2.5846134338064 
-6.4687285359154 -1.0452131097874 
-6.2561927239002 -1.9792084482628 
-7.6650526535038 -1.7727433026086 
-7.7320984720973 -2.3005789700512 
-8.5005643260755 -1.4549501943645 
-8.2749658090578 -2.8005318514725 
-7.5445412286651 -1.8299990310787 
-8.801526830291 -2.5149035138689 
-8.9886787279749 -1.573299154704 
-8.1382494021532 -2.8393573284154 
-6.8709392914692 -1.2553354939485 
-7.896352640736 -1.4518594047299 
-8.9058967897407 -2.7551884171625 
-8.6474109032331 -1.9731673661202 
-7.1795776661619 -2.8674096511926 
-8.5991525860262 -1.629823626099 
-6.9381186554126 -1.6920567212719 
-8.0821492966969 -1.9260334237029 
-8.0587393240598 -2.4550617783562 
-6.3573498270283 -1.6358418302381 
-9.1937653697805 -1.9699949521157 
-6.6943975878252 -2.5851724194284 
-7.1101268792251 -2.7854299041462 
-7.6443214606028 -1.659336331845 
-9.1389025243901 -1.2617591992125 
-6.617968946506 -1.7438242197869 
-6.2592351959548 -2.3527375373727 
-6.3133211357828 -2.3274115460486 
-7.7379137010426 -1.7405913336483 
-6.9830047683242 -2.5573220646104 
-8.8481410636681 -2.5171276283381 
-7.1839563727725 -1.2995177790531 
-8.7051249652951 -1.0504736827946 
-7.4418055825326 -1.0008155281727 
-8.9987468159925 -2.6339440241414 
-9.0957795550418 -1.1564795769863 
-6.6678450602986 -1.1036234366333 
-8.1166398508526 -1.5128172954606 
-9.2243534652153 -1.4228167432141 
-7.5728694702181 -2.890578482462 
-8.3775194529613 -2.4786470788259 
-7.6785741855951 -2.8700373764734 
-8.7584401307226 -1.4464508113702 
-8.4022661366649 -1.6474510997842 
-9.2423466147041 -1.2821956449767 
-6.0038599028257 -2.2217158163781 
-6.4108839766853 -2.5885039355527 
-6.0879348914933 -1.7078125135902 
-6.8346110521319 -0.96799579987513 
-8.3141207575074 -1.0285997084735 
-8.150680334 -2.1238143301976 
-8.6344947933077 -2.7393993576356 
-7.6032333016516 -2.8839473472459 
-7.0362892419768 -2.2585168470452 
-8.2291555235398 -2.4939595319853 
-6.0781068535597 -1.818870660833 
-9.056643775448 -1.5311324122293 
-7.4146251084927 -2.5220723377967 
-7.8841542946718 -2.5508895382143 
-7.4112825520102 -1.5617402284276 
-8.911590313437 -2.7216696146789 
-7.770907635477 -1.0830829628551 
-7.4758460168742 -2.3683256958899 
-6.248426085259 -2.7500567909639 
-7.720869058823 -2.5197048534313 
-9.1044643954034 -2.2949202500446 
-7.2800495752442 -2.4675835601272 
-6.7641039193707 -2.1566076827186 
-6.1500658988049 -1.3729230167743 
-5.9767401143404 -2.4427304410003 
-7.9469049479568 -1.1968970630284 
-8.1095266652572 -2.8628171060489 
-8.0019289862622 -2.576551936264 
-7.5186124793296 -2.1388934589984 
-9.1131085531199 -1.9544746216684 
-6.7347350214291 -1.644489987591 
-8.5267491441441 -1.6991020177383 
-6.9140691846972 -2.660088622823 
-7.8299115638207 -2.7407022083059 
-8.1864641341124 -1.2809556444028 
-6.0798134801231 -1.0888255599535 
-8.5301189511462 -1.7394321798052 
-8.2536612230209 -1.9821183466859 
-7.178888510229 -1.9154500966573 
-8.1432830047381 -2.2713369889195 
-7.7310363689041 -2.3086371887716 
-7.9711193227001 -2.4263378325082 
-6.9667659462859 -2.2958031363385 
-8.9870217776419 -2.2689836040388 
-7.1294290420744 -1.0478018730757 
-8.8918287283086 -2.6343805472155 
-8.0715888049722 -1.4670256886905 
-8.7196848844799 -2.608408140621 
-7.4812163185474 -0.98607824349409 
-8.021080035626 -2.5740508942626 
-7.2471084672892 -2.1997179754669 
-7.7295481592743 -1.1728666507755 
-6.8189824493405 -1.4796851474414 
-6.1124165622343 -1.6944502694635 
-6.7397574479749 -1.174169368327 
-6.4408521876603 -1.0758941517836 
-6.4664108622906 -2.1968204749978 
-8.6282515685746 -1.2418152612087 
-7.4670857616237 -1.3718131798019 
-9.1344463813042 -1.8238629271201 
-7.5156305055034 -1.3307143828452 
-8.0683618408094 -1.1891279965089 
-7.0813413993222 -2.7101279546252 
-6.7294670974267 -2.3388995261687 
-7.9705220024602 -0.98271266849028 
-6.200359456643 -2.3743577504832 
-7.6463136235265 -1.956269159184 
-6.4016715115758 -2.2638812865935 
-8.247607367078 -1.1435826969761 
-6.6707835965514 -2.5779707847524 
-7.0634993791777 -1.9025645840852 
-7.3105645391074 -2.8904225652542 
-6.523044370207 -2.6107104217903 
-7.2224781501067 -1.9086851083192 
-8.517483055244 -0.99769753268502 
-8.8272074770087 -2.6473487630244 
-7.2803406879738 -1.9250391918202 
-8.3163047214067 -2.3183001691359 
-7.1914385997759 -2.113575047335 
-7.1208907987527 -0.99557283318006 
-7.1847073697263 -2.6097028184257 
-6.6774654328952 -1.3003013918524 
-6.2659124511263 -1.073593778579 
-7.8041321689932 -1.8234341564419 
-6.90269139392 -1.2535904096872 
-7.6873203951453 -0.96812313988012 
-6.2355733852286 -1.4446074374296 
-7.4537018873974 -1.9855479823132 
-6.4025798346801 -2.531473394797 
-5.9998901937493 -0.99127736265344 
-8.5140215143954 -2.3995132645441 
-9.0153739921958 -2.112925381424 
-6.6402745959174 -1.4034546352299 
-8.8213629211306 -2.1724484836617 
-7.3109780083787 -1.3906310708834 
-7.9812433454511 -2.3786010840509 
-8.6537544580405 -1.4573431897854 
-7.6124804710915 -2.0159556085021 
-6.0807160171055 -2.2155893105743 
-8.2173420839434 -2.1686303974736 
-8.5519905060486 -1.9920144211753 
-8.6745399045273 -1.0106460694281 
-7.29835928154 -2.5725445900204 
-9.1810853810976 -1.520536651513 
-7.2688440294653 -1.8912880779032 
-6.4491163557043 -2.8129798078564 
-6.6297857049301 -2.4818773837844 
-6.8274650598526 -1.2657563644498 
-8.3163114855125 -1.3488312278423 
-6.0031474944472 -2.0092338905449 
-6.0115451478917 -1.2796474097553 
-6.7563139781791 -2.7222456208434 
-8.53701989576 -1.4903133884954 
-6.6468150381109 -1.8890247031725 
-6.2119131650445 -1.5029189073665 
-7.8828093442695 -2.209573843966 
-7.5146861076763 -1.4722895255381 
-6.8196793453186 -2.1088936346173 
-8.3222105391914 -1.2318284732658 
-6.5964723227445 -2.5952040443505 
-7.0063886271861 -1.8288305925937 
-8.98964342044 -1.6458767829732 
-8.5212660414792 -0.99559576780792 
-8.0021878552227 -1.1541392996947 
-7.0366233747446 -1.0279258517774 
-7.5808733881367 -2.7399390682872 
-8.4574117483494 -1.6346439499426 
-9.0125353920439 -2.8656852207513 
-5.9633196764475 -2.8221624991135 
-8.5906552274445 -0.98487077414639 
-8.7999925833377 -2.8124089989709 
-6.375465950284 -2.4418383714956 
-7.8634310340352 -1.1750475823607 
-9.2296366846471 -1.8134781583657 
-8.7263656923552 -1.1790947743019 
-8.0036048328753 -1.3228722583434 
-9.1959034940978 -1.0330730655847 
-7.8977219349009 -2.3322007004057 
-6.1584324123417 -1.6847474521798 
-7.8678476894033 -2.6441037171942 
-7.2349440010891 -1.9584482183261 
-8.0506609355991 -2.1114325490167 
-7.4423493907752 -1.9083894147567 
-7.591599380706 -1.7088157070862 
-6.7227420078977 -2.257704676315 
-8.6580310385038 -1.5598123097056 
-7.2491106228511 -1.3363167456045 
-7.8025839655572 -2.6849071397232 
-9.1625838807569 -1.9029541199201 
-8.2012782311807 -2.6709235745144 
-6.0842962609887 -1.9819624696023 
-6.086857671142 -1.4325530927556 
-7.3778522137992 -1.6804633289628 
-6.3165220644591 -1.0497413388621 
-7.0510201761979 -1.6948605387172 
-8.7734646942467 -1.4780003078143 
-7.1005472446394 -2.2373036675444 
-6.9102079296253 -1.784898280857 
-7.6196339314761 -1.1219443951978 
-9.0298978229685 -1.5158598882365 
-9.2212300156096 -2.7020865223015 
-7.6906451128586 -1.3807386110879 
-6.8113428383805 -2.0637688111538 
-8.3912790582172 -2.4455907076156 
-8.8248376197589 -2.5876435493892 
-8.6683767439792 -1.7789478487147 
-8.2278665993704 -2.7695878736694 
-8.1204113279797 -1.8637962465311 
-6.7736997179095 -2.4513614242332 
-6.7708377676552 -2.2190807396016 
-7.4808394074579 -1.0008597119851 
-6.2270488392657 -1.4199931946438 
-7.6984297689926 -1.8559390738134 
-8.3405261370562 -1.439068993203 
-7.6970200872157 -1.1777538916254 
-8.5900392464196 -2.0232774055584 
-6.8085267272729 -1.075983630809 
-8.6803220444068 -1.4753520628603 
-9.2632716244283 -2.0155415479348 
-7.4309324526239 -2.2450258906284 
-6.1884252692968 -2.3535413023909 
-8.2430423325113 -2.0606800369378 
-7.9776687036834 -1.4402584704657 
-8.9577532414797 -2.1363779333342 
-6.3753505894468 -2.0520277664794 
-6.0485292249407 -2.0352400975644 
-8.7919142948036 -1.5051435751205 
-6.8786483323491 -1.4611711060269 
-6.2017801148981 -2.0756624431168 
-6.5668874783156 -1.8320148839127 
-8.0114671801101 -1.8570007483465 
-6.5093533105452 -2.1679107778537 
-8.4475369369914 -2.2555525751267 
-6.9176623487733 -2.8304433342215 
-8.6554971283505 -1.8573847190421 
-8.0489803252886 -1.9119483555371 
-8.4507360686471 -1.9569711659344 
-9.2161775276029 -0.97729399977282 
-6.6581178568731 -2.2302684675374 
-6.8612214302934 -1.6301273645254 
-7.2535484293937 -2.5716926708032 
-7.1258271135758 -1.9057638007739 
-7.4568825131899 -2.6144415399679 
-7.8686006796432 -1.5242722993427 
-8.1512669104337 -1.3394331350797 
-8.2719604636134 -1.4061046257222 
-8.0010052487496 -2.2077826790976 
-5.9458670401196 -2.8036040901083 
-6.8944757099949 -1.2698801417877 
-8.3681021229155 -2.5491759714919 
-7.3862872847439 -1.0157260343842 
-7.2135699721914 -1.9820075371906 
-7.8317776260646 -1.1043802702886 
-6.6195578777609 -2.3643526974289 
-8.5847608837466 -1.8300607787646 
-6.400796845538 -2.2984643972117 
-8.6270927963638 -2.0540592065387 
-6.0812845373334 -2.1248339131425 
-8.2694039663763 -1.9295268990721 
-9.0727032732555 -2.4278286515317 
