-18.07260255222 7.0391035959825 
-13.298683384001 6.5752576145429 
-14.619388903497 8.0338137710953 
-14.215854188491 6.4426587905757 
-15.507108848106 8.0579118293742 
-21.200868369911 8.1553396224335 
-15.717397805528 8.9007901362364 
-16.154554417212 6.7361725582446 
-13.730215701243 7.6944174197367 
-13.405293620802 6.010647344576 
-14.589584383852 6.5346976293272 
-15.623762738949 6.9801517808375 
-21.570850143422 7.9921260752146 
-15.830015373003 6.7992205121086 
-15.049772355717 8.9672583298302 
-14.107725942891 8.1801368967563 
-16.114358039879 8.6784973443517 
-15.851311739154 13.61616757167 
-15.382757035768 7.8357557819057 
-13.755244392148 10.470221237292 
-13.376342779605 9.088194411618 
-17.455250374098 8.0371222288265 
-19.562054101748 6.113044968077 
-13.243550899245 6.2814564058243 
-16.447610984499 6.2790821773597 
-17.629931158183 11.854383609971 
-15.461960758232 9.5034348178612 
-15.198873165136 7.6562318623382 
-23.20127554594 7.4122326917912 
-13.375511555703 8.2458799826722 
-17.149690880885 10.128946748925 
-15.590024509689 6.6755434883814 
-21.388629958123 7.7276584011898 
-18.6343165768 8.9025166094542 
-17.071549119938 9.2406132100773 
-22.545499795773 8.2374033697706 
-17.582670761457 6.0275702081415 
-14.384291472405 5.906551327865 
-22.332841456344 6.6156363059974 
-20.764268066875 9.2456537986694 
-13.619333050761 12.158421163062 
-19.754939252416 8.4763335557938 
-17.534203324971 6.5176720785238 
-18.354351381071 7.8199113923377 
-13.27024736039 7.6584032219742 
-21.498053155461 7.908329088961 
-19.197034579028 6.1719429804454 
-14.532175317661 9.1703764201378 
-15.714486684142 7.5006354915386 
-13.926855073683 11.237656332569 
-14.41887071836 8.1512410568854 
-14.17313176206 6.8277586595229 
-13.74050267692 7.2725894367188 
-13.422606928774 10.17697073562 
-14.215145191959 5.8868324620644 
-22.6604262046 7.2070755024355 
-13.123865883103 12.483456985887 
-13.927569218508 7.2581975921373 
-19.28707074895 6.5566982746863 
-13.33524962747 6.6862754735992 
-14.323770845151 6.8392977986108 
-19.608071482556 6.8385601863117 
-13.830407968932 7.8215113761137 
-19.800616924609 9.2080159141094 
-16.326012110901 8.6414533338692 
-19.838316271366 6.8426561121413 
-14.03061475276 11.048102765997 
-17.521377575127 7.5150106938077 
-18.740919598668 12.988273754151 
-14.407187720864 7.6203930576531 
-15.365890931257 8.1676697559185 
-15.7279395994 5.9407398422052 
-16.626954351995 9.0698961017265 
-15.351039734376 6.3534383533234 
-16.218054514424 7.0403025465076 
-20.299481470621 5.9628039327063 
-20.088968449861 6.0357037614678 
-17.073966851822 7.0733051739074 
-13.857717919429 12.100141347415 
-18.74872580115 6.0253764661458 
-23.893457020819 6.0630119266607 
-15.69986125038 11.97407241474 
-21.645951726526 8.9374216596006 
-14.279280713355 8.2930450075345 
-14.668017672346 6.8535791953441 
-13.058558732982 7.4528250083911 
-16.162945648476 7.6299511026978 
-14.472825965283 5.9616172255627 
-15.539110671878 6.5708489425813 
-17.807687029233 10.142267556869 
-13.066014154205 7.1222550582684 
-16.606373730219 6.2468766793983 
-13.577308712195 6.265341914103 
-16.797269478837 9.8036416224952 
-13.626003066133 8.1546535766356 
-15.883667205661 12.186594108926 
-24.892326376454 6.6532645896914 
-13.174182289292 5.8922955944797 
-15.073198297305 11.241890143417 
-17.228819641828 8.4668344301095 
-15.187742065384 6.4433004418229 
-15.621860963993 11.752841442218 
-17.277724029033 6.5936243794507 
-13.523170896996 7.3722122502803 
-13.686027923631 9.4442957095797 
-17.960220052479 8.4520771761155 
-17.885899709788 5.914224469997 
-13.264976445149 8.1139553268396 
-17.399118904014 6.3986051171341 
-24.5857907246 7.0767976174312 
-17.067573197538 6.4739884338689 
-17.081221931758 7.2430539828662 
-13.081848025083 10.225433789907 
-15.876900062726 9.0593350450551 
-17.633984226763 5.9940608609426 
-20.204973979801 6.5703695531077 
-16.684252770807 6.6655212496721 
-18.078651463177 6.7423576206512 
-15.708336053626 9.2646271363719 
-21.052770249588 6.9515149393366 
-15.935655791429 6.3270523093422 
-14.488975895407 8.279784036085 
-15.097312667265 6.0904951727119 
-18.023092878315 12.802541272372 
-16.80036933162 10.572638035383 
-14.321202782793 6.2216320500679 
-13.78860647785 8.5318900965779 
-16.694130716969 6.3990076646654 
-18.732874617287 5.9668838729373 
-17.885116016999 9.6041219753922 
-18.657821199596 6.3710914773086 
-19.133897638738 5.9195014346412 
-13.13789363189 7.7687962374986 
-18.742280017231 6.8945565253785 
-21.072079921826 9.0231830283587 
-15.232958085274 7.7125135438128 
-17.577620992374 7.3104778838786 
-13.924841254002 6.2940984317376 
-18.936388435123 12.138212539598 
-16.416728843717 6.6275040517529 
-17.198834198948 7.2442663647194 
-13.364742473654 6.8222503659425 
-19.531106525212 7.4225619611865 
-17.642001177378 12.014236622342 
-13.557534228829 8.2201748494823 
-15.51826547637 8.0419500981914 
-19.068891603878 9.2732001357028 
-13.371179558327 10.589494731255 
-14.03026654727 7.945416725725 
-17.602721455285 9.4625693287161 
-15.182624488952 12.18920575777 
-18.93848198519 6.3497973057881 
-17.203511974662 9.0899778848703 
-15.081742299197 6.7100488669158 
-18.386556250148 6.6959589969173 
-13.903929323399 10.286017441101 
-17.433642395998 11.951342750263 
-14.181085723388 7.2471499656278 
-15.661161545932 6.197525221985 
-20.101686502075 9.05484758506 
-15.761367020235 10.967931774062 
-13.991188941986 6.2124259981651 
-15.018701312198 10.410868459278 
-14.267274984792 13.479951229537 
-14.746025544252 6.8930785840987 
-14.073761714905 10.131562368371 
-14.142142648834 8.0700831801304 
-15.329328541925 6.5378407173213 
-15.690771336583 13.789477743873 
-15.750055509906 6.0488277131489 
-15.947983538073 10.119832005541 
-16.518842169456 7.6016445754363 
-15.314060292282 9.4813523370277 
-18.765140289524 8.3231840686098 
-15.024264442366 9.4475867667102 
-20.179683781727 8.107007280285 
-13.324936150426 12.002417036872 
-17.190163255302 7.7721525990223 
-13.987288095504 6.3328655161891 
-15.794557511465 6.7436155357809 
-13.679522860622 9.0817641947355 
-18.502646531425 7.4139907647921 
-13.269970733089 7.3802996714047 
-14.639208002948 7.4115692771444 
-18.925831521687 10.518878954209 
-16.768675715399 6.1741230151584 
-18.118226816721 8.5505074234293 
-18.423502370318 6.6875241772209 
-14.015832193722 7.9735582202273 
-13.693109744761 7.6361489574244 
-23.361102480839 6.365837385598 
-13.886624299969 7.7963260211288 
-18.400404710667 6.156180157799 
-16.285254146064 8.0727501291046 
-13.134369526536 6.9864696686678 
-13.948957022918 9.5937542441694 
-14.515212304003 6.6749957089057 
-17.749614082921 13.169183749208 
-13.443515056354 6.5167865673744 
-15.112906896077 6.5140488291732 
-16.77646038907 6.4795225337021 
-18.256764925583 8.2408345104661 
-19.75517021437 7.2913115799847 
-14.225287026907 8.0661043099928 
-13.904426442266 7.5428446690655 
-14.950315527248 7.4003871725962 
-21.139299844938 6.0285890205888 
-17.651439108617 6.8883819876004 
-20.589938059876 7.0806167523038 
-15.769471672484 9.8374761450013 
-14.543667211422 11.060833524229 
-14.606840952914 6.7105371322528 
-13.644506172073 8.8577599619805 
-17.304540028779 9.5936345268855 
-13.278226354667 8.0426997366982 
-14.758918308691 8.875128658303 
-18.213206249388 6.1373755450272 
-22.162319674641 6.3600217478795 
-14.210745259828 8.476058681553 
-13.298334667779 6.1346335716268 
-14.57636473701 5.9607623394889 
-13.413897022411 6.8498360368156 
-13.936942779831 6.2345273584761 
-14.82456640067 6.3590823824982 
-16.482315424405 6.81691123217 
-13.593674300695 7.3456603317399 
-13.724848840613 8.2469966116456 
-13.467755220707 8.5703152976943 
-14.723987269697 7.8366971157331 
-16.248505698104 6.1073518839982 
-15.765281702657 6.0317812708633 
-17.272145569216 8.4273691611149 
-20.995954600734 6.7973936263595 
-19.035572761581 5.9351370638333 
-16.904766882699 6.2059840889788 
-19.103188659508 9.3353543224276 
-16.374515232821 8.2175828678908 
-19.525624108475 6.4475318320437 
-14.371916045974 7.0733830273537 
-13.420393896727 6.9301495573307 
-13.613692519935 9.0491698485581 
-14.301957577509 6.6354804509147 
-15.149955383137 7.8881535855278 
-13.746248087761 8.4611564445393 
-15.875652335193 7.1587641081227 
-15.724311161342 6.3733324438701 
-18.919363909966 8.011591403387 
-18.541908693018 6.9476069637333 
-16.865098976771 13.366711412509 
-18.78210799308 6.9988505050577 
-14.93959621771 8.8508985394944 
-13.958815300594 7.0888388782967 
-22.742463735596 6.0969060039197 
-20.485778585191 6.0371952715435 
-15.495481441205 13.909965874839 
-14.904269810778 10.725373324427 
-16.331085132878 6.6175842636614 
-14.824429215045 6.3351628105288 
-18.636607328097 7.0143427494556 
-13.54526704048 7.5045689416179 
-15.306867636429 10.82578628966 
-13.748791575762 6.3818318869357 
-14.564367980148 6.6952425827787 
-15.744706736985 7.2652462750044 
-13.976084323764 11.354379128204 
-15.254632617486 6.8427689646992 
-13.533092082287 7.4378904013934 
-15.792130732427 13.84729593563 
-13.956460886873 6.1843795079999 
-14.609920503019 10.48021770503 
-13.850136462027 12.170798337699 
-15.773149750205 11.357421691569 
-18.820877925943 7.0180644806559 
-15.155563742623 6.7974936851973 
-13.587822432814 7.9092648835313 
-15.06985672371 7.069231425678 
-22.84059659812 6.5560966438197 
-19.16698684079 6.8760885238902 
-15.341847267084 6.0830050665495 
-14.872824056092 6.6565914011415 
-15.1947338236 10.237047046819 
-15.691650597457 6.229893692968 
-15.309594762228 6.2791615747098 
-15.587773610905 8.9404019700086 
-17.322363534645 7.538688604361 
-16.255508740818 7.7609865249665 
-17.350816770277 6.6377368084129 
-15.701502659804 8.7584818711157 
-13.057480032121 9.4977771232218 
-13.951282510331 9.2238268652527 
-18.91981702687 7.7032908495801 
-24.484445577336 7.1760054494553 
-14.441780980026 8.3672716556121 
-14.147924495496 8.3065797193279 
-18.66416251396 8.1426594352149 
-15.038133196931 8.0286761034783 
-21.47628549093 6.3748827002769 
-24.897123481587 7.0343035903059 
-13.451355244589 11.42644279979 
-16.653734362866 7.778996542725 
-22.056496414459 6.2163491339972 
-16.697553275298 8.1654712283728 
-13.242963337806 6.5965338827715 
-17.861603505775 6.0294612503451 
-14.499779640174 6.6167257364926 
-17.462157872148 13.504390203835 
-17.263686989872 9.2319250312687 
-20.056839931976 7.644776827809 
-16.749821394767 7.0362695285649 
-17.235341836367 6.7350866465906 
-23.366854200292 8.5245203309216 
-16.47838829458 6.5486913425797 
-15.274057856737 7.0742226608802 
-14.724275579761 6.1629653466941 
-16.888091992149 10.481930925631 
-15.7024823135 14.356447466894 
-17.848840678859 8.6031017221567 
-14.524727215924 6.851577853796 
-16.197241460248 6.9283612316985 
-13.664016215947 13.244148187011 
-16.450340134896 16.584866976257 
-21.514543724192 6.9636094039796 
-22.395346299451 6.5598850417491 
-15.970524412135 8.1081073616506 
-16.871997398651 6.6015685685772 
-14.183806666693 6.7272257920028 
-24.00651438143 6.2363113940745 
-16.503334501121 6.3184897801513 
-18.089817665622 6.8849498572901 
-14.961201833136 8.131950437693 
-13.540019835993 6.016483767497 
-15.854120706512 6.2997158803063 
-14.165543652154 10.359794754524 
-14.381378490449 11.7947411063 
-20.887065596214 7.7627526542498 
-13.360812846268 6.5899411707916 
-14.769318799358 11.386154738703 
-15.608326828402 7.4457364170356 
-21.190816928542 8.5251758454124 
-14.964959789994 6.8792509979953 
-18.373294834035 6.8172600060919 
-13.266936071919 7.3647655184925 
-16.221055060085 6.2580046703069 
-17.780045241659 6.2351595255088 
-13.536441159877 8.2547637722329 
-14.243595540246 7.381985599873 
-16.599173788651 6.2554997767789 
-13.634163642883 6.038193401536 
-13.383522571306 14.45534992456 
-14.583185398613 9.87062220165 
-13.280901046284 6.0327305044911 
-17.438101091574 6.6516969432072 
-18.633735329813 6.8211742592323 
-13.159651964968 6.1827695504356 
-13.864594065246 11.444801224557 
-14.180631216536 17.85009042983 
-15.27361940749 8.561373533314 
-14.436596381519 6.8177184983132 
-16.629659896539 9.4393130037902 
-18.231126648779 7.7891344835594 
-15.390316044671 9.1800226610632 
-13.111184669293 7.3456756788168 
-18.94722594201 12.054286510731 
-20.969908185653 8.1985041507694 
-19.256039848734 10.034847629863 
-16.487415436126 8.3344470608145 
-13.767266245073 9.3994842907756 
-20.731727318295 9.7606647323024 
-15.876890194149 5.8912237212116 
-18.093916489284 9.0737186949468 
-13.111704763297 10.854977589151 
-14.254765260955 9.3860057740283 
-15.76661963717 11.980146696944 
-13.659263908691 6.5868208475207 
-15.390909281798 8.4915383684493 
-14.503147376418 7.6246486895995 
-17.976036799345 7.5333044566402 
-17.321923849809 9.5195625738492 
-14.692934710754 6.0396132993262 
-14.639748060525 8.1956458307185 
-16.769353936625 5.9901758240888 
-19.657759366094 6.5981331391264 
-19.364288746646 7.670545191348 
-15.0134969812 9.4269083565486 
-18.346442306199 7.8131729502249 
-15.276049610936 6.8576450263391 
-14.984053418671 7.5513012787828 
-15.137641524615 10.711567671396 
-15.361244453643 6.9361072758467 
-15.569313444557 8.5346151735586 
-15.685670240401 9.7539715113298 
-15.144464229885 8.7972474419926 
-18.502313727169 8.8541256124625 
-18.971700315885 7.5167022645476 
-13.982277251755 7.6457934033831 
-15.044850309208 6.9678708173873 
-18.275357170579 11.724418831192 
-17.911017562275 7.7084936415067 
-13.047745118017 15.083260044703 
-18.025494811688 6.1801984745328 
-16.69415389257 6.1434603674513 
-14.392103895225 7.0197958410534 
-15.981906656746 10.457960296345 
-18.158884625186 8.4883558125679 
-15.260465409626 8.7596094866253 
-17.515224039962 9.6690978497564 
-14.23737248428 6.2118066214812 
-13.050831802533 7.6446785218029 
-17.336955187836 7.8490011985759 
-15.252851878658 7.5098490739989 
-14.15877436639 9.0164381571151 
-13.484548537417 6.2527947494317 
-15.75842023705 9.1221912606092 
-14.170264863714 9.0482699230723 
-13.455302807547 11.931884185093 
-19.133597523862 6.4082355004362 
-19.869806343007 11.303861634445 
-15.567365447601 9.1698654198917 
-17.38741513502 9.7560898023637 
-18.687153137797 8.356257141155 
-14.284430646883 10.763495345507 
-21.241248582847 7.0136501437079 
-18.748157515602 11.844944232696 
-14.495477679423 15.272589004456 
-13.166429677994 7.1311634433813 
-13.128422883237 15.018728753991 
-18.478653378918 6.5606371423604 
-21.314356156164 10.879370116877 
-16.18602833473 7.0196774294797 
-13.191385254748 5.9317548175122 
-13.245003081091 7.9706749180352 
-13.176790056767 9.1647047871328 
-13.053864069852 10.45164886907 
-16.052218342864 10.171116932172 
-15.167878870915 8.561273099297 
-13.617951890795 6.4931896171449 
-13.997032966384 7.6334420792857 
-14.154002551271 10.810862844583 
-24.15748555967 6.7463272949945 
-14.090144361492 8.1218716346388 
-19.991305344856 9.809350503689 
-14.534774322536 10.536020111866 
-14.457103483305 6.9863066380009 
-15.982071294173 6.9989203195932 
-15.3143623523 7.1746673393645 
-15.504467416568 8.1388256540233 
-15.25699977676 8.909633772342 
-13.813742586967 6.9664285569396 
-17.279395645722 6.5740610540726 
-15.034300282671 8.2510608979467 
-16.554419498325 12.778248680101 
-13.64117799939 6.007522101496 
-15.829008764915 7.5489234668335 
-13.612746079736 9.0992333776239 
-17.898672117132 9.8625569675883 
-16.552877461188 5.9517961156501 
-16.713532633917 7.6536469217319 
-16.512234059277 11.047694873952 
-13.941615971023 6.926602721554 
-13.953723182399 9.7337642499396 
-15.585320236979 8.2820224802239 
-16.227673839861 8.3313071385541 
-14.200661044873 6.0129020558657 
-14.096404586796 7.1191354748331 
-17.054552479915 7.1050771494932 
-13.655528236642 8.052324208929 
-14.814823487419 7.8106904349601 
-16.776923192611 7.9895152028343 
-15.210412026343 11.484181479898 
-14.782089089604 5.9866045591171 
-13.725447483571 8.6483230277807 
-18.71866734046 6.1483076779907 
-13.765548623144 7.4744278834036 
-20.728919238653 7.7087599114679 
-17.971918327574 7.6164306444854 
-24.07401876423 6.2976941825822 
-13.908751821044 7.794468523047 
-19.268681279359 9.4230784153535 
-20.181807067285 8.0646193922359 
-13.399319104581 7.70375157319 
-16.572471723715 7.3193728299153 
-14.51674524387 6.2371345565566 
-13.809981041027 6.2179234088823 
-16.683091608616 11.837405982247 
-13.830652479796 5.9417503264226 
-15.83664098118 14.068500892802 
-18.757355331917 5.9291625876692 
-22.757004552863 6.1186561361168 
-15.513903205097 7.8738489421065 
-15.989677502531 10.350088118121 
-14.699234631112 6.0175521519706 
-19.96665811482 6.0770601591408 
-14.561896737969 7.8416620050285 
-14.809980328176 6.0449193417816 
-13.953952673522 6.5086707183672 
-16.392741526351 6.9973938638353 
-13.520659659051 19.133004791712 
-15.151668468863 9.1632836976634 
-14.718337143575 11.517438533182 
-17.970071818861 6.4435422408352 
-15.17876427339 16.376230092629 
-14.009004396837 10.154559550931 
-14.29574450577 7.0145757868013 
-16.751589261362 11.448900750414 
-14.910714053423 9.6037674983628 
-20.947413979951 8.0222044503762 
-17.216758529563 10.258017487449 
-13.288729273775 8.4294064425369 
-17.709781881076 5.9625177350521 
-15.207250979203 8.3733377131296 
-15.248654679049 5.9831942082942 
-13.968286285228 10.25812858008 
-14.080882254312 8.2127414665595 
-13.513699364634 8.6762726782354 
-13.6757917925 8.4563275507242 
-16.263571151856 5.9685244504351 
-14.450103268892 11.779243676105 
-13.300335677175 7.1927635001915 
-15.379392459894 9.0495526406235 
-16.545394619545 7.7749162850712 
-14.101069001137 6.030048877427 
-15.126127665115 7.2209352576106 
-13.597486285942 6.9186291272362 
-14.528091639603 9.3817519345509 
-19.230952203204 9.5884319737718 
-16.714744961655 9.5171769330175 
-23.492033712529 7.1950276636081 
-21.759605449273 7.2187192340827 
-14.041537777087 6.5896700456072 
-14.62819284827 8.8836999992073 
-14.504892102487 9.5921236145331 
-14.470659514288 7.2880912322761 
-15.335295840944 6.8001969842435 
-13.817573905193 8.1625113930449 
-15.791790771441 9.799497890478 
-16.217591882296 7.6145681442791 
-14.292097717085 8.6017138836257 
-14.753544896309 12.597050709696 
-13.146148894145 7.9084681040158 
-16.317789726781 6.09940257089 
-17.580593820387 10.976932453307 
-15.792576275751 6.0192062376694 
-14.717254778311 7.9187379447842 
-17.337527202327 7.4976193275493 
-13.845207189319 9.1635287933469 
-18.140325062637 8.7629717114446 
-13.537915128126 9.1500852595534 
-15.355885707819 6.490881404673 
-22.071679552681 8.6450924343586 
-13.692891544479 6.978470679815 
-18.22088120299 12.277785521683 
-13.55306240538 7.4569832876547 
-13.17197330503 6.393111643476 
-13.30973567361 7.3543125306114 
-15.012202880797 7.054300463463 
-20.03299851861 9.4418120410444 
-13.214266591963 6.1326655119026 
-18.203892953384 7.2385449995699 
-13.780398682039 13.125970023607 
-14.049848504621 13.109900820802 
-13.490936237516 6.461852987352 
-18.258810337768 10.032132494842 
-16.201531841115 7.8042676413563 
-14.760840213048 7.1418351405911 
-14.333981050327 14.852743114322 
-13.107862165137 8.5700581678274 
-14.319362390254 7.6971110284969 
-14.637432308166 7.0486935389322 
-20.288957984428 9.535152297737 
-13.608330991778 7.0408589328702 
-14.147650998526 9.8369430164035 
-20.565338446896 7.684915949438 
-14.743242372098 6.3162078443819 
-16.079709469205 8.1827737854093 
-13.240714052452 10.599756931962 
-17.583247479077 6.2429266560386 
-20.753359496495 8.5542441922275 
-14.142057241406 7.2684107344659 
-18.643922343745 7.4000281757552 
-15.038961649669 6.03596471076 
-15.520959151952 6.4261860277367 
-19.859726636074 6.0492066180696 
-18.119278373414 10.05188396071 
-14.570415014813 9.3092781787504 
-14.409080757165 7.2266225509566 
-13.215090901689 8.4945708442869 
-16.90891799021 6.4314439288094 
-13.711330081272 7.1777721355301 
-13.26556468164 8.199911778813 
-13.093257358465 11.067193053989 
-14.176511585272 8.9411039395071 
-14.350387522323 8.346650146322 
-17.231901347963 12.492891934474 
-14.808854624339 11.444015783744 
-15.75657910405 6.2191891823887 
-13.404800243506 8.4245431092147 
-18.044449316707 5.9306203781982 
-24.918180482198 7.0584713252009 
-13.40821704359 8.6278784238572 
-22.599578749585 7.5393568606948 
-16.951785953768 6.7895108379825 
-16.044249385397 8.1630915835837 
-15.773895624202 6.0570215989658 
-13.689282398406 7.6745313984722 
-14.680984045654 8.28045236986 
-24.393141812415 7.3186859435411 
-14.162823741594 6.9909844981308 
-17.028557599036 7.029340324287 
-13.518669360659 6.1844454680455 
-16.140569569978 13.711856714409 
-13.318255096212 7.5424079465592 
-15.526778647383 9.6536055183157 
-15.776038471866 7.8085781897281 
-13.416885713756 11.598118885933 
-13.16787004025 6.0499737825866 
-21.831789830114 6.0906416182683 
-15.348490281429 6.2115171393571 
-24.072304749968 6.9082210852631 
-14.661664569286 9.7976249533299 
-17.214514191077 11.294660540019 
-14.326957338329 5.9726199170727 
-14.679788950987 7.8717582254078 
-20.30678803057 7.3761864369601 
-19.669498777231 6.4811022584503 
-14.261015396364 5.8805540783175 
-15.953137953873 6.4367512033228 
-13.485743940056 10.710954945148 
-16.52793776885 7.0540448609823 
-14.221775533404 10.737552691085 
-15.907094057384 6.0439998956539 
-18.325405919463 13.350333991339 
-21.417207290248 11.2342454437 
-16.858652716467 7.7203894078569 
-16.788389568837 6.9499761341978 
-15.945226538533 7.4418113069387 
-20.402692936396 7.0377103656458 
-13.685783650631 9.767581492675 
-16.753774157401 7.001366490487 
-13.71505448437 6.8532781755678 
-15.639729120146 8.9459983710854 
-22.691526282065 5.9369204447842 
-14.238944277667 9.880887123416 
-15.917674102979 6.1427466400849 
-16.179793354953 6.4956036147884 
-15.429192996163 8.6613784156286 
-15.405068250806 7.5968933112817 
-13.796129125019 6.681463422607 
-19.405389078992 10.75428598702 
-17.802474655908 6.3355300966407 
-15.681338352388 10.410361902443 
-19.100371864952 8.3652070676515 
-14.107969135665 8.5229932960796 
-13.298661654587 8.0283663269044 
-15.665523728429 7.9504178746508 
-17.324854534281 15.026380895983 
-14.58990666138 7.6416085755586 
-16.418380513478 7.1793854929857 
-15.548422201928 7.9654446500461 
-15.037765677507 5.9042297552017 
-14.453611219309 8.422327270949 
-14.105929783713 10.233551764208 
-15.320932295035 13.096573080613 
-13.045228301046 6.0586775548472 
-19.098046346981 8.3435433317329 
-15.332513705475 7.0153101480356 
-21.305773152828 6.5670702327181 
-18.454750996492 9.9279799550278 
-18.447478165453 9.6746901746951 
-16.240356521878 6.3117169811347 
-13.306890168993 6.1313452766472 
-16.274588023142 6.2266226954473 
-15.498006492183 7.1057761333062 
-16.280050668154 7.7201088247662 
-18.908445168446 5.9631305511476 
-17.990367391195 5.9696060464106 
-16.824543328329 9.4929145851804 
-15.514384007005 11.109567207028 
-16.957691664428 9.2219352939506 
-13.757778310524 14.391344892079 
-23.203072928834 8.4899407471041 
-17.046569928081 12.198989691576 
-17.632633457396 7.9503526850314 
-17.780781285911 6.7298241535466 
-14.011575927146 11.818116339504 
-18.094541360311 7.0233042734148 
-17.497457195528 11.386547586369 
-14.567886822805 7.3120673451572 
-17.442668381775 9.5117626114542 
-19.118573536274 7.2843149184923 
-21.706522906 7.0530467040908 
-24.065084068849 5.9517070267549 
-16.624914154855 9.4029858924853 
-17.799378746562 6.9923077218263 
-19.167879287101 6.0547880384912 
-16.070949171946 7.0474063868639 
-15.286498772218 6.0851082995448 
-13.310317325601 8.829702606917 
-14.638590123485 5.9995310847049 
-21.937702731517 5.9095719052595 
-13.233060767462 7.7776715288086 
-16.435412277626 12.539615674964 
-14.894732426534 12.422871340018 
-16.182948698539 6.2847328341086 
-13.818045487121 7.17992610399 
-22.799882135087 6.0800756738376 
-16.436546254215 7.5693011462993 
-15.242302171755 6.5380714485542 
-15.63390497397 6.4849826547665 
-14.676211265144 6.556368437148 
-21.320168090064 7.8042015686312 
-18.618907414752 10.327812400787 
-15.044573542673 7.1001589257661 
-13.873905490755 8.0600341062979 
-15.730447579033 7.794903549904 
-17.146033561094 8.4128496979448 
-15.379674698641 9.1269400660416 
-13.587415080372 8.7411954103361 
-19.490824747976 8.2270899185679 
-13.395439942585 9.0594775531186 
-16.008741675229 6.3091025728077 
-20.905059949362 8.7705786513776 
-16.342675019183 8.5657352165057 
-15.356010272206 7.0120001706385 
-19.415268073148 7.5614588548208 
-18.118067816375 8.0271260179166 
-14.166839063232 6.5297760359394 
-19.378613625275 8.0037968010136 
-20.919080946512 7.5741522752424 
-22.976780916841 7.8212276810353 
-15.232450791116 14.396299166461 
-16.846171028399 11.728067654533 
-18.981350898902 8.3556192271262 
-13.164446094582 8.3208196590953 
-13.289431757251 6.1560392375582 
-14.581274448237 12.21875573956 
-14.766132160845 7.442282011622 
-18.271577612808 8.2569429730266 
-14.256247384165 6.2061268029421 
-17.197782220438 9.878257208061 
-17.010890067574 6.6520430566042 
-14.808605209794 7.1330939908661 
-14.235734898806 9.6191493584684 
-14.926439376708 9.7521030985334 
-14.662492499271 11.145571490042 
-16.271515818226 7.2263051110636 
-16.018260803958 6.844699528607 
-20.80379413887 8.7389404517624 
-25.234042934743 7.7178643401367 
-14.167638522574 7.8304556026842 
-18.413840358757 6.1354042684976 
-14.028391784822 9.856924214366 
-21.604506665512 6.4108196708207 
-18.72063996195 5.883685730801 
-15.046235489463 8.2333925153453 
-16.309769840504 7.7204698878632 
-13.93401008328 7.3449801756012 
-18.159155300577 6.260694308229 
-15.912187780215 7.0982592233024 
-14.926980978626 6.5742302931084 
-18.211861585527 6.4327667812355 
-20.692967051325 10.731869985968 
-17.36666806447 8.0210644643726 
-18.608439482281 7.1511544235516 
-15.760631734913 13.480530453477 
-15.800333138659 7.5279187695312 
-13.733536048437 5.8920572909844 
-14.544029521908 6.5162662457215 
-13.669052226 8.6385151990987 
-14.361104075798 6.6360776833848 
-16.160463417838 9.7481287022757 
-14.958796245897 6.2273804151374 
-15.555384258037 6.0219940881804 
-23.901488197772 6.7638175514444 
-14.058819466569 6.2554960013679 
-15.69509805887 7.0625825424568 
-15.70646814713 11.585083271474 
-16.863601908092 7.0557785683217 
-15.277529936297 10.182685749148 
-15.061439984562 8.6553144285808 
-14.255457460838 6.7715441035838 
-20.941557239698 6.9034883571805 
-15.420652043942 8.9466216105606 
-16.661159689289 6.5212451841914 
-17.843256476789 6.9171177113673 
-15.94316472849 7.1343983554864 
-23.879435534519 7.0350304293536 
-15.894441186567 5.9765307244454 
-14.108277960635 6.0392807361717 
-16.068615128226 6.6891288875767 
-15.397612444507 6.2441295934326 
-13.0653769889 10.652322171624 
-18.930436158369 7.3040477718582 
-14.675105062603 8.9742408015747 
-16.612758346481 6.1877173891471 
-13.738990955884 8.0767913473965 
-19.414214427837 6.8392726017077 
-13.074264544774 6.0544822076059 
-16.756234064399 8.5975058967834 
-14.413705705073 10.786265229106 
-17.603630469948 8.564244551741 
-16.074010988453 6.0456582378924 
-13.847724409528 9.1685180621386 
-18.244781391339 6.5833270920079 
-14.550301399068 6.7106173786872 
-19.804936133302 6.2723868021045 
-16.463900931928 12.338706620757 
-17.737174530716 6.1537806447249 
-19.136739825791 5.9734758885316 
-14.34484035117 5.9280123094518 
-14.52579877503 6.9724607413163 
-17.548722467929 6.0837542243962 
-13.852916338523 10.763539520055 
-14.06476136072 6.2956809274059 
-16.02851028034 8.5859899626054 
-13.900965813161 8.7396326569542 
-17.460931611819 8.0594423927598 
-20.079800857755 6.149928445736 
-17.292754901448 6.3735274011667 
-13.753515707584 9.1656904763253 
-22.734201059108 6.7287578064907 
-14.864205971339 6.7020485672301 
-17.358024606123 6.7174249034748 
-13.92329700727 6.2017551346258 
-13.769053629894 8.2697184598117 
-16.592223976292 8.2706865609427 
-17.597581937482 12.04142186823 
-15.459284399698 7.6785386180402 
-14.660303221873 6.771441855643 
-15.427662321075 7.298460696507 
-14.679274184298 6.7180991397156 
-20.759843063538 6.1756572568576 
-16.152717298757 7.6007178042604 
-15.469331321059 5.8969877221609 
-15.478415786831 7.5837080617343 
-25.626931824819 6.0734205713021 
-19.255219801369 6.422593524392 
-15.998260345513 11.708524672133 
-21.107499115968 6.1323526941917 
-14.484409941823 8.0119420237223 
-14.56441525257 7.567664394987 
-19.355437405528 7.346312621466 
-17.796451079307 7.8859582258581 
-14.767868016 8.4907577722162 
-13.298129069205 7.133690523692 
-14.859058100639 7.7458126241653 
-14.301155577291 6.4916414750254 
-15.402093317203 8.0815527643157 
-13.795248609615 12.899474519838 
-14.418900372227 6.1402625980274 
-21.741149770946 8.3407610897257 
-14.325993689585 6.1689949727686 
-15.111321579044 9.697732984047 
-19.149817984542 7.9066384924519 
-14.284227726317 6.9153347543709 
-14.508395516915 10.373602160542 
-13.334894895006 10.520571870178 
-18.193509138952 6.7588094927822 
-13.453435353571 8.0351784137699 
-15.959425992301 7.0308350512528 
-15.104039367112 7.0754388916707 
-13.527238703285 12.370335734501 
-17.562960177333 6.3948098333063 
-13.436027539587 6.518215356026 
-13.844316483463 9.1856234438773 
-13.243024733314 7.4926696020236 
-14.591713360518 6.6182248653205 
-15.87754673982 7.086092466132 
-18.268114215369 5.9080110765721 
-20.547758341451 5.9159184688891 
-18.999432894779 8.5354844933499 
-18.451467339351 7.3375094477921 
-16.633718185238 6.7278142797603 
-13.406485481587 11.349619482605 
-13.16537188588 6.2543849843945 
-14.512836759488 9.1295720434539 
-13.730130983667 11.656678459942 
-14.045900148401 7.0861031573548 
-13.765381967612 9.6669495754688 
-13.280966562074 7.2530288404012 
-13.748888796272 6.0777704373467 
-13.386418857507 10.532973491566 
-13.591625772477 8.404287632271 
-20.946938875139 10.52262612994 
-23.556553229884 6.3678808322458 
-15.762593668243 9.5093818409689 
-19.346138840139 10.47124571323 
-18.737950198161 6.1801771745543 
-21.799054872558 7.28279742239 
-13.225931365652 8.9839849491918 
-15.76594643806 6.3272814279566 
-17.850133748835 7.2911010319599 
-13.541474009457 7.0930043359074 
-22.383781790897 7.9419121269502 
-14.230095565915 8.8495285483209 
-13.959016318853 6.0255752088471 
-25.785850628592 5.883209377639 
-13.200990827691 10.465801891011 
-15.548735677922 8.8155352905155 
-15.471170012116 12.76227208446 
-14.50005713413 9.5286769130412 
-13.482487876224 6.117859551789 
-13.716989529615 7.413928020025 
-13.083010696693 6.7998667794012 
-17.119570974634 8.5859526663848 
-15.454072408228 12.295260906442 
-17.992616353823 7.8533723536982 
-17.094594824457 6.9366668400573 
-14.480529058226 7.958584084536 
-16.780563384677 7.5764144016313 
-20.463444864063 7.0683318070327 
-13.215656989977 6.2327037144727 
-14.124886778099 11.055267912709 
-16.048472447973 8.1036796239032 
-19.948727077538 6.6702759558771 
-13.632981146109 8.4967527551853 
-19.021675807086 6.8818877501873 
-13.515417379464 6.3567736904241 
-20.255236708269 7.1081067018566 
-15.952318318497 8.7851095758786 
-13.975585860529 6.5079643940635 
-22.475544961118 5.996580350653 
-14.208377711182 7.528481516998 
-24.604580764827 7.9886600774527 
-20.587463905401 6.1201931102393 
-20.742392712191 6.9019259856101 
-14.105310309804 6.9177121070948 
-15.503438744863 9.6302997769781 
-14.476225257362 8.7377887721999 
-21.587702894695 8.4209013628002 
-17.105339061195 9.0465158056055 
-17.168221562945 7.3155780434089 
-17.031929901727 6.1737543122825 
-15.357614549223 5.9872590946823 
-18.056025916793 8.39174777716 
-16.517556836858 7.1537592445495 
-14.158315252605 6.0106383978749 
-17.197239922412 7.4096343303993 
-21.231803516853 8.1496929006089 
-14.954167831474 12.32568028878 
-16.166082146436 8.9920559601949 
-14.412399046594 10.179131270913 
-14.676075999229 13.651342419769 
-16.546932145861 9.2648328715967 
-14.501889278974 7.7637836356063 
-18.311949922257 6.2614021432844 
-19.610509868617 6.8650843250184 
-16.061138403919 8.3061200553524 
-14.390496381011 6.913458454312 
-13.069249484683 7.7475289847635 
-13.794566821178 7.6147124081601 
-17.934452889976 6.5788997596801 
-18.007886117624 8.3405065784731 
-15.433674874797 9.6202976125847 
-17.782405926305 7.1384189541588 
-13.278749706708 6.2019906537123 
-15.29896521082 7.805891241166 
-16.581643636614 6.4877010759437 
-17.424268539344 8.3045598052739 
-14.812195757085 9.0877201263949 
-13.359952909015 6.3498443559312 
-15.841188065716 7.4207700370717 
-15.158210875408 6.7463366593165 
-14.673657830515 8.6567159583872 
-15.352743982391 14.457547829442 
-18.079686889807 7.6942105467646 
-13.185189858371 6.0934693031438 
-14.72861083242 8.0736373846261 
-13.244533822576 8.3602938846324 
-18.282162498762 7.1489086315976 
-14.717211241268 5.901923662119 
-13.5580587197 10.995117911331 
-15.773493206078 9.3142874853588 
-23.217573118826 6.8110198559198 
-23.595438931043 8.3185879442981 
-14.247452123807 7.3172257707007 
-18.11307224514 9.0703397720972 
-13.481939518567 7.6859991971487 
-13.109566675446 12.411941103731 
-16.78667285191 7.2571094645937 
-14.238176260008 6.5900213820975 
-13.189870094216 9.4452712256617 
-20.754298175872 8.8125369871275 
-13.31280789081 11.595266509424 
-14.967736456971 6.0963832811065 
-13.535127491008 8.0324290252584 
-14.659985848046 9.7042013174673 
-14.863294434207 6.631814000097 
-14.07353236214 9.5597030654016 
-18.810113233566 9.1112611618174 
-14.784820445784 7.0495667252494 
-13.470670033004 6.4413148258883 
-15.259453012881 6.2479545172284 
-22.656965939324 6.7612164385841 
-22.625846231124 7.1204721093783 
-13.698810604662 14.5678521181 
-14.521731592986 6.7052105418476 
-15.221545425005 6.5147063934527 
-14.016335079458 8.9098505213219 
-18.640667567916 7.0918464886738 
-16.468121813762 7.56691867677 
-15.284832584086 6.5475540393695 
-19.521353409679 7.0796085146009 
-18.931380935279 5.9849954347776 
-16.101420232818 7.0785928571835 
-15.001464078974 7.6610235851068 
-13.788636463216 6.9747267514439 
-18.755160123009 6.7614816730802 
-13.191087500958 6.9666627414312 
-14.215212114744 7.2793765184987 
-15.881748583361 7.8626729482923 
-19.357373773423 6.9250868147655 
-15.248238593303 12.257215344142 
-13.04314415759 10.375121527336 
-15.001809898674 8.3950834606409 
-18.032952237544 6.3223344467566 
-13.396960947252 6.1646350858292 
-15.332283903385 6.5914748884614 
-13.452128989613 8.5272993531397 
-13.598022775023 8.0430242534683 
-14.953189652515 6.3990453566882 
-16.768693763956 6.0005523168009 
-19.641499795781 6.7597432387077 
-13.58916070267 6.6476176927323 
-21.724988781179 6.125607438688 
-18.147735839643 6.5667727886357 
-18.363690113625 9.5683915582708 
-21.339385664578 6.4745082131576 
-22.973817768295 6.4694250646958 
-13.357991119683 8.8406388409399 
-15.050723350199 5.8840940926668 
-17.387805337795 7.4463446807164 
-19.206995002855 9.1215360971272 
-20.700377327145 7.4063653064646 
-14.877113894134 7.2397147341233 
-14.944481142914 9.5055216418049 
-15.099074422065 10.329516364514 
-22.305234363894 9.2384501365549 
-13.349318311263 6.8403919947096 
-14.603009791586 6.351484309252 
-20.033947808138 8.9553663557177 
-18.043592503054 6.4595993177434 
-15.890280355761 6.1398463211678 
-14.82226971037 12.104769113133 
-21.348822492926 6.2412094457577 
-13.545338493554 9.0699281858128 
-14.60321311326 9.4521955579233 
-20.616521929187 9.7854510549133 
-13.61809379277 6.8588944650396 
-14.516497311793 7.6098739964221 
-15.855538459437 7.5748634163584 
-16.274637330269 7.4292724429295 
-14.244159923075 7.6122507370227 
-18.466521319677 7.5832361373172 
-15.265000869124 6.6314782630825 
-17.649809124629 7.5425406403156 
-13.306737568096 6.5862258432907 
-23.687343194195 8.9455175272263 
-13.773873923309 6.0338732201836 
-13.708905702447 8.1568991379989 
-20.032577502572 7.4883759514028 
-15.9654537251 6.6042604167665 
-20.363169053344 8.0297297292666 
-20.960272616815 11.340034740934 
-18.166378578809 6.2509640532729 
-20.882973228019 8.0273195947652 
-14.446268610612 7.1522970928787 
-15.293776661863 7.2102205202137 
-14.063723415474 8.3110486197112 
-17.67871749043 10.454802232538 
-21.64205804115 8.2861116381415 
-13.269586463 6.6265161321571 
-16.276370762949 7.3439457432977 
-14.770854730314 11.04791705219 
-18.240626045043 6.1243196177195 
-20.025599234407 7.707362348993 
-13.455659336638 7.3956519851894 
-15.031678015314 8.0272484676142 
-13.419450207118 6.1510719969625 
-13.190588388082 6.0057227583581 
-16.255075676582 7.5874851715497 
-16.821675713402 11.628767864461 
-14.012812608896 6.2333249809318 
-15.610340239489 7.0365683915895 
-13.157920985677 6.101615033924 
-13.347588181558 8.9062057561463 
-14.384595659169 7.487592464664 
-14.244366515835 6.4612943852218 
-14.691369382533 10.198159066507 
-13.760208353963 6.3092578968732 
-15.606486450372 6.8224665023903 
-18.067547491639 7.9016824427205 
-15.682484907142 11.337706192673 
-13.641614074348 6.1304985395108 
-16.755805524104 7.2306912797259 
-16.272903759768 8.2622647711626 
-15.881874140605 7.8949400266304 
-13.865429256198 6.5024944139863 
-17.248421934245 6.9441519642138 
-15.811003584389 6.6306659987167 
-16.831092828331 7.2236972679488 
-14.783639152083 7.4141800747719 
-18.892490723827 6.2346105051328 
-16.88069280531 8.818216827558 
-14.514259032208 6.2956635592784 
-13.138209080557 7.0833883198337 
-13.484857347114 6.6277100461755 
-13.481587206615 6.5929247088775 
-18.750318323752 9.2457973760318 
-15.891525805955 13.223242134893 
-14.944134250286 9.8577922138295 
-13.455018398044 11.972849853575 
-20.167504467946 6.3222190062529 
-17.441081968208 11.621685971692 
-13.812839513117 9.1611112894682 
-24.490662383804 7.0183936342351 
-17.43371884712 6.0809752093241 
-14.771993882159 12.272451671353 
-15.449041149023 10.24029427655 
-13.713955982967 12.766134472904 
-16.280965141045 5.9265719445377 
-16.764838600934 9.5053072673001 
-13.535936719024 6.3983003640641 
-13.313513329186 8.0976876788796 
-16.509249653637 6.2236522397098 
-13.094190396461 8.1174032679664 
-13.939233906723 16.079307239963 
-20.571443484856 8.6895515970918 
-16.274540201163 6.8823786262197 
-18.193108554346 9.3693039373301 
-15.291981970119 8.1993267059394 
-21.037736658101 8.042088607199 
-15.69774736301 8.9734503013345 
-17.701315887952 7.0710318110501 
-16.707217245486 9.8510358757682 
-18.289139776985 10.677185481192 
-20.888094952678 7.4571381988014 
-13.515975391034 7.2851785025255 
-25.131870040775 6.7797376347232 
-13.124740488425 6.2537573343965 
-15.964866850809 7.6831237799978 
-19.904696443845 7.4340094915834 
-17.567073996367 6.7764984904188 
-13.831495959219 8.0958277422001 
-16.419706757686 7.2689103696657 
-13.632004287886 6.2468263355038 
-13.11659349471 5.8828788898476 
