-18.847564957224 3.1883350048518 
-26.466844086062 3.0035534567153 
-18.212754922816 2.5768279000099 
-19.446852665413 2.5727053773382 
-19.526420010177 2.3519223405828 
-15.431531199008 3.0971763569895 
-19.464630907362 3.694938479479 
-17.630501624492 2.2349924709047 
-15.918489725468 3.0634685404227 
-15.659482598817 2.7301879644259 
-18.730897822397 2.2791788928853 
-19.901107633787 2.3136059883442 
-15.147911678791 3.5329777136642 
-14.877543640586 3.121995384999 
-15.035672177685 3.5416503945332 
-16.82036329512 3.3684934138734 
-23.734748981289 1.9960565265883 
-18.964197546608 3.4895859557628 
-18.868069243124 3.2062460713906 
-19.049919751809 3.6331465015067 
-21.513393614365 2.3124150300536 
-16.228661732736 3.2533798718008 
-16.700279036536 2.5685183628863 
-16.585133447861 2.3452528167099 
-16.604926565611 2.8748059172182 
-14.840792476196 2.1769020013247 
-20.102079829614 2.3047388501474 
-22.646475663504 3.3337884504234 
-15.631953862652 2.790126823069 
-27.869931619717 2.4637237956998 
-15.34586802114 3.2719897703954 
-16.995178975349 2.6231971141414 
-18.194230171071 2.4882903363938 
-15.927440957174 2.0664381820059 
-15.864632126764 1.9561884028571 
-16.359879656641 1.9746904713336 
-16.66588093078 2.8780211636108 
-18.42407024014 2.3616011118445 
-19.356081417179 3.0230011755661 
-19.429974094738 3.7302362513091 
-16.76716460236 3.76868525204 
-19.141760563041 3.0332066765101 
-22.507740805184 3.7283599356952 
-16.812162318779 2.2028786576314 
-20.913609461798 3.6130100753645 
-16.4710239252 2.7316067395165 
-19.604787177277 3.1203652067779 
-20.063110143977 2.5155642155177 
-17.315659521803 2.667796165173 
-16.944652439052 3.2223765642457 
-24.925722817133 3.243294646494 
-15.49148006671 2.9274431986759 
-15.360809949397 2.0085449834506 
-17.73066219355 2.1774511571149 
-19.44662495893 2.9434412649072 
-18.349525439751 2.8615864366996 
-16.586909620987 3.2403473410413 
-15.444780262339 3.6416074994894 
-15.257975251572 3.2589715235782 
-14.955328427978 2.4240851293248 
-17.791565024926 3.1826259780915 
-19.42328852319 3.6529685870082 
-15.985721686112 2.6925467437443 
-17.40380171983 1.9983703294159 
-17.995981751143 3.2919805563579 
-17.355253757846 2.6200109272154 
-17.159022005111 3.2828419941115 
-27.870642115542 2.5538630156255 
-18.232885167397 2.223569501777 
-20.878785447409 3.2535241863858 
-15.906292426347 3.5946120015156 
-14.961843682033 2.8621787475508 
-20.163321162349 2.7455950383969 
-16.566911094382 2.876627642315 
-18.31108639198 1.9402744862363 
-15.250532531148 2.7630575132233 
-23.258001796794 2.5939531914933 
-15.768513219657 2.3706735027025 
-16.584734272931 2.4840235698644 
-18.497367033253 3.7046520990971 
-15.450500287568 3.6916680809818 
-15.281324462376 3.1120403989279 
-22.645677248846 2.9397965147684 
-20.823283381158 2.4424066329397 
-18.043810923335 3.1609401907479 
-15.449351605299 3.3466137641921 
-21.128929638272 2.4321448093055 
-18.826516295554 3.0323701724934 
-15.602806383895 3.2134716398857 
-23.78557239079 2.7331477550632 
-24.427700771737 2.7879902776052 
-15.687445757644 3.1957231474185 
-16.101668330156 3.7462819048888 
-16.082027922828 3.6292970838429 
-21.100177172275 2.2712652946019 
-15.88185667205 3.6572938916399 
-16.132033840876 2.1504931336492 
-17.973108436238 3.0543426129616 
-28.342418799247 1.9537708707068 
-15.956054804755 2.46664253279 
-28.466313535928 2.2939842026585 
-21.423409505436 2.5157494169053 
-17.659905063908 3.6756540318776 
-20.379551133644 2.0704748318849 
-15.062364344949 3.125763632826 
-16.947638032533 1.9892630184078 
-15.598978752473 2.8127819315573 
-18.434160297592 2.8486935550659 
-16.011790385186 2.5956058534853 
-17.871317994747 2.6904352318262 
-28.342633349897 2.2727134605209 
-21.450982575998 2.5315933519371 
-19.524227125226 3.1125335049983 
-17.30209371864 2.0552652664475 
-16.543415007032 3.4515593189115 
-18.634179702073 2.8454944458668 
-15.403645292434 3.5046328071477 
-22.24203079094 3.148549964434 
-23.560671521668 2.8459806949437 
-15.799009382427 2.0917940078119 
-24.977288099327 3.3637706570803 
-25.057751933878 3.0178838502763 
-17.935253269682 2.0255942737395 
-15.986259293487 2.3124147874294 
-18.538245176161 2.8158428057667 
-19.770666031147 3.2322880842918 
-15.738909783762 3.1934821136279 
-20.08680868256 2.2463878471628 
-23.179989760082 2.7492110683792 
-24.279717982565 2.9361851307186 
-14.85973280744 2.1668679736559 
-19.782037760817 3.4533146740233 
-21.142804662928 2.0854106690582 
-19.099957224168 2.2473480387172 
-20.720602997892 2.5826005090837 
-24.47796604931 2.9957147147216 
-16.285126746963 3.0691493679403 
-15.064429145004 3.0869865102756 
-20.315201310338 2.3591123622246 
-17.488423551265 2.2613335555843 
-17.3269248488 2.9640891229912 
-26.072676535972 2.0564575221676 
-14.898041851091 3.6166382163262 
-18.698139074447 3.609668556989 
-21.797165972244 2.6369577199296 
-17.14880974933 2.0413778810961 
-22.343383552673 1.9982963185909 
-17.548119738582 3.2432692831147 
-18.407954443459 3.6100921862711 
-19.401807682279 2.280230829546 
-24.31716234234 1.9356746074876 
-19.827321915709 3.0756021928647 
-20.53298595773 2.9852417949715 
-22.342471249935 2.848009475912 
-16.047520973301 3.6427812846475 
-25.866970095352 3.0579739923058 
-21.665320448244 3.3574938431316 
-20.167764021963 3.1265267729352 
-23.013044309745 2.8501508144664 
-18.474259010452 2.3300852007621 
-18.591413825581 2.3332109437668 
-28.233509383798 2.4620021630456 
-19.996102894589 2.0160719588628 
-15.705943958718 2.2270466181145 
-19.747410111575 2.352185275708 
-19.32242289534 3.0556936456406 
-14.892144465397 3.3012588927238 
-22.466649922635 2.7675751914733 
-24.096049041235 2.6130672824948 
-19.539962628202 3.3533693497081 
-15.083593108274 2.7887518963987 
-14.803910357635 2.9282882388942 
-21.836833682251 3.5088525716133 
-19.309095055823 3.1538302995284 
-22.530387415269 2.2728226533884 
-15.150107778633 2.0500816140733 
-19.525541895946 2.6502539091982 
-17.34939285923 2.4484203446335 
-18.075422439291 3.2298380888987 
-24.661893681409 3.0456126097847 
-23.659781062181 3.0530544735244 
-22.433265423497 2.7328800327672 
-17.608431689953 3.7577167947973 
-14.827810294208 2.9815116398597 
-24.988436516825 3.2693812138912 
-25.903133384939 3.2655851387395 
-23.172983788957 2.4282755907491 
-19.961359318986 2.4278805132241 
-21.580974137758 2.2601790247435 
-23.195338452468 3.0556030020488 
-17.862884212702 3.403987309037 
-20.735942094005 3.3303942257039 
-17.138197111526 2.5834168751289 
-17.036279837066 3.668879920376 
-25.150281299144 3.2080644235382 
-23.16895259025 2.1279524990886 
-18.051358551987 2.7244943640805 
-16.983339026018 2.8737703669756 
-17.671101305999 3.1710603120674 
-20.532937324439 3.4997039539916 
-17.269959728095 3.0989587759596 
-20.790285691658 3.2015936907635 
-20.271938279233 2.5790698548156 
-16.758002858813 2.9798412625624 
-27.554228426094 2.6105811848095 
-17.898978349651 1.9358821186956 
-16.440318055454 2.1635628983218 
-17.8901677473 1.9582934285298 
-16.52750274559 2.3789076538621 
-19.536103622043 2.6572120411482 
-14.777330943414 3.159202651853 
-17.799824026337 2.977584520887 
-19.328772008798 3.0991250873388 
-19.828176389064 3.2758297502044 
-26.326709155467 2.7305329335782 
-16.285590184333 2.7090636208865 
-18.288235297425 2.2194935700998 
-21.116200039068 3.4442662557811 
-24.093459473744 3.6442984981684 
-16.125231888077 3.1748135922277 
-20.785453592482 1.9657584073886 
-15.013222870712 3.7051480186423 
-14.962142225862 1.9859273592475 
-19.052820572922 3.4422527094235 
-23.152519169999 3.4194336086167 
-15.633375257006 2.0809460421438 
-23.973121892985 3.7145742247399 
-21.228588579153 3.0663652670227 
-24.345975805129 2.462596490848 
-15.676884611834 2.7983635900608 
-21.208632929118 2.0058761208539 
-17.643492505976 2.2310287227975 
-14.78934236893 3.0941757144416 
-16.364003332534 2.9672518534502 
-21.079260706946 2.7451299878565 
-14.982924988933 3.4789322988375 
-28.325078985798 2.7881744998071 
-16.24118075125 3.6876791724114 
-19.97231705862 1.9722052844187 
-22.523358459404 3.1723623615526 
-23.735846270252 2.9599318956545 
-17.762910541173 2.6004142580483 
-19.014598965373 1.9690233105958 
-16.468585588846 3.4103510272817 
-15.184364839165 2.8505762437862 
-20.337757647103 2.0778587076397 
-24.233796019374 1.9898171963326 
-17.846874941214 2.010219788729 
-21.863605783704 2.2238659882071 
-25.81162071445 2.3558359818824 
-19.066406968301 2.7258744654452 
-15.381756913304 2.5742176058669 
-15.227974668152 2.6521785162248 
-18.80491215681 2.8620396023505 
-19.911520821615 3.185636752493 
-28.099078419565 3.4965580217328 
-23.350528434068 2.0191332062146 
-23.98435207741 2.6107929249988 
-19.558374476207 2.736702392875 
-16.341960780782 3.2925584163569 
-15.006617816632 3.617350634777 
-20.631850853762 2.5748120134458 
-15.195899487711 2.1714965807922 
-20.589958832268 2.6045506389212 
-15.312094669353 2.6314199341329 
-16.84738041783 2.8823454887888 
-15.063640042248 3.5169208427029 
-16.573287696168 3.5354217525331 
-27.362731306709 2.6690823435901 
-18.718962682935 3.0257063837126 
-18.955218037108 3.6935587723421 
-18.276186317057 3.6728809992077 
-18.426740661145 1.9845112786134 
-15.475402935993 1.9563612427642 
-18.890852777093 2.7135148063736 
-15.223903054112 2.4740513634224 
-28.899569473403 2.2486351631049 
-16.093739508436 2.8283791446062 
-14.919250170399 3.3514190052733 
-15.897090496005 3.379444694234 
-16.725550718417 3.7591180272729 
-18.204175083998 2.6984602293322 
-22.135892475189 2.3844123732516 
-17.026406284805 3.5297497322812 
-22.911318691604 2.8100217392636 
-21.829135527323 3.0423335457494 
-19.796957881246 2.6680432934615 
-24.603196351945 2.2997945715699 
-21.20962791861 3.4166594629872 
-16.808098781136 2.503116897467 
-20.472448962105 2.2593954299696 
-21.039117975119 3.5094803310981 
-18.391267971195 3.3905994343303 
-17.553993202232 2.8217731767652 
-17.537855082326 2.2171819684447 
-15.899476773902 1.9650953006444 
-20.331272761973 3.0155872102589 
-27.824750589213 2.8419645885694 
-16.981437815209 2.4479044068366 
-15.310480436178 2.8775586031925 
-15.910079269613 2.5190421477921 
-17.563180251178 2.9632454774902 
-15.146524002616 3.7396496838883 
-17.123309190113 3.3369679910489 
-26.731110078512 2.4335646247751 
-24.168942885735 3.5107871461029 
-18.743087119193 2.040076357023 
-16.249562117062 3.2893889424595 
-24.065965817665 2.5883436502509 
-15.338617561376 3.5360858504394 
-15.304713722911 2.1291316684142 
-15.48142065882 3.7149612283517 
-18.349807927099 2.2748968828391 
-16.205762526223 3.4593980917391 
-18.409605449877 2.1729886157977 
-15.161011239619 3.4545093182731 
-17.897506158934 2.7647943940106 
-18.950863019308 1.9867669254136 
-16.126723626527 3.1622209575424 
-25.410079843785 2.9123164475517 
-21.818938757917 3.3761879813884 
-16.383586229066 3.2975999143864 
-25.46824821003 2.9998974928758 
-17.377208953378 3.3921757671685 
-18.035196547532 3.3399824493176 
-16.632879893327 3.6431252099355 
-21.658604005868 2.540300064206 
-20.564415295551 2.9876602959453 
-16.169792733502 3.5610764713319 
-21.365484591836 2.3170015413921 
-15.502280402087 2.4390343740768 
-14.851040472661 3.1611806363345 
-23.279406685591 3.0378798817182 
-18.296452203783 3.2687349530826 
-23.41245536911 3.6971274240805 
-14.922052891519 3.0853634912632 
-21.265879022339 2.2217749180255 
-17.892952071451 3.1671280302739 
-15.638201434005 2.8085261581913 
-16.892501425558 2.8785574351804 
-16.306099289559 2.3925407188584 
-17.184288224229 3.0020013149845 
-21.12001243688 2.9223072900335 
-19.028135720105 2.7699762476884 
-16.940305279334 3.2444173099474 
-20.942409219712 2.8901721437249 
-21.459823809067 2.6496189968974 
-20.673058850799 2.319401313518 
-22.480969933957 2.3946249858713 
-25.364548647895 2.8265021125659 
-17.180998627182 2.3125529278907 
-24.460268508891 2.4317681602361 
-15.235956828357 2.9850424197538 
-16.851362008292 3.3287494500457 
-16.057244139847 2.9801818057802 
-19.628127478128 3.519950847576 
-17.089380106983 2.5256973497163 
-20.502939455488 2.0101416339259 
-20.008497248557 3.4621933913756 
-17.204160928003 2.7530057183665 
-15.004168841563 2.1165960389449 
-25.204616992279 2.4412435383088 
-22.738945212983 3.207643654308 
-15.021230253887 1.9959321464604 
-22.550378738084 3.2894098458825 
-14.976620530887 2.7957006331788 
-14.826157571318 3.367812283692 
-20.66679348044 2.9133513096433 
-14.775080657475 3.5501874883927 
-28.742981407372 2.5575334552448 
-28.999827929906 2.0316030361349 
-17.599386228288 1.9936819164929 
-15.667375672062 3.3711983045462 
-15.560398280491 2.305368443737 
-22.615643780054 3.5940708133073 
-19.412414135597 3.7596953803613 
-23.911932776129 2.4030622655992 
-15.067634451451 2.9428032982506 
-15.380656088097 2.6908975647379 
-15.954016791557 2.174564027888 
-20.489981121167 2.9861975306874 
-15.760789321685 3.2133370823032 
-18.275885138334 2.1990225223759 
-21.2952722056 2.0924307651799 
-16.47101206478 2.4535200966142 
-15.877638942833 2.553524818816 
-17.889986979581 3.7237228921846 
-20.229071553441 2.4303947656368 
-15.960780912495 2.4632866813622 
-15.475758249496 2.6586622681324 
-17.71064003754 3.0056269172252 
-21.013573480272 3.4748408109046 
-15.748337595145 3.4746029239228 
-19.966237645762 2.4136166181452 
-21.524747219009 3.4907524016441 
-16.155712575954 2.6492346396166 
-16.187207069588 2.9210884342497 
-19.058887566608 2.0572211778336 
-15.586290897574 3.1513408829817 
-20.746723535352 2.0012240927586 
-20.133758120002 3.4678472061726 
-16.233350217465 3.4520847778225 
-15.127399270159 2.5021123731227 
-15.906238512665 2.455048891715 
-28.352660683473 2.4244791318514 
-17.663464334788 3.0461544335586 
-15.070645920666 2.861934431855 
-20.170847862103 2.1656120501936 
-16.309750029729 2.1208161457257 
-19.27049292706 3.5217311814119 
-21.001409844686 3.1550832848243 
-19.468803795543 2.3331549786751 
-18.393853096894 3.2874295954837 
-15.565488799023 2.6629759535351 
-15.259498703565 3.2907990580415 
-20.898404499658 2.8747535962691 
-21.131756441788 3.2577248349673 
-16.131256573275 2.8761863751351 
-21.25973183468 2.6260187464504 
-17.645429459856 2.4563621513886 
-19.444484497685 1.9591905956162 
-15.259472554592 3.5733549302216 
-14.896362733292 3.1604139125707 
-18.890286828076 2.981415153696 
-17.200688898573 2.1933494489454 
-14.910405230753 2.2321734379491 
-28.038543133553 2.5976879128647 
-18.543049694576 2.9035888135658 
-17.001974262436 3.7256392384872 
-19.920645775873 2.0305061225322 
-20.046345945562 3.3914022165128 
-25.377178442756 3.3285998627902 
-17.869230950274 3.2903679507762 
-21.194075569782 3.67994791286 
-17.639055617381 3.6442979125553 
-14.992394198321 3.5716820725508 
-15.355645882445 2.5498131924731 
-17.420255487748 2.5407013146664 
-21.279967461878 1.9852648225258 
-18.163341877839 2.9692515111786 
-22.452875897187 2.9760995136275 
-20.100596357498 2.1788669737488 
-27.234296103123 3.3315342465572 
-22.334326521927 2.270675899472 
-21.512634055635 2.1902838646836 
-27.058878882678 3.0637285689264 
-19.026636233194 2.1071933638775 
-15.12124287646 2.3586011368832 
-16.349007689712 2.5907657253963 
-25.105817738959 2.5718672059677 
-15.59973952 2.5492371819383 
-15.386156916198 2.1532413010638 
-15.553558851315 2.0497433311215 
-18.657369347744 2.5500157580492 
-19.57513053956 2.5490225188068 
-24.162561589589 3.0551114784259 
-17.41458852031 2.473961220601 
-15.305048359768 2.1494862294976 
-19.405564589091 3.2824982375996 
-17.422894316653 3.7353347900598 
-21.016454539337 3.7660870320451 
-25.412814911447 3.0381308458766 
-18.794535677085 2.6011890934747 
-24.884590842212 3.0664423361173 
-25.44985240817 3.0746614700346 
-25.080789760115 2.0193590104415 
-15.430272206039 3.3514137658269 
-19.21060652113 3.3536091454232 
-16.733440341135 3.3211413106937 
-23.838208009217 2.7293427233269 
-15.73427359645 2.2798484986033 
-29.617264520816 2.5539009574298 
-15.219793964708 2.2329074872999 
-17.060484291596 2.3248934226434 
-18.644366510415 2.2646815206917 
-16.479007210935 3.5121778369079 
-18.857591049041 3.1338357286837 
-19.622408926823 3.6608530794746 
-17.538564041158 2.1754327419121 
-15.928750105726 3.4061478031228 
-16.219400240219 2.6350824049705 
-17.171507884002 2.2025786371269 
-15.583442215504 3.1189814896702 
-16.822059183957 3.0681213644854 
-23.795172772519 3.5319132888914 
-25.860676472053 3.1303068093121 
-16.130515834504 3.6088423148082 
-15.44865950985 2.5350107997832 
-22.87708178997 3.560471266348 
-26.371194961484 2.736172315061 
-18.762645246299 3.44329693052 
-23.796086399328 2.5644182544395 
-15.753291148756 3.4912961882866 
-26.310984544326 1.9910320932398 
-19.59690777275 3.1243119539369 
-15.843625767187 2.5615950083878 
-17.2986730702 1.9802647053024 
-24.369100420867 2.1365846436454 
-15.170881963181 3.749006513321 
-19.002414651326 3.2153290332564 
-17.75101331915 3.3554404654922 
-17.595560686342 2.5449740470212 
-23.536585034969 2.0445859841759 
-16.349279398203 2.0462643716367 
-19.941605706638 2.8095005327944 
-18.458714640418 2.7878205575119 
-24.801488226957 2.5209693119221 
-23.174682910754 2.7472368752815 
-30.34959817601 1.9328828765665 
-18.26878739085 1.9853762766719 
-16.522104738287 2.3541095375648 
-23.846969823779 3.6249381639164 
-20.363243886296 2.4517840589289 
-17.918303636146 2.1088343089786 
-17.733834990038 2.2575550278498 
-15.487265872655 3.3000380193271 
-17.843101307674 2.8624395609665 
-21.294538910484 3.4360209393443 
-20.00397651337 2.0260087092763 
-18.145778308312 3.111743494572 
-24.887301669523 2.1744533293326 
-18.525588272607 3.1238538494816 
-23.927614781288 3.6726269485522 
-15.391993204514 2.131973672913 
-19.703026163346 3.1773906419257 
-18.98833551893 2.2907370261774 
-18.123029114584 2.4498742481201 
-17.938409112326 3.3717975592245 
-20.61258113243 2.1012573390386 
-16.911041529378 3.1746344640536 
-15.844716166647 2.4657782223715 
-23.932877957162 2.4386871912857 
-18.024045768974 2.3729460240091 
-16.668531061154 2.3008499806971 
-16.83551913976 2.9687541815185 
-16.329312797031 2.0130784240655 
-15.098196485755 1.9468896041618 
-15.469431588886 2.2192005550802 
-14.821572674394 2.214393443736 
-15.171205934254 2.1513071631971 
-20.369151578082 2.5220746883349 
-20.305255698076 3.5683917575078 
-16.405547098085 2.1921749515026 
-15.862499059217 3.3933608527252 
-22.66617993933 3.2834568092222 
-15.362730767445 2.1431136814302 
-20.864224759741 3.2885328622575 
-16.503825116404 2.397550182301 
-20.863210605059 2.7591266644604 
-25.290685425234 2.641562205875 
-19.71380300072 2.6530435967394 
-22.383946882342 2.3351608926248 
-21.041471641041 3.0862218809727 
-18.170252956001 2.0429147225681 
-17.67897531082 3.6340006800892 
-17.821909994421 2.2615679437393 
-15.26356314494 2.8925719432779 
-20.340293299501 3.7579813492029 
-15.639820713855 3.6866074762764 
-18.51366586839 2.2744546039607 
-17.285086126486 2.0144294788728 
-14.764768654458 2.9919260181955 
-20.700017158973 3.2461380882237 
-19.937998598262 2.5491166927009 
-15.443266636637 2.1635635131254 
-19.557161592472 3.6065037976023 
-14.970964236018 2.9097090033099 
-20.771587952141 2.0207388834405 
-18.45401341622 3.4814635178447 
-26.134438411587 3.7030694651167 
-15.511499918692 2.1034931054963 
-23.313499906344 2.6137657307288 
-27.752268518527 2.1748421976555 
-18.308908458723 2.7125106516406 
-19.368188949128 2.0886318733374 
-25.844402126531 2.0315744400968 
-23.900109104961 3.3494021524401 
-16.852934094731 2.7867050759167 
-16.226649097772 2.8131662749798 
-18.788853081042 2.8249272183067 
-15.655913779148 3.2138219887263 
-25.524727068756 2.4323086067744 
-22.838500821791 3.5775192905773 
-22.969327315138 3.6246883371781 
-17.243663407068 2.2818161050423 
-18.182917535812 2.6543565374529 
-21.255087106552 2.7902426326659 
-20.157648620611 2.4060076361892 
-22.23369573045 2.1390926193176 
-20.218997526618 3.4583635568381 
-19.85432100687 2.2373516607608 
-14.986700301921 2.8765271630766 
-17.118268037569 3.3215986378219 
-19.235363177727 2.9531421202627 
-23.391042158488 3.3684936802786 
-20.929616801745 2.4198854557961 
-15.851715572558 2.8313440321864 
-16.477170643631 3.2095593867772 
-20.689121256744 3.1370037003335 
-17.928870020338 2.6322967717038 
-22.394490383894 2.2444187848277 
-17.889033027752 2.2100658485119 
-15.532611360211 3.1752130853963 
-18.723200132264 3.7445857362616 
-15.932748782028 3.7557891070265 
-15.160814423054 2.3899973598957 
-19.482848690925 2.0208868516619 
-17.367072783311 3.4298165774326 
-15.916861734019 3.6827908792788 
-15.203526782211 2.6528126228624 
-18.59680459552 3.0334741411408 
-21.301271729112 2.1499981077135 
-16.785737407428 2.5767581020588 
-22.835959488517 3.5912253878258 
-17.829442755039 1.9655891951584 
-23.395316535176 3.1088915901988 
-15.972962729132 3.3059204630236 
-14.811468672783 2.8490253000993 
-20.893355092419 2.203576794298 
-26.58680611242 3.1174683724704 
-18.050137238681 2.7591145747308 
-18.207473299852 3.5018414343535 
-25.587116603888 3.5875275186631 
-22.755587561422 2.6438938270254 
-18.130562245431 2.4060758541836 
-21.834458440975 2.731304020141 
-19.766835047222 2.7620197700641 
-16.961728023467 2.7364181564343 
-22.009068319037 2.3551923827602 
-28.141375244279 2.932431831875 
-15.84202918904 3.6394345779567 
-19.19962137519 3.4262406524213 
-14.813397313752 2.4059522673665 
-16.762880219681 2.8009315207438 
-18.227194628232 3.5531024104899 
-14.940132857121 2.0334531438644 
-28.002010489195 2.5838294439139 
-21.169846437792 2.1384882604473 
-14.796097201636 3.0648659768182 
-17.206918537597 2.6604737125501 
-22.791406726166 3.6485494539956 
-17.312575218039 2.8268128364354 
-16.499409367428 3.1902335933638 
-16.779769482718 3.2977141142852 
-16.648465206587 2.5616899716342 
-14.988411848377 2.6295860657001 
-16.242242742843 2.8076456883479 
-15.826903680678 2.1921273820997 
-22.942439081845 3.1636903969358 
-15.170515314306 2.6963886455564 
-26.834352063228 2.0523107068549 
-17.56816085128 3.2048689850306 
-15.638132136381 2.5136576370516 
-19.437297638073 2.2029180685811 
-19.700484524376 2.8450312141807 
-18.229497158346 2.3998947991809 
-17.472992799258 2.8922389709824 
-16.972119219058 2.1174890780874 
-18.862058171858 2.6619041718142 
-16.598118781768 2.8706600672399 
-18.316968833482 3.7357802017592 
-21.483758458141 2.1797227649672 
-15.05905587445 2.0243566475602 
-15.214618864637 3.3605068977785 
-17.078232534496 2.1942378617471 
-17.990949203906 3.688490021713 
-20.260624729998 3.734632199434 
-14.826926380111 3.1580161749046 
-22.61306444293 3.7385830226292 
-14.939741719302 3.4810114361981 
-18.153278094919 2.5875806441667 
-19.953277649838 2.348611378078 
-20.254561684078 3.5189867913347 
-22.487741007244 2.6906043759752 
-16.578171739823 2.1517432539008 
-14.828369472655 2.0419684261137 
-23.048168161952 3.1446240204024 
-15.486456078181 2.2997965721858 
-17.972813219367 3.4403085799214 
-15.996985985075 2.4503359877609 
-21.638723980158 3.6346172563878 
-15.572604695821 3.2705711294595 
-21.171212197753 2.4388341657859 
-18.859482127104 2.3453600223179 
-16.108293489392 3.4067890849956 
-18.617526654473 3.2878485394027 
-17.944147653922 2.554024095675 
-21.288119249998 3.0812290586633 
-18.732887587486 3.7069429608593 
-15.926076867498 2.5172896358153 
-16.770576588932 2.2639866918538 
-19.473313280089 1.9546253600605 
-17.952772582231 3.6580253157292 
-15.897726981436 2.339875893148 
-26.517111893303 3.3268724376059 
-18.569241305629 2.0824796238364 
-21.704603854049 2.353769548435 
-15.480408699898 3.1414759884868 
-16.540350641927 2.0451965263138 
-23.093861165265 2.1584214702624 
-17.513938595865 2.4197721327092 
-23.521093624569 3.7386286939374 
-22.090027330637 3.0611848136008 
-15.512667787161 3.5095444960246 
-15.674975882244 2.7183670004414 
-24.157689754545 3.4340364728062 
-23.153013953224 3.7562183467471 
-18.866867254854 3.3575870669372 
-18.330587568298 3.6757487283637 
-16.526031361731 2.7077432878083 
-20.982066836019 2.8522457216176 
-18.443913804053 2.3033573157843 
-20.071470950869 2.0247531336006 
-22.498708530071 2.1959321769386 
-15.021152656131 2.2726368120462 
-17.611988305711 3.2121403954833 
-15.386280910219 2.5788912826645 
-17.198417787562 2.597468607269 
-18.926834317505 3.1758953768048 
-19.623232085478 2.8343554336125 
-20.924359033934 3.7419241293619 
-19.043732643599 2.4992842781514 
-14.739422648901 2.9686506424894 
-25.493870501384 1.9536227510932 
-15.238027395781 3.5105546239089 
-20.608008030237 2.8071938615869 
-14.992970707685 3.0154018824047 
-23.340911217293 2.6443965812591 
-17.819282387954 2.6544878134704 
-19.851955980335 2.9565950714029 
-18.429095864584 2.6197824624643 
-26.343170776435 2.3330317056405 
-18.052722676323 3.1833990762853 
-20.503769261695 2.2725843640291 
-16.237544228529 2.1364434117341 
-21.300896876469 2.4433827371116 
-16.882009391506 2.6867030972928 
-17.032579025868 2.8314131016899 
-20.539490317283 2.5912096638537 
-19.073685405377 3.0925364990938 
-23.979087395385 2.9491708789527 
-18.040848546423 3.6753297250938 
-16.676610345112 3.4860834025736 
-16.253625040419 2.3811208153649 
-16.788008936767 2.9195025791104 
-17.092976132644 2.8876804367365 
-23.470233693902 3.5949968207105 
-24.208519006518 2.348045118343 
-21.328414585419 3.6577604559975 
-17.806743226943 2.5718604473367 
-20.182893318265 2.0889891946759 
-16.362114944782 2.5819678959619 
-16.989762244428 3.4724067058014 
-14.997389782543 2.3940651138385 
-15.107190886241 2.5806339257436 
-16.065691533033 3.1485217029817 
-15.204201951606 3.3553402789882 
-20.473407329446 2.3194101119447 
-28.849946564141 3.2455575074448 
-19.456562216536 1.972633688709 
-15.979009438444 3.7732919940013 
-19.010422010881 2.0167031469093 
-18.64196256322 3.5819341974065 
-18.589121356857 2.4175147305567 
-15.123044790907 2.1777632760713 
-17.648620513533 2.3915902700275 
-27.270519054764 2.6866609221705 
-16.659829720283 3.4359532572878 
-17.49983851238 3.2384641651935 
-14.814437133408 3.1655927690777 
-20.170552862508 2.3998004352859 
-17.129818183526 3.0517213698017 
-19.228835423218 3.6689323608444 
-17.663788408656 2.3813928858673 
-21.512305077078 3.1848444576654 
-15.287840326153 3.3302276601935 
-17.00122677722 2.0193536522047 
-15.41717487944 2.5426260822369 
-21.935430354037 2.8955491939852 
-16.689926310104 3.508502122334 
-17.661671261459 2.5596199984812 
-19.411794889815 3.1345781747327 
-24.456591563609 2.6632039248288 
-15.716492982598 2.8241627760794 
-15.221834287037 3.6069789395486 
-18.073798975826 2.6128291440422 
-23.30806005854 2.7965063576666 
-15.585706947791 2.9321799702224 
-19.682768129027 1.9977805892653 
-18.977245046813 2.5742484765331 
-18.30036672975 2.3970846116444 
-15.390413496439 3.7099385227548 
-26.086809854711 2.4936142780591 
-15.824048790576 2.3570172998522 
-21.570006678035 2.3323565989816 
-21.021778404313 3.433377923598 
-18.905665757179 2.7337659341471 
-16.136916145413 3.7252031412765 
-20.352977548735 3.6623718971113 
-19.528105196703 2.5113672332152 
-17.137774984538 2.0687873278539 
-16.310218199686 1.9844358464608 
-20.24520114644 2.4882283834013 
-17.10335825621 3.7294407059368 
-19.170790212877 2.7072231818605 
-16.424051985629 3.0219169317983 
-15.683491973783 3.4051300065042 
-20.582874112997 2.1308927658065 
-20.89316574847 2.8830909437727 
-20.150881294718 2.5912231786013 
-18.524218495305 2.3874200403146 
-16.233366667693 2.0935219262076 
-16.331847624417 2.9847867845424 
-17.704748428034 2.4972564226153 
-15.919348003985 3.3745398272927 
-22.682585095781 2.9808347381593 
-18.901316666936 2.215126518192 
-18.017229334672 2.8857544265717 
-22.297433954792 3.2841823639952 
-18.82819965753 2.7679944603482 
-21.398232348349 2.9443916481058 
-19.169252121141 3.0461284492644 
-21.934294800366 2.0000680703128 
-16.017557312538 1.9635136838102 
-17.84136940155 2.7128157505344 
-17.372930161567 2.3097462383489 
-25.440484290092 3.4713767890597 
-17.142080649087 3.6462882788116 
-16.68541689175 3.7592839346614 
-18.092313540446 2.3524848973045 
-16.61831487451 3.7145054850234 
-21.310206117768 3.6648761464976 
-14.867790364494 3.7048784543422 
-19.527796227087 3.7338524785249 
-22.035166128294 2.0001597874337 
-21.478862912473 2.9965653091409 
-15.512145385889 3.7508034999391 
-16.414300829491 2.0780130354128 
-17.418791338586 2.7876072290152 
-22.069624091188 3.0290393760331 
-16.046591728077 2.5336966842341 
-17.945913773297 2.9639083610596 
-22.426812480352 2.6146067620678 
-24.089668888231 3.2700532773035 
-24.735680568616 2.4110470241177 
-16.732663094745 2.3811862291474 
-17.592483997827 3.7150900945876 
-15.831469734996 3.0033789413952 
-19.109832778146 3.2620066646004 
-21.253675499286 2.2312937587024 
-21.87753408081 3.3990665581698 
-15.112636804236 3.3065564253938 
-16.027477218498 2.5054753043007 
-17.664811911763 2.3250908954983 
-25.389264740861 3.7566308369697 
-17.691837395415 3.2047813535183 
-25.071132132504 3.717521706146 
-27.565699250731 2.5756516751347 
-17.700701006399 3.7638452583775 
-16.454650430284 3.1286063974745 
-15.246961170962 3.702516846029 
-15.722276793842 2.1207011621093 
-23.365276410948 3.7062441880862 
-26.56324788683 1.9735170777121 
-21.126815823851 2.1436936158203 
-16.016768304032 2.3305871943451 
-17.682738284651 2.6426863358159 
-18.859007815334 2.865233860088 
-22.661681886085 3.095760250711 
-26.01200597962 2.8009259304632 
-16.862759316578 3.372620137516 
-26.433961997238 2.0857252793948 
-17.074392879685 3.0264846101867 
-18.132520321989 3.0335004612925 
-16.450423570746 3.0990770895113 
-19.338384130909 3.4785047733459 
-14.886776864062 2.7144533138568 
-26.127640015472 1.9597012013405 
-24.253081997982 3.5786855677814 
-18.058712328402 2.7152278898413 
-16.856583641748 3.3959762245488 
-16.35436717439 2.6759376209101 
-20.787465024862 3.5806926328812 
-19.007637684389 3.0393475901556 
-27.049207462157 3.0302895043251 
-15.606548700153 3.3659780392769 
-17.544658050946 2.2500183031135 
-19.629865759355 2.8933187748586 
-19.565947820102 3.0219603314487 
-15.238701334381 2.7058595191688 
-21.302830964486 2.8664336952553 
-24.396762317182 3.285926182566 
-16.322988205303 2.1915845489469 
-17.245003566048 3.5599053641206 
-23.970006761326 3.151060732758 
-20.751623914452 3.1689286851941 
-22.241846767991 3.0072510841672 
-22.200237847601 2.6848313514298 
-16.425930018907 3.749371253567 
-17.432350364725 2.6238238080141 
-16.891794433708 3.5706518277361 
-17.467645026213 2.5504552729121 
-24.734918034571 3.6692262444151 
-23.704497168099 2.6291285698295 
-27.413062455665 3.031008779594 
-20.438504887092 2.2670977961381 
-21.592897609235 2.3200438716651 
-19.370789011298 2.9333996500713 
-16.139004257968 2.5388162316718 
-24.065028360974 3.5632315322105 
-16.953490603177 3.7734060488115 
-19.422687783428 2.9300263584165 
-21.221156008539 3.6348069066947 
-21.701442041986 2.398630917146 
-15.569574375744 2.9685181606857 
-18.65463989792 2.3475142983149 
-23.516636164025 3.3541705405 
-17.22851966173 2.1578970102193 
-15.930435425883 3.5919425883054 
-23.261796428428 3.0146616969088 
-15.650866266979 3.1652129646888 
-25.356633771352 2.6979348826364 
-25.919181000546 3.5804449650087 
-24.25780076768 2.6869606692552 
-22.848775748474 2.0072772187969 
-15.288007817034 2.7855240008081 
-20.675725661184 3.6619538609844 
-21.975377684624 3.3727323933178 
-22.660763090933 2.0568194339377 
-14.833484150725 3.4558906560291 
-15.427786211697 3.3965960731197 
-23.85290635028 3.2412405257032 
-25.045316809186 3.6130259901892 
-19.250850359241 2.4598877197344 
-21.39027178659 3.1389044074805 
-19.2968886074 3.1609918654631 
-16.253529130921 3.1087275665536 
-19.429552614078 3.405361961513 
-14.853877471282 2.1405062877035 
-19.874721363947 2.6060084092562 
-18.294654314543 2.5042828579854 
-19.897249480441 2.6642438640288 
-22.46870166033 2.1999641333975 
-15.023363312211 2.3297631773408 
-17.383357335311 2.6427517872394 
-16.956933133631 2.6745564042642 
-15.257566868838 3.5830367147409 
-17.954165052125 2.9195120280699 
-20.908455694816 2.1784957700923 
-15.618778459703 2.4219690812414 
-17.317947613501 2.7086532044483 
-19.823174695436 2.3522732117691 
-23.00467571765 3.1992264517229 
-15.036488343092 3.0753377336979 
-24.908134594147 3.3557793029691 
-17.374522222719 3.3017661258409 
-24.392812957782 2.654535240289 
-15.440661740081 3.2917666977368 
-18.425966442719 3.3403469517205 
-16.644085158497 3.7703864013476 
-16.325945777583 2.8557759977772 
-25.146484501145 2.616752912684 
-15.433314752942 2.1882790101195 
-14.764882982348 2.3363507341337 
-22.246826010325 3.1149397229905 
-18.321035007437 3.1056571325574 
-17.884280699013 3.4565243124251 
-18.703029674717 2.1943156971064 
-19.728398689789 2.5960136327043 
-22.994870997814 2.0149428167002 
-15.306830455906 2.1944765416384 
-18.430948694173 2.9436179631974 
-17.588585455806 2.6888218779768 
-16.738025252815 3.6851333956912 
-20.116777027388 2.9741961003406 
-17.290815549636 2.0233258427287 
-19.167661324602 3.4207829448563 
-20.914789839067 2.4027541425906 
-15.90460754909 3.1557280085867 
-18.074273540293 3.1658536924464 
-25.975079437693 2.7752939307811 
-16.655658138895 1.9432005503006 
-15.426025007658 3.5902043139069 
-21.787404456403 2.1378281798748 
-14.93683079852 2.550887301275 
-15.996139100228 2.6577765143749 
-25.647283810785 2.5856305446709 
-28.864786603143 2.5214871280887 
-17.022289516447 2.6695903114992 
-18.191582256993 3.5775234985508 
-18.468690585977 3.4934208223986 
-24.935798803349 2.0302345192332 
-17.116907356764 3.6777764775205 
-16.583254797144 2.2247085447683 
-20.5183773125 2.0889874233054 
-17.123751764655 1.9369052337668 
-20.517719793084 2.7892940301193 
-15.834850486308 2.3045086031669 
-18.155103579177 3.0575023052659 
-22.375748675162 2.04810599134 
-15.680342991551 3.6547287282134 
-15.158734191088 3.7542943466088 
-20.363160495598 3.5341989305594 
-19.004623590866 2.2842577524474 
-22.754357208997 3.691826196741 
-26.275659621446 2.3798756193184 
-20.748703164737 3.2861871058226 
-18.907322402635 2.853362448388 
-16.420561187083 2.909890792538 
-23.511950093855 2.1731352492269 
-17.53447286754 2.7309286234024 
-17.420092694537 2.7244507384874 
-16.377323279604 2.0934807380754 
-19.076246653435 2.5025692989414 
-23.922214768071 2.3245067017809 
-21.157471709751 3.1607468475288 
-15.168175359085 3.7587855853409 
-16.613398038722 3.657830651251 
-19.913616852031 3.4791328171652 
-22.816193290736 3.5570414827133 
-23.961572207309 2.7899028361888 
-23.320428889965 2.6516868957802 
-19.040586583579 3.1386831165312 
-18.325223116412 2.7946782111857 
-21.549519716878 2.093464759088 
-15.305791987956 2.0211072603788 
-14.863967037738 2.3444524783299 
-25.476402334236 2.1865183174125 
-17.610520582131 2.7137089816579 
-19.375451796899 2.1498649665482 
-22.240775885143 2.6032864483353 
-19.096065418803 3.2080178628336 
-15.477483157573 2.784573687966 
-15.942044074591 2.3775558581829 
-21.239827789461 2.2812157396809 
-16.944579482091 3.1531670871903 
-19.699543139318 2.0672200132436 
-16.266429788832 3.3167228544223 
-22.8607057954 2.6371267604431 
-19.882819969964 2.1474104124433 
-22.81984671671 3.4945657113607 
-14.790813824499 2.5482747694439 
-26.967841651849 2.1418726111964 
-15.616306622959 3.2035242348487 
-26.848635907486 2.9836868544165 
-18.219480620882 3.2931583839079 
-24.030685890276 2.96845103837 
-19.985540026175 3.4247592807909 
-16.016055756996 2.9209499082175 
-19.335889145533 3.4601135889649 
-22.17034468192 3.0144173098011 
-17.282302700232 3.5397853736678 
-17.590425738366 2.2556294988053 
-18.877854610541 2.3648238150971 
-24.172348609111 3.2089579251982 
-18.168500615103 3.5802270645133 
-20.141883354869 2.9123682083199 
-17.348359027231 2.7452361785196 
-23.889908059557 2.2435594352035 
-16.454186583299 2.5300306189474 
-15.276561673615 2.3336548769101 
-23.412186583571 3.6614224133292 
-16.543705930023 2.5414885884888 
-20.430683192118 3.0260310472948 
-18.035329641111 3.4993565931749 
-15.377387233584 3.1335914645176 
-25.260446810416 3.2503247189868 
-14.754777714924 2.3578591312998 
-18.631700831419 2.9148821715055 
-14.95380315039 2.780371029551 
-15.984829555616 2.6867981087288 
-19.354194733212 2.87472144331 
-21.38055207284 2.8914432390886 
-19.456732618354 3.2397873560956 
-19.937362021688 2.027453608219 
-16.557193922659 3.5048892096098 
-24.579216619457 1.986478639458 
-17.25115046923 1.9319967952394 
-17.273167893238 3.6541308222574 
-17.721128248321 2.852923685751 
-20.020217363606 3.7184080087656 
-23.456200134149 2.7112131310597 
-21.067920000552 3.7721723128906 
-23.782969821615 3.3535864260742 
-19.38435042096 2.7277193983825 
-21.863855900576 2.1004810605473 
-15.35873592534 3.6551484759117 
-17.630862675255 3.0837603221246 
-20.681748171144 1.9695007207958 
-22.279708048036 2.3264693348433 
-19.591261613588 2.2340282179718 
-16.759131406358 2.697888824768 
-21.074336896433 3.5278469380971 
-17.888750010312 2.108342568654 
-16.440501712579 3.1948551335532 
-19.381292870454 2.9837757585323 
-16.092282724489 1.9399199592156 
-19.583543979662 3.1549894855468 
-15.181686460252 3.0785492833127 
-18.946300866817 2.9365801382923 
-15.167458869799 2.2042543513326 
-15.776640386179 2.1604079313458 
-19.422858862528 3.0199939391048 
-20.023124807711 2.3398375098487 
-15.773460097503 2.878519542082 
-28.657241309955 2.2156419737177 
-17.727609130212 3.6436868554312 
-22.489274962147 3.2099605963063 
-15.534732596789 3.0162099388761 
-19.124645903166 3.1590779888398 
-20.461270009057 2.1476126670645 
-15.242611822508 1.9663976368768 
-28.864014536295 2.4245340335147 
-18.148703677354 3.4356859035009 
-18.052161353281 3.4835003129692 
-14.884779310193 2.4179961008932 
-16.236928370736 2.7835074819777 
-26.037457363816 2.7643084208938 
-19.981962794758 3.0317346751961 
-15.26811147881 2.1945306056961 
-20.156461427606 2.4563346316627 
-15.026069479647 3.2223259022651 
-16.745979854914 3.103962367514 
-17.440049873605 2.6234421037247 
-15.589147225935 3.1977118344886 
-14.901365372641 2.7010947246057 
-18.81063960472 2.5668979559588 
-19.623242381396 2.2929789024816 
-17.306081892121 3.105086015811 
-15.947537937169 2.1773566298887 
-16.422237145015 3.6535592954342 
-20.825253111704 2.1922082490029 
-21.569922894778 3.5527764325833 
-16.030194166378 2.1739645148669 
-18.331151096968 2.9118234780932 
-19.23803460035 3.3310068207438 
-14.799372143233 2.6372514340944 
-16.532686533546 2.870705042689 
-21.112661063201 2.8330434363545 
-17.261542155475 3.67004884844 
-15.698065567939 2.1984392950246 
-20.154525863139 2.3721987359662 
-18.979413444739 2.5719215667849 
-28.692162565073 3.6559951800441 
-18.561783437465 2.5216071933508 
-15.95586194727 2.9321861882746 
-17.748326161753 2.4098819807298 
