-3.838885497105 -1.2591218530486 
-4.5029597910384 -0.93962588049404 
-4.3027902183736 -2.260984244813 
-5.5953144475486 -2.5217793256172 
-4.8243050779918 -1.7040047694085 
-4.122683613805 -2.4135312067121 
-5.1694910835102 -0.95939503802665 
-5.8509882215828 -2.2894244235695 
-3.7451958680741 -2.6227488609364 
-5.5429986758497 -2.5719323271426 
-3.7376504336933 -2.2983682913867 
-5.0898982064027 -1.4194090920942 
-5.6422738089813 -1.0859650038211 
-3.5770072883258 -0.96263032137538 
-4.8232360986415 -2.2217428414445 
-4.3602213952131 -1.1723030485772 
-5.2624290127553 -2.5790159474805 
-5.9242174217562 -0.9424200152168 
-4.9366142359239 -1.9183736416551 
-3.8546722777963 -2.7755105924589 
-5.7086432683811 -1.8933164430598 
-4.2547581551826 -1.5192471601685 
-3.6231414911124 -1.1586817572262 
-5.7545996658808 -1.0949459432243 
-3.304531364522 -1.4903366937373 
-3.4009920860347 -2.468734435209 
-5.5115958934175 -1.6160742511094 
-4.7403145393676 -1.20924129882 
-5.6057508753182 -0.92583112347162 
-4.006861056253 -2.097718219535 
-5.7170885998655 -1.4484541171521 
-5.3045421846596 -2.8427550084244 
-4.6939073436671 -2.4502877053963 
-3.3616406438872 -1.9801498731136 
-3.944069355681 -1.4440917053132 
-5.7931287960204 -2.7132945145003 
-4.9026246116689 -2.4452804246367 
-5.2355154546264 -0.94841772715324 
-5.6858593923349 -1.3012215349524 
-5.4414851738884 -2.0123007527803 
-4.8334050497632 -1.2436952702584 
-5.2971617149717 -2.3396473207813 
-4.3202622026723 -1.8231512170911 
-5.6583755040572 -2.7687371294477 
-3.2629448813367 -2.0675279881461 
-3.8698003443435 -1.3759640545727 
-3.483935032589 -1.7537820344387 
-3.3346214529105 -2.300713721238 
-5.9184212885686 -1.173075732363 
-5.7218115176417 -2.4974244178656 
-5.3802772501686 -2.8008897119617 
-3.3566004522909 -2.3656701691588 
-4.0540607030637 -2.3537492409082 
-3.4663908299064 -1.263708360387 
-5.0562207463908 -1.4499111690202 
-4.9584403688548 -2.8386744449812 
-3.3734697818564 -0.91650908669363 
-5.0793188111435 -0.90857234431124 
-3.399041213231 -2.223439530243 
-5.8333722543537 -1.2359546771033 
-3.3764299574416 -2.2481200853058 
-5.5074588298884 -2.1025550104891 
-4.9463797292786 -1.1893526810222 
-4.4494179243077 -1.5956217144265 
-3.2399995373444 -2.2740910383694 
-3.5848320042318 -1.3903180413849 
-4.6440902397016 -1.0808882248591 
-3.4613933408052 -0.97525382585553 
-3.5846728332315 -1.596183386938 
-3.7958329007518 -0.96694554922367 
-4.0102605486138 -2.3431733272263 
-4.6757439283936 -0.90481236824836 
-5.4406039482357 -1.3182397248688 
-5.6852804326699 -1.0418911007038 
-3.9760043580911 -1.8065165229981 
-5.1431788717057 -2.5091809717804 
-3.72172648212 -2.1104134222192 
-5.2761852225431 -1.9943004660116 
-5.6831261005446 -0.9203765666964 
-4.0000000849066 -1.2522168815472 
-3.3153295450946 -2.2416012793023 
-5.7144672605761 -2.5385278673737 
-5.5776792518242 -2.013371718644 
-4.489060424541 -2.7527657003521 
-4.2397543787402 -1.6384831890684 
-5.2676324929916 -1.0213204667976 
-3.8568977642308 -2.1585460268164 
-5.0217410087138 -2.3622712642982 
-5.2784511929114 -2.3036670357105 
-3.8720094246026 -1.3111934322454 
-5.6579521766989 -2.2249984561248 
-5.0317925154512 -1.6945945724113 
-3.5167730892031 -1.61362978788 
-5.8495132817215 -2.0846886853192 
-4.2056230092931 -1.8154519510304 
-5.4154195094337 -2.1135853060395 
-5.147681291028 -2.766562824993 
-4.0323403184599 -1.3477800810242 
-5.5741003478084 -1.4943256319379 
-5.1420452585143 -1.5644269642614 
-3.4877255038095 -1.8633286020165 
-3.9162233736824 -2.8263661779511 
-3.8408095020386 -2.4162754746822 
-4.9628254627626 -2.3087393001394 
-5.7519413755734 -1.625680969306 
-5.3525940836916 -1.7015929032078 
-3.2571292877997 -2.83125516147 
-3.6402082620868 -2.5540586667582 
-5.0920285711996 -2.3269669229334 
-4.7452017344445 -2.5561695221044 
-4.0645298559289 -0.96213313067515 
-3.8351281188646 -1.9322846047156 
-4.8985641348333 -1.8820365670754 
-4.4937362578295 -2.3305489410702 
-3.8996801932492 -2.8786728717837 
-4.1334775123702 -1.2125088636213 
-5.2417060787239 -1.463705206058 
-4.0612273467672 -2.4156741288852 
-5.5547701618146 -2.0152689854532 
-5.5383419193346 -1.0941751162924 
-4.7091173571211 -2.725630405549 
-3.622000586345 -1.61231072666 
-5.2551815892004 -2.0344591306433 
-4.6414589439356 -1.3481751703826 
-5.6351867245245 -2.3446487864581 
-5.9069763369735 -2.6816580387529 
-4.0364771354097 -1.8641465702718 
-5.0431764006617 -2.1712455056384 
-4.1617408289334 -1.13977035947 
-5.8189332440785 -1.0561592265212 
-4.7342955417017 -1.0686976596085 
-5.4157164083697 -2.502598568225 
-3.7894922463434 -2.5169941788734 
-3.8794978384316 -1.0351061477547 
-4.6428378741326 -2.0899704668781 
-3.4956661699987 -0.91186718922677 
-4.5968572487442 -1.0835319617657 
-5.1262978235828 -1.3674848126967 
-4.414579182351 -1.3716939968883 
-5.6196590958021 -1.0988014798125 
-4.8215596357393 -1.7314214377647 
-5.4025034572272 -2.1897499735691 
-3.7670781817348 -1.9045450702119 
-4.8704624344799 -2.5736785445255 
-4.2491368052231 -1.5095305341801 
-4.5606630686998 -2.0492723630601 
-3.6840458411259 -2.6243321731772 
-5.6934954284681 -1.38225606635 
-4.4619978564674 -0.96234106385464 
-4.3136771750137 -1.5266051687707 
-4.2502464447348 -2.5330535552819 
-5.586889248479 -1.3534643780329 
-5.5468384421743 -2.0344689158603 
-5.4517302669995 -2.5973344953931 
-3.799600187437 -1.2405651786598 
-3.3441697810835 -1.9813642451789 
-5.9125617844888 -1.8614203497899 
-5.1582095733484 -2.8028693506997 
-4.4223181184602 -1.41398301726 
-3.431846536768 -1.1214433834756 
-3.5720834448466 -1.8659978239349 
-5.027823743965 -2.4166976661826 
-4.6832236043542 -1.8429822009208 
-4.6295395925736 -0.90286395842373 
-4.9084341070865 -1.4726152499697 
-3.592926961538 -1.5073616978712 
-3.3898052187984 -1.3406416891372 
-3.624697894683 -1.8027794978185 
-4.742313168122 -1.0095844395083 
-5.4472142853444 -1.6861991664177 
-3.9255202714683 -2.2813609137597 
-5.716845519137 -1.3148952099157 
-4.0548967651626 -0.96350860162667 
-3.4254708100757 -2.1226625294734 
-5.9281416428717 -1.0967387199239 
-4.453968481733 -2.4545080681172 
-4.3896218904654 -2.4425790114432 
-5.4795406490774 -2.6643677267871 
-3.4597214831379 -1.1500304598404 
-4.1925305962283 -1.1343906117249 
-4.7869684563661 -2.1574372538165 
-5.4459735695643 -1.6519232541548 
-4.9711175254095 -1.8169022146892 
-4.6504041520999 -1.1481876940801 
-5.0687414750105 -2.0643376787153 
-3.2250123026451 -1.1220153569111 
-3.6074989094772 -1.5323653020087 
-4.1865321843781 -1.8531263378185 
-4.9615651231626 -1.68324600563 
-5.5632914991232 -1.7259386898445 
-5.5411294884834 -2.7311485257893 
-3.7868638287509 -1.5227859483507 
-4.5375659818744 -0.93200182693752 
-4.2754374009437 -2.131217976383 
-5.2493551513186 -1.783146629977 
-4.8471829590594 -1.6562309820407 
-5.7903374747288 -2.4097839909967 
-5.884874456497 -1.6196883102696 
-3.7349804438513 -1.3848390594419 
-4.132423994918 -1.0990945231439 
-3.7357345701592 -2.1083808564618 
-4.8571921229794 -1.8846836986407 
-5.6685171477279 -1.2393078858572 
-4.8636966809117 -2.4255987559783 
-3.5310324062171 -2.5914035761135 
-4.7562587248231 -2.5693131156336 
-5.5444957462558 -2.7018796441485 
-3.5319965370882 -1.9806378508622 
-5.1111615543007 -2.785722354218 
-4.1618282753121 -1.9928621448001 
-5.4743660544138 -1.8301935224635 
-5.1623851051983 -2.0382389852556 
-5.4578708994198 -1.727746960277 
-5.1466590521151 -1.7201612748552 
-4.914417644793 -1.9108074273926 
-4.1750171825678 -1.46591327412 
-5.2926965481626 -2.3918649871052 
-4.2975174202405 -1.6194279783562 
-3.5643435237261 -2.8551513951281 
-5.7162629421809 -2.7974407470575 
-3.7580875152015 -1.4592240037329 
-3.331181852287 -1.2679715743896 
-3.4696034704661 -2.5557425584855 
-3.6544783207821 -2.2022950884109 
-3.8078313820488 -1.2836618797248 
-4.6331012751681 -2.7755807492981 
-4.7398191889035 -2.2621259590746 
-5.3977220433518 -2.8010437154073 
-4.3413244803181 -1.4765836355056 
-3.4936175193186 -1.8711747276139 
-5.3950790521954 -1.9108542207423 
-5.3470858870922 -1.5601203549293 
-5.3903885952431 -1.2821145194104 
-4.7413646842375 -1.799381378249 
-3.7386975005656 -0.95329232755369 
-5.9150829960971 -1.5742541261341 
-4.9639192808836 -2.0085545859971 
-4.65928474778 -2.8523516415471 
-5.935860145377 -0.974269327812 
-4.1969526317633 -1.8081907607057 
-3.2300500665003 -2.465614617841 
-3.2795699334114 -1.0338288238777 
-5.5135542993008 -2.1221542145205 
-3.2233424296568 -1.8810720638472 
-3.7820646454028 -2.0166201870385 
-5.6273159212489 -1.0122694457179 
-4.789130967158 -2.4545584173591 
-5.7704925467662 -2.4556736344447 
-5.5544804249913 -2.3834591904262 
-5.9156813556577 -2.7094941336816 
-5.6414011786257 -2.5383123662507 
-5.5461710476919 -2.3971785372131 
-3.7173239202196 -2.604573814518 
-5.2043510895327 -1.3374987165922 
-4.5956107540939 -2.6747333433763 
-5.4675995875791 -2.3049528631862 
-4.4656978448872 -1.1076588518535 
-3.5208904218383 -2.1199004759171 
-4.2786720439319 -1.1312959974414 
-3.9439658339995 -2.1864258079394 
-5.0571160779045 -1.1010686244717 
-5.7217358942541 -0.96441126814299 
-4.5499721115609 -1.5692590388128 
-3.8032857420366 -1.495730950331 
-3.643149312454 -1.3149994324735 
-4.3497738190248 -1.4683750565505 
-3.9848707883955 -2.8383455702154 
-4.6543446650319 -0.98032530616267 
-3.4620750380598 -2.5309564737504 
-5.4308714964291 -1.7018634434817 
-4.270705948256 -1.7006276932305 
-3.5916638408412 -2.841844861591 
-3.6522216455912 -2.509481432379 
-5.874152934017 -2.7273927253983 
-3.3452664698174 -1.2710295482162 
-5.4226961079036 -2.1228935019153 
-4.5739086087502 -2.4291771285568 
-3.892775662561 -2.047393140417 
-4.4255197278697 -2.1451413549178 
-5.0536309961576 -1.1713012496177 
-3.2930004421715 -1.6930650989599 
-5.2351001046209 -1.8004966244725 
-3.3141031636253 -2.2310953844396 
-5.7002231970445 -2.6017099625176 
-5.6742846456604 -1.5089651468089 
-4.3662352995203 -0.99355557542071 
-5.740884263948 -2.7770462784499 
-5.3663533731944 -2.6771757614638 
-3.4834937205773 -2.134470411984 
-4.0378922877443 -1.414881206505 
-5.909834436429 -1.6033714099964 
-3.6170648315112 -2.5369995792523 
-3.2868537813381 -2.8462012922845 
-3.3449009056598 -1.3679055464578 
-5.7049757417377 -2.4072649844169 
-3.8341124035428 -2.0210528837472 
-3.7340983768308 -2.5361848982 
-5.9251049203021 -2.4658143951037 
-3.9325867024233 -2.1706664589396 
-5.9356415189658 -2.6094755550401 
-4.0360573522938 -1.8995354647815 
-3.6333897503464 -1.6261075842436 
-3.6801910992697 -1.1594312570897 
-5.4178225005598 -1.0298320557632 
-4.5805270962516 -1.7309099838499 
-3.9446301783404 -1.5819704321543 
-4.7252687212482 -2.5999980864372 
-4.0311157915181 -1.2899221214617 
-3.9576470712455 -1.1156240111199 
-5.0974051946892 -1.7021142023573 
-5.2797874591921 -2.3948717228495 
-3.2851587047546 -2.5048125200947 
-4.573852486277 -1.2484479221484 
-4.8221596152586 -1.938184212916 
-4.1936067856687 -1.824392281609 
-4.7567482023128 -1.2857067525601 
-3.7027387079675 -1.9198443410258 
-3.7662720446449 -1.2061990882223 
-3.4684808085268 -1.1616001154561 
-3.6512560737675 -1.4944570162272 
-4.7365934408842 -2.2718764829453 
-5.8614050331706 -0.92303702828706 
-4.4286012846293 -2.4110233312149 
-4.0518893273473 -1.7226900414357 
-4.1890215655956 -2.8591713295263 
-3.4230324950058 -1.2930047931882 
-3.5601616556612 -2.7516729338499 
-4.10820605182 -1.3021475009247 
-4.3417879050333 -1.9720984956683 
-3.352003695336 -2.1828830330667 
-4.8107872805098 -2.6014388929463 
-5.7072373482754 -2.5743961350898 
-4.896862633226 -1.9355913589725 
-4.9279035703696 -2.8258660221453 
-3.5773927223401 -1.2147163416662 
-5.9196826774666 -2.0999284450467 
-5.5487128173673 -2.2121453084241 
-3.4475950833481 -1.7606087823544 
-5.8579600588046 -1.2047743334287 
-5.8467329822959 -1.5845226747539 
-5.7162675672336 -2.0302302267959 
-5.7543732058745 -1.4473023383584 
-5.3385649645532 -2.3541826408015 
-5.1685528109964 -1.269124781646 
-3.3027163378371 -1.3219109057771 
-4.4574865901058 -1.6146729166183 
-4.9683569914666 -1.6697937048501 
-5.4705350699787 -2.5875948275168 
-3.9116436175748 -2.2980911279992 
-3.7213296358901 -1.5505149456435 
-3.5561980891803 -1.9874429316442 
-5.5719677117972 -2.6909851693664 
-5.5477642641358 -1.7924908113471 
-4.1497412354859 -2.7272417958322 
-5.379970670396 -1.1335358840191 
-3.4180817771671 -2.4252170122334 
-4.1043284000293 -1.1809254749483 
-4.6994924696979 -2.1426288602148 
-3.612750872489 -1.0636340673332 
-5.2272308612068 -1.2339241372996 
-4.5699539848922 -1.918326523409 
-4.0235588124706 -1.4360482854104 
-4.9592475125754 -1.2713522183798 
-4.393213801391 -0.90608137939403 
-5.3949547439208 -2.5976827868055 
-4.7505560103823 -1.9691949899822 
-4.463434158003 -0.90171842552367 
-4.5391998587144 -1.8704848448883 
-3.9217568241661 -1.5477001589314 
-3.9379445257752 -2.0206529112278 
-4.2363078336194 -2.3249304974439 
-5.0388624496892 -0.93338163314319 
-4.7716515460612 -2.111180172782 
-5.1320055302856 -2.5652924533604 
-4.5651953939667 -1.1558506228783 
-3.4439049765816 -1.6124243098332 
-3.2336967688847 -2.8866365035153 
-4.4435295119559 -1.9172559318992 
-4.6007623994267 -1.3361427855736 
-4.1026078510737 -1.678259671397 
-3.5327293492127 -2.4960540022035 
-4.9489045409858 -1.6199433755146 
-4.2855538228767 -1.0910381628188 
-5.7282536471195 -1.3901354774352 
-4.0195325364727 -1.6492415259367 
-4.578136692698 -1.6148672657698 
-3.4885093990662 -2.6492315332466 
-3.6613531097385 -0.99394518492394 
-4.7278870283278 -0.94001033494838 
-4.2071195282799 -1.0739606542055 
-5.8197875488086 -2.8553923541775 
-5.3469475541247 -1.9787052653687 
-3.8488621350517 -1.0180049688539 
-3.7290563090513 -1.986648934266 
-4.4055505244923 -1.4345667623744 
-5.4795082310322 -2.5571890422755 
-4.9495231842449 -2.4121931465175 
-4.8131434217175 -1.6677785794627 
-4.5799794025653 -1.3483873857909 
-3.3848288256905 -2.3248867113688 
-4.7078692775211 -1.44832394591 
-4.9257457178312 -2.4733478726039 
-5.5812955411955 -2.7285125957031 
-5.2100273347818 -1.3436215789586 
-3.6837069160053 -1.9291161365514 
-4.663600750769 -2.6612273564728 
-5.4411127637517 -2.0563680639656 
-3.583566422252 -2.0255799248237 
-4.2757237611116 -1.6319935630408 
-4.061391940454 -0.89757678318296 
-5.0323472330593 -2.6509974541685 
-4.268221376908 -1.9590352925981 
-3.8407751878114 -2.5016643010179 
-4.4696926186312 -2.2619267385651 
-5.7711418241824 -1.1560816183469 
-4.9812931749105 -1.9156675384445 
-5.5007619553101 -1.2873484929568 
-5.8703148284565 -1.2023207583829 
-5.4621485211512 -1.0031233579307 
-4.3115274150176 -2.8896249267393 
-3.6470933309254 -2.0698741879294 
-5.3654952974319 -2.3537647370075 
-4.6744769984026 -2.7756048548507 
-4.2606160714116 -1.5871556223492 
-4.7675473778507 -2.0228191260951 
-5.0374323180951 -1.2880111970386 
-4.8413884681201 -2.6138418768896 
-3.4135188576377 -1.3740245099508 
-5.5536133135547 -1.8701713801194 
-3.7936687980148 -1.2387492645171 
-4.8989110156745 -1.7393698262525 
-4.0571253065625 -1.7339670154242 
-3.2083626044725 -2.1155996417615 
-5.0895653892183 -2.3344976557898 
-4.1045524129278 -2.3993785785789 
-5.2166662490991 -2.6313715626237 
-4.6569885917766 -2.1651206426455 
-3.5109676455561 -1.1784544679032 
-4.7464794283689 -1.149274191441 
-5.1122383153952 -1.17235294432 
-3.7645061621454 -2.1956199444867 
-5.3622701976336 -2.6169843479931 
-5.8158569625443 -0.92293147178273 
-3.9142027773447 -2.0740244997156 
-3.7907413394008 -2.4879618648111 
-4.4778942183448 -1.7241951928942 
-4.8656265068096 -1.82366980953 
-5.0240568986448 -1.7686686857208 
-5.5973097236418 -2.1269616939566 
-3.6896239552215 -2.7384665819053 
-3.5005142353119 -1.1661158817258 
-3.5346510173012 -2.5564318531584 
-4.5533743603286 -1.9934214001531 
-4.8376464835053 -1.0795465065748 
-5.9180130957152 -2.3095392159364 
-4.037710229606 -1.0632473075723 
-5.3394895484063 -1.957055498016 
-5.5368864825951 -2.8706192861257 
-3.8114464395772 -2.0922400527064 
-5.5604683738729 -1.7501576211133 
-4.573913402396 -2.1226557204418 
-3.8372720679442 -2.297614692687 
-3.3094946720121 -2.1776314508095 
-4.6145147997601 -1.3791540841608 
-4.7620666940676 -1.9243739063446 
-4.8645664321638 -2.7449096116875 
-3.6416909785372 -1.5833835131981 
-5.8601883949257 -2.1908384154589 
-3.8245813177865 -1.8046069850375 
-4.1643157203948 -1.9163295328687 
-3.5761863870667 -2.5887362708161 
-4.0064557584068 -2.1540693149758 
-3.3476183629359 -0.9984358865968 
-3.5412066907145 -2.0255163751066 
-3.7765528945904 -1.7295752461592 
-3.2595504540764 -2.4266507234685 
-5.597007761873 -2.2501274552985 
-4.2832575293797 -1.1085411389403 
-3.7947492683461 -2.0732329630433 
-4.004825847587 -1.9268321162505 
-4.7972161280183 -1.0994513170551 
-3.9591088985687 -2.3233694403525 
-4.7797277881354 -1.7348281526245 
-3.8178709067674 -2.8117104824971 
-3.6923542006468 -2.6236083594352 
-5.774695916346 -1.0109717215678 
-5.3049221908722 -1.0607878468418 
-3.5379634468772 -1.913190697123 
-4.0102125184034 -0.9912155363462 
-4.1459237557883 -1.7807738302002 
-3.8500640935029 -1.9866423375875 
-3.3239378240158 -2.1204263435173 
-4.5438737558714 -2.8197874936386 
-5.0325421738788 -1.6961558575569 
-3.3946051036467 -1.1590502833759 
-4.5768296365062 -2.2920493812898 
-4.5563764325576 -2.5337520715676 
-3.3155972803858 -2.5373506749037 
-4.4821764817531 -1.449671381537 
-4.6899526534088 -1.8739451492472 
-5.2592329604278 -1.4201218759054 
-4.8721378832806 -1.9997999666446 
-4.5377215828522 -2.8407543306265 
-3.9264500785504 -1.2354834337876 
-3.8810026426202 -2.302856589346 
-5.4284803423033 -2.4987433267607 
-3.5188271745913 -1.6580360996944 
-3.4622727618974 -1.3451322015768 
-3.887049690675 -1.1788974738213 
-3.2538898675827 -1.3151926883267 
-4.6808228234662 -2.2422546589931 
-4.354398161536 -1.3170396540222 
-3.6936087604324 -2.568197597232 
-5.7209677077484 -2.0180962151612 
-4.975481610896 -1.6686392267559 
-4.6382086525421 -1.104229187753 
-5.433265271256 -1.4005082710506 
-5.7555582819492 -2.8108839581864 
-4.6259310052437 -2.1849203699153 
-5.7630382227238 -2.2762477624173 
-5.1644898581754 -2.7836029120983 
-4.1898208062433 -1.0821578014033 
-4.1064951713665 -1.040882083895 
-5.8281547426781 -1.0993878067498 
-3.236482859017 -2.2343265156935 
-3.9774598963603 -1.9822886273836 
-5.1469923934702 -1.5337938340405 
-3.9244198861367 -2.0483148630976 
-4.7952096274292 -1.4661216938953 
-4.6204058657658 -2.1595008864855 
-3.5756285207844 -2.7629647949986 
-4.1558026390425 -2.1449743374977 
-4.8331001734786 -1.4309657631563 
-3.9458237893992 -2.2312369064234 
-3.3317043033236 -1.5684296525607 
-4.145827135986 -1.6199909061972 
-4.7906236718735 -1.0083782790357 
-3.5702515411729 -1.1558367479078 
-3.7291427508287 -2.8259222067315 
-4.4184962167264 -2.1985006800641 
-3.2983234272983 -2.7581209963228 
-3.672007869938 -1.1501005437127 
-5.9115591203647 -1.535417160019 
-3.4172109037065 -2.779660677137 
-4.0804437787068 -2.2814747330915 
-3.6703964565423 -2.2816897697904 
-4.9989644118368 -1.3437707031356 
-3.93351122502 -1.0376440399143 
-3.8712658420538 -1.3565716654095 
-4.2239434032562 -1.9428716992392 
-3.563233855518 -2.5110765720005 
-3.622221174103 -1.2845611389984 
-3.8434756053559 -0.99305328492457 
-4.7735205862913 -1.6642712181793 
-5.059416665717 -1.5881903971957 
-5.1830295908336 -0.97856153627297 
-3.8575394996736 -1.7683535195105 
-4.0346913722547 -2.0395165876797 
-3.6403557114319 -1.0774972644651 
-3.3049991622815 -0.99803921464132 
-5.4383394208632 -1.8353468511251 
-5.9314666670751 -2.8609559735718 
-4.3252118611189 -1.5207718374788 
-4.5620396904571 -1.1011497458527 
-4.9667645190557 -1.454176936082 
-4.0630029998435 -1.2895894084873 
-5.4608756009238 -1.0819510882494 
-4.6001509993046 -1.665276486184 
-4.4110636246554 -2.4371936720065 
-3.2329976766699 -2.3277682867481 
-3.3284099830896 -2.1206226874154 
-3.9963711525769 -1.6728281368994 
-4.9028652801928 -0.99554702743059 
-5.6214102076769 -1.6608329382345 
-5.5555259118219 -1.4066638652956 
-3.5215485278713 -1.1774974561205 
-4.7533148780538 -1.7894701588851 
-4.8939530814704 -1.1962196265017 
-3.891601326784 -2.8415761184884 
-4.2946065349602 -1.7177428336878 
-3.7690021996893 -2.8501916414387 
-5.1678762932905 -2.5169183987422 
-3.9313862856183 -2.0535508586083 
-3.9514408085946 -1.5353073233606 
-4.1354468619343 -1.958034906501 
-3.2776408237539 -1.8125637652142 
-3.8896467385829 -0.90905444103728 
-3.5816429692894 -1.04004643266 
-3.8535060990369 -1.4651913152001 
-3.9212848948024 -1.3764397818751 
-4.8927870518133 -2.5848541707225 
-3.3772568228951 -1.6888814969478 
-3.2143723105019 -1.4927499934213 
-3.5692210521984 -2.4108152164288 
-5.9227436344009 -1.0174359576309 
-5.292973707259 -2.6900106620184 
-4.5322496623186 -2.3393035025673 
-3.3454685292629 -1.8167853879109 
-5.1578243861635 -2.2700992859184 
-4.1149456432997 -2.3891260498976 
-4.3672898636221 -1.2425261779756 
-3.5297845468069 -2.393169557119 
-3.241455593293 -2.5051129075767 
-4.1286319885056 -2.6725896605928 
-4.9068354601522 -1.5455288946835 
-4.3803555661123 -2.3220306169661 
-3.2432661358302 -1.7553658887468 
-4.2583511700523 -1.3280594319278 
-5.772337953706 -1.0969848425306 
-4.8193933144663 -0.92325008652762 
-4.0762002088377 -2.5981492284543 
-5.1888953566286 -1.7503768214634 
-3.8590553912924 -2.4381477207963 
-4.0130799902817 -1.0230730374103 
-4.1629340760918 -2.0659624910987 
-3.8197102855276 -1.5598887602469 
-4.0412938176212 -2.7001339250192 
-4.2069420295449 -1.0936609574907 
-3.2565940236087 -2.6656002622069 
-3.8758496624221 -2.6154025815013 
-3.6871019508434 -1.8486761231261 
-4.3574023330247 -1.7419549832625 
-3.9819456945931 -1.02514034706 
-4.4335818161034 -2.1042750400212 
-3.6931678601635 -1.6941252817238 
-3.4187438569956 -1.332811796561 
-5.5343591940389 -2.7912119906854 
-4.3241297162302 -1.7956604270505 
-5.0783928037549 -2.6301818385276 
-5.6737349788665 -1.3623396485943 
-5.4523493709061 -2.0447529103821 
-5.8667768287215 -2.5073442062904 
-4.5381254997809 -1.1789538878071 
-5.8446201345482 -2.2881089706931 
-5.6523855901125 -2.5720892504811 
-3.2261997653844 -2.8328255333699 
-5.0378258545872 -2.0129359358933 
-3.3068499915389 -2.639671231272 
-3.677402118539 -2.0356361493809 
-3.5429061869295 -1.9473141822409 
-4.9564599977421 -1.3284512960476 
-4.5831121626311 -0.90944276462515 
-5.0222842082375 -2.5345464098896 
-4.5048152358083 -2.6659418274664 
-4.2332818096076 -2.7256520342458 
-3.3677036046246 -2.7989275057517 
-4.4095508264181 -2.0340813681803 
-3.550223275408 -2.6206681296323 
-5.5198133460177 -1.6138478652354 
-3.3870146389626 -1.2706948280316 
-5.0538285714312 -1.673577953652 
-5.7908258376738 -1.6038452779776 
-3.8718259275425 -2.6470351575739 
-4.5436171301639 -2.641549391117 
-3.434769904597 -1.6464116785008 
-4.7706501745809 -1.9225658976801 
-4.1955010044414 -1.9700521060462 
-4.3594383918509 -1.7526018042812 
-3.6209090587712 -1.3462602770447 
-3.6875659575239 -1.7854713974604 
-4.6514141933154 -2.2683749089706 
-5.1378659284283 -1.203296322139 
-3.7366738275388 -1.6669377231101 
-3.5058666981368 -2.287128233817 
-5.2802568085509 -2.6062238932324 
-5.5078141226834 -0.9794084899152 
-5.7156026311198 -1.2623893862922 
-5.13690907159 -1.2749346890387 
-4.4767523013169 -2.6512504663519 
-5.3063983157589 -2.7027347634173 
-5.213424927192 -2.1665085700491 
-5.6081608697002 -1.4884809862606 
-4.5095739395289 -1.2095282566055 
-3.203950680565 -2.6363765624098 
-3.4897614220853 -1.2884153678601 
-5.3234523356419 -1.4647344971578 
-3.2588532228118 -1.8567799557599 
-4.6261184938536 -1.1047216933583 
-4.5746413861557 -1.0763781155685 
-3.3204225301129 -0.95542240521099 
-4.9934457433485 -2.0313044821908 
-5.7256211338705 -1.1918249295184 
-4.9816703608062 -2.2058108566189 
-4.5420592203247 -1.1059410095733 
-4.2086833809446 -1.206055910102 
-4.4685346229073 -2.1529657364107 
-5.3554151361221 -2.3217256165441 
-4.8138662688334 -0.92407387960835 
-5.6818998877098 -2.780089047365 
-5.3110630182519 -1.3983401407396 
-3.3117830453703 -1.7732731329672 
-5.5270380990558 -2.2732260289795 
-3.4024342912665 -2.7945963222893 
-3.7381026644521 -2.5099217615081 
-5.2600342261931 -1.5072279661643 
-5.387398622309 -2.1191007134584 
-3.8195373832798 -2.7725713983972 
-5.4814265521368 -1.6423221452862 
-4.4798563084165 -1.2699663345693 
-3.317568931032 -2.1664759857098 
-3.7775715013023 -2.7062789953721 
-5.6555773167636 -2.2135741655031 
-3.597322816789 -2.1393765475829 
-3.3328251287755 -2.1881068064385 
-4.9384394111181 -1.4510872511123 
-4.4027372974219 -2.0436288265072 
-5.726485656606 -1.0326276158689 
-4.3896160317278 -1.2764293628872 
-5.1102598143472 -2.4760734919123 
-5.7131872571821 -2.5070209624515 
-3.9647443636596 -2.0153806306114 
-4.8331528870644 -1.763708251883 
-5.5235164130112 -1.1669603485922 
-4.4265966374388 -1.9804271243294 
-5.4626831770934 -1.3267070450566 
-4.8011840542398 -1.455520780907 
-4.9436338307442 -1.2107511716768 
-3.2759216560221 -2.5610780331524 
-3.7293756792427 -2.0660362854332 
-3.4386372993725 -1.3265639184432 
-5.8756408835712 -2.6879320078896 
-4.8486245348078 -2.1249768470488 
-4.5939565551276 -2.7302625584265 
-4.0998700530698 -0.97450363691568 
-3.4306418522105 -1.610621876737 
-5.0801543658632 -2.3425236667856 
-5.3927621462504 -2.036253179104 
-5.2640822378499 -1.3578225170058 
-5.8027970332941 -1.9466724994364 
-5.4475467337676 -2.2398635775314 
-4.8615402058157 -2.01602858736 
-3.5875020578791 -1.679888620011 
-4.3032509375595 -1.4712194531408 
-4.8484027896867 -1.5778044262815 
-5.2287991646408 -1.9683726120614 
-3.6824921049319 -1.0804479493882 
-3.6981440934679 -1.2727633549466 
-4.6468732664444 -1.3172125701746 
-4.2924761099657 -2.4623902034786 
-4.6460443645244 -1.6645792519127 
-3.9783700667344 -1.6740335840856 
-5.8705684795445 -1.5984784250247 
-5.0409599094407 -2.2291668575326 
-4.7134757698936 -1.7693850328912 
-3.3686140438529 -0.98411348344775 
-4.9045361932184 -1.8566936925094 
-5.7997497856157 -2.4817848316886 
-3.6272995606767 -2.224654607565 
-3.3299231775972 -1.1738822234603 
-5.7861052511063 -1.4326377038363 
-3.3114150658381 -1.3691594675038 
-5.198253804003 -1.181335290615 
-5.6361876399155 -1.9024556337157 
-3.3984626319954 -1.0635297925848 
-4.5041331865687 -1.3987729257645 
-4.6407541186756 -1.6796706414247 
-5.6912442779968 -0.99819171699169 
-4.2177250780585 -2.7524898080229 
-4.2807701757549 -2.4416978976679 
-5.3856501343226 -1.6287425748492 
-5.7727722003461 -1.0884302664932 
-3.9274521937667 -1.0441811069864 
-4.4641940334438 -1.3357389201895 
-5.8840437123721 -1.4046882561462 
-3.4559771967595 -2.0488346937056 
-4.576893811248 -1.251266328511 
-4.1750046971608 -1.0168127493558 
-4.5356097356894 -2.0818403855319 
-4.3065949881411 -2.8699558613105 
-4.9462539859903 -2.8029539585487 
-3.7954803586227 -1.3015004929433 
-4.6894489799971 -1.3299793391047 
-5.2218553089546 -2.6690280562058 
-5.3094733476555 -2.132829448655 
-5.4863277316724 -1.6202565540476 
-4.8064381107872 -2.7359820564083 
-3.6411301839322 -1.9755144133063 
-4.8318576431406 -2.373010237094 
-4.411735434962 -1.8355399592212 
-3.9842283836462 -0.98200608425611 
-5.9123141138973 -1.6186815130091 
-4.8409428385166 -1.9091538095324 
-5.5972481579973 -0.96878751747254 
-4.4276999050605 -1.8422598371978 
-3.4024291728597 -1.1900760056594 
-5.355765747758 -1.8823572644274 
-4.7309499613951 -0.95270610951203 
-5.5901488763182 -2.4805179486987 
-3.2045042404963 -2.0996702837328 
-5.6951835888258 -1.9001453624678 
-3.2671952048553 -1.9872861587811 
-4.5340539012856 -2.2554402054783 
-5.2664601983949 -2.2207606245886 
-3.2574245206745 -2.4751973013097 
-4.6365334437049 -1.1504025072513 
-4.7407189618519 -2.8918943237412 
-3.305984113953 -2.7042279256045 
-4.1017733674237 -1.6746315867199 
-4.270769055605 -2.239931974729 
-5.2275152699563 -1.1436133753151 
-4.1037286053937 -2.0335801631199 
-5.4753545432104 -1.5356548291136 
-3.3056646707392 -1.8658496242059 
-5.0196939825961 -1.976942060907 
-3.8539804546995 -1.3849018615585 
-5.1080137084823 -1.6157605932536 
-3.6077730508098 -1.862470244941 
-3.3906187709022 -2.1391331769568 
-5.4807701342692 -1.7691433673836 
-4.4194906126198 -2.5668193038706 
-5.5419359550924 -1.5789781953318 
-4.426410736688 -1.7424363350981 
-5.3405112306772 -1.8559646274909 
-4.7866827257745 -0.96605336208469 
-3.5294232792384 -2.7534226742514 
-3.3607534561197 -2.7103993630295 
-5.6929729055043 -2.4103463981138 
-5.2465958380407 -1.3404369837454 
-5.1807860220779 -2.6055497541147 
-3.4262443526252 -1.4883601886784 
-5.0216303152812 -2.6878934983011 
-3.326532811483 -2.8516117000863 
-5.6470109922784 -1.4794346343253 
-3.3915019137976 -1.1764599344104 
-5.2372577235404 -1.1214244508028 
-5.098202458985 -2.2641866050614 
-5.0291029578238 -1.2134005482196 
-4.9316445123699 -1.8284605092469 
-4.9403219522969 -2.0365040367374 
-4.7370582178796 -1.7372044181196 
-3.2326675109396 -1.3757887000661 
-3.2740571109268 -2.3749245226448 
-5.7477903854659 -2.5000050439768 
-3.3349707063466 -1.8440272291114 
-3.6281804193317 -2.1894546326892 
-4.8834073501198 -2.4688663417608 
-4.8496987873175 -1.4099990792007 
-5.2843974208838 -1.8580787804101 
-3.3458555409187 -2.3683291457394 
-5.3571660928372 -1.5359121260928 
-4.1660043759362 -2.4867277818938 
-5.2817083743752 -1.3760179073276 
-5.0231951085992 -1.0835083954407 
-4.7357102499255 -1.9342433164356 
-5.7679386043255 -2.5139576804041 
-5.5487018263449 -2.2894222572518 
-5.1960198957561 -1.956478175087 
-3.527772614259 -0.90611227356505 
-4.5216565321988 -1.8992075244902 
-4.9231265524571 -1.9574788826244 
-3.7173793152209 -1.7132295293804 
-4.156151996507 -1.1953593393295 
-4.7916650750305 -1.4495014102461 
-5.824847705812 -1.147759586394 
-5.5958964730394 -1.8465346135937 
-5.1237225573453 -1.3147840304589 
-5.6661210316203 -1.2241385341915 
-4.6021993969882 -1.8036683575063 
-4.7060797223474 -1.197130797821 
-4.42737506787 -2.1602143308396 
-5.279617705413 -2.0374970166939 
-5.8715997053391 -1.3377275530849 
-4.5738580301032 -1.6628645845169 
-5.86331308373 -1.6503473639047 
-5.2189767805858 -0.98040855303456 
-3.6663050998797 -1.1182194316043 
-4.6207849345535 -1.1319239320008 
-3.9113711647933 -2.7771865465812 
-5.4344539317846 -2.4323197197896 
-5.6135367279351 -2.7942031950286 
-4.3532475622994 -1.2885059517643 
-3.9539352323176 -2.8536013559077 
-5.7060624720827 -2.7493855479669 
-5.0434716373168 -1.2268609789791 
-5.3360216895974 -1.2878417853117 
-4.243571792854 -1.0374677248702 
-3.6350890000737 -1.5216032127832 
-4.3112018611833 -2.5261712045028 
-5.9293871026807 -2.4580061612686 
-5.5090181762206 -1.4905474698261 
-4.8872303496912 -1.2517558582383 
-4.9724179190103 -1.9514837722294 
-3.7254946428431 -1.0454369444503 
-5.8021784872203 -1.699048597358 
-4.1606346005783 -1.8225639448022 
-3.7720640030936 -0.97127527098844 
-5.933515441869 -2.0459628059356 
-5.7215807354858 -2.2348219439341 
-4.3223948289951 -1.6635200424721 
-4.3104982628421 -1.6396103782254 
-3.9752052658334 -1.3491185392487 
-4.3955083036138 -1.7854532662506 
-5.2730884830139 -2.0136684724671 
-3.6763910692423 -1.8798039313149 
-4.8795773085855 -1.5576277586998 
-3.6530930589907 -1.7713400323276 
-4.4517616450629 -1.3946484524102 
-4.7334070906689 -1.079931125677 
-3.8205350854914 -2.3682550694283 
-3.3818040847824 -0.94391182105292 
-5.9064206807115 -1.3589800986123 
-5.4894068471202 -2.1728550311703 
-4.7819608849379 -2.1843610175795 
-4.8217237973312 -1.3191150570752 
-4.4198310153882 -2.8065426486437 
-5.5987740347617 -1.9269501789985 
-4.5241431020371 -1.703258515223 
-5.4095395977327 -1.4066049437953 
-5.1774592543949 -1.8304415649993 
-3.3202647693318 -2.1346046782628 
-3.7946587467684 -2.7535213118002 
-3.6656049793316 -1.2441066164514 
-5.7123637856999 -2.1317219680535 
-4.4658951390849 -2.5654020647337 
-5.1237535324279 -2.8602874485576 
-5.8688007888301 -1.8227944471925 
-5.4408999144119 -2.1067492110958 
-4.8321885483601 -2.6717306382408 
-5.1150113750345 -1.7637240110867 
-4.5825311995586 -1.2861870100948 
-5.7752115297162 -1.5551112489637 
-3.246214252799 -1.6548281519846 
-5.3504686473521 -1.8862181493194 
-5.1923010526929 -1.5440543011595 
-3.401947862621 -0.967340677477 
-5.0963206011445 -1.1110634332266 
-4.30561397289 -1.8180213727952 
-5.6071558259771 -1.8054463577515 
-3.6660468940494 -0.97770592460934 
-4.8414756874385 -1.466342859223 
-4.6922564393596 -2.1249598590022 
-3.7374262745245 -1.2884194763247 
-4.4295093119106 -1.3762933106091 
-5.5932650535504 -1.7108319031012 
-4.6552976939635 -1.4193160712011 
-5.2904734237464 -2.1198145580753 
-4.293587557696 -2.1610134642405 
-4.4647250368376 -1.1171405249834 
-5.756475592718 -1.1457290665903 
-4.5431915108049 -1.6394859748413 
-3.7149964634022 -2.1891531714953 
-3.7955608472246 -2.7514760255989 
-4.5790474639353 -2.1427498189046 
-4.5996137402574 -1.9497527272035 
-5.8840087782733 -2.4836646404361 
-4.222635753981 -1.2380002831134 
-4.8234722940972 -2.4263665493439 
-5.091475807626 -1.1027325898563 
-3.2357790647818 -1.7076104006365 
-3.7821916988688 -2.2259281210004 
-5.5342368156142 -2.1093472413169 
-5.3052137965719 -1.9139248770414 
-4.6419077000504 -1.9589840947728 
-4.8232182715676 -2.6276287723817 
-4.7778736392111 -1.9021417733699 
-4.738800138151 -1.5684071675642 
-3.5527835908891 -2.5695801743177 
-4.8208351236423 -1.1601866245072 
-3.2939069808051 -2.1558319977807 
-3.4468296076077 -1.9252675827112 
-5.1484356293813 -1.8345389606308 
-3.2571678387127 -2.5904426762259 
-5.596597473256 -1.7059866585228 
-5.7242623402407 -2.4835263535887 
-3.3337523591595 -2.0507618479439 
-4.3148301573484 -2.6417822936532 
-4.5189963149233 -2.3817045760805 
-5.7250285732901 -2.6154510038787 
-3.7132429756204 -1.1262780750072 
-3.4348161541103 -1.0681383972346 
-3.6466206746422 -2.8822250057679 
-5.0682427879712 -2.7611586106903 
-3.7175831982265 -1.6965838851425 
-4.1349990674318 -2.1680882673535 
-5.1298832195468 -2.7911045254831 
-5.2522892989991 -1.236077435021 
-5.2888022759589 -1.4768215702892 
-5.4053421676055 -2.686227427974 
-5.7870151391463 -1.9187620929198 
-3.9159543258279 -1.0293943655739 
-3.3898541612176 -1.4761533675344 
-4.3850778636087 -2.0236624246366 
-4.8957306845805 -2.7698985763745 
-5.5459822210336 -0.97468124316805 
-3.5942818597433 -1.9305982874582 
-4.8071169430275 -0.95597329526146 
-5.7478813109966 -1.204157598252 
-4.8760294024255 -1.724588102339 
-4.600465559036 -1.2188257905513 
-3.285340638775 -0.92821898843535 
-4.9077027305221 -1.4468898406294 
-3.6926152765468 -1.4305050312453 
-3.9833383424575 -1.8918374106141 
-4.5364228525428 -1.6272969322137 
-3.3860609151291 -1.5814787335245 
-3.3394477003319 -2.7860113922834 
-4.9681810781749 -2.1101860049284 
-3.8130116137244 -1.0849182895991 
-3.9767277606816 -2.1535004162483 
-5.8562071458889 -1.1142182757726 
-3.9631447521537 -2.8101691083323 
-3.647354442129 -1.3363140188734 
-4.9620896166983 -1.1078732428965 
-5.886892782506 -2.3637211459968 
-3.4386956264087 -2.8066367009587 
-3.349819830409 -1.2695820116227 
-5.1541595759456 -2.6911321708889 
-5.3420694725972 -1.2129756414865 
-4.7270992531994 -2.3481811044666 
-4.9300624274955 -1.079813392447 
-5.4271782948065 -1.8333652018218 
-5.8122183955984 -0.95454651755295 
-5.8414188589036 -2.604747942344 
-4.2295110765692 -1.5042933537151 
-5.3544876661269 -1.7332874915427 
-4.0132948537355 -1.0611003927186 
-5.2905631114605 -1.0511593422347 
-5.8614263708941 -2.0177890498129 
-4.507525216568 -2.4121762895955 
-5.3419322666512 -0.9747416476044 
-4.5848991793472 -1.88431059857 
-5.8235728228468 -1.6122623748981 
-5.4927071383701 -2.3666213250539 
-4.1067861841464 -2.0571605559345 
-4.2953401676608 -1.8017968486852 
-5.817444492128 -2.0586916661511 
-4.3934458324533 -0.95696577343861 
-4.9386392405444 -2.5614240385665 
-5.6105384478679 -1.8029537626784 
-3.9179022893083 -2.0439886968574 
-5.2406925255893 -1.4951996118008 
-3.9667745068807 -2.1603404846774 
-5.8451610414491 -2.8372288467782 
-4.1604474366917 -2.2279352877337 
-3.6008870224359 -1.9240550107497 
-5.4610387028528 -2.1998575847166 
-3.7635945245544 -2.5866048903014 
-4.2746752259871 -2.3583104103292 
-4.1505491366959 -1.8342778983502 
-5.0950051720995 -1.6653116968847 
-5.5112830150868 -2.7497832362847 
-3.991145850341 -1.9210661862613 
-3.6554556029976 -1.664407124786 
-4.2755695346338 -1.7000122386754 
-4.871299407413 -2.2348014844696 
-4.0319001940957 -2.3353980926807 
-3.4631850050216 -2.7673758383432 
-3.2427643698107 -2.7870960323679 
-4.3734158820991 -2.1531854708707 
-4.0754996014608 -1.8053557972925 
-4.4523904678711 -1.0535634179133 
-4.6287267373649 -1.2225817521696 
-3.859002106686 -1.8060611794804 
-3.9458296609036 -1.8754196342017 
-5.5285471693748 -1.1168444915864 
-4.0531359951249 -0.96377475537672 
-3.8891455595184 -1.2941291763277 
-3.9961454779643 -2.6256064508919 
-3.8682890576198 -2.5893623541447 
-3.8214415119596 -2.8047289717555 
-4.947275989377 -1.2817044811374 
-5.1102754345828 -1.0944091714939 
-4.5217644339758 -1.9584802852633 
-5.0924174235381 -2.2490607836879 
-4.0331064958298 -2.5117363446555 
-4.003535874303 -2.2263959284828 
-3.2707020650151 -1.5689180938609 
-4.9872955200507 -2.8441326942712 
-3.8973256325699 -1.9170857373544 
-3.6498087106164 -1.1605913648062 
-5.4681499630585 -1.8667896381327 
-4.3095155942844 -2.5186540433348 
-5.104016879036 -2.119227738873 
-3.72429215229 -1.5762682483142 
-5.8066890942876 -1.3443727135854 
-4.6989711462291 -0.97129374013969 
-4.4297011940194 -2.3769944580521 
-4.369094489481 -2.3348669099256 
-5.6231296173438 -1.8401240912602 
-3.7933727430319 -1.8059842006905 
-5.5208508235327 -2.4514169349248 
-5.7915736358991 -1.1903542831854 
-3.8508285733973 -1.0447930473071 
-3.3676785056396 -1.2133769705204 
-4.3002811937818 -1.2074127856623 
-3.7973314099676 -2.4839131096985 
-3.5241299767868 -2.8650905597129 
-4.9437609621735 -0.96040270408194 
-4.3690035371841 -2.6627043712244 
-3.7078523514324 -2.6327135407941 
-5.8795074940637 -1.6698465552344 
-5.3767703120335 -2.5150968678152 
-4.2369430934403 -1.4824349578189 
-3.4120279194678 -2.7129537950636 
-4.1931972082366 -2.4260212093976 
-3.3392769173543 -2.0184574501133 
-3.6938173547037 -1.0732780169696 
-4.2049673212193 -0.9975731132502 
-3.2591520435823 -2.3105462459766 
-4.0855682463588 -0.92559697745661 
-4.7611732601698 -0.94561838927676 
-3.3034916483647 -1.9362451168002 
-3.8380825059856 -1.9624276697451 
-5.6338109660185 -1.9740861417356 
-5.7920417629861 -2.6687542442551 
-5.7408919844526 -1.7877076654113 
-5.8391892072947 -1.6349566449416 
-4.0752259035734 -1.8243407652952 
-4.2749760244034 -2.8494521793645 
-5.2718743523732 -2.2802614527621 
-5.1741559887714 -1.4174963898981 
-5.4792557690051 -2.0923581940843 
-3.9752688463261 -2.3406898573066 
-4.6954169474721 -1.5326524308391 
-4.6033737148628 -2.475529217238 
-3.9954974207597 -2.0666053260576 
-5.8033703455724 -2.8526917370129 
-4.6942562238951 -2.4557926362147 
-5.0963180888437 -2.8033750920933 
-4.9298998096981 -2.1249470016561 
-5.704336280299 -1.5258013219496 
-4.8851788908838 -2.1147554687504 
-3.8195984159792 -1.4228095767777 
-5.1346908639592 -2.8855385071064 
-4.5277292215085 -1.0526706857075 
-4.1317701699576 -1.2497911515727 
-5.120285257788 -1.9981301689526 
-3.4537714389843 -1.3720483783117 
-5.9115431729169 -2.6483827510569 
-5.3646121176751 -1.6970814164926 
-3.8988189688345 -1.1746316010522 
-5.3298588457386 -1.2341310968365 
-4.9992819154141 -2.6449003606562 
-5.5886005109904 -2.714892462141 
-5.8405783277499 -1.8055198314904 
-5.1300964387681 -2.7745900344135 
-3.2109925620886 -1.8278473961797 
-5.0155320777004 -1.1965233138175 
-4.8756537988146 -1.1192384376556 
-5.8320709045343 -2.150947596289 
-4.1520331729167 -2.7936637600938 
-4.6234580473743 -1.2080374726428 
-5.2174655479299 -2.2661808711019 
-4.7410870436057 -1.3194121365391 
-4.1485083905822 -1.30014127105 
-4.3366582512666 -0.90276098110652 
-3.9015368230366 -1.7794108974807 
