-13.958914502476 0.25488829793189 
-10.124145495592 -0.73926835712132 
-10.476862777126 0.3259918635082 
-11.290334325692 0.52436928254224 
-10.658478965107 0.69375221908502 
-10.488638736383 0.15641796495786 
-14.35955137955 0.17755079310515 
-10.703757004429 0.068154491397675 
-12.129269984478 0.072787360280572 
-11.925160769018 0.5051182267784 
-12.759302014846 0.32339825851748 
-12.448406717866 -0.56861844432137 
-10.284655952054 -0.48027688257103 
-9.5893849826394 0.54478792001483 
-9.8018309325978 0.30552218688682 
-9.5883732459355 0.592179557084 
-11.196776413458 -0.062078228124425 
-12.979148085986 -0.15238382326013 
-12.527171120688 0.61727487552334 
-13.635074398132 -0.1853071134207 
-10.081369914948 0.38528028863296 
-12.712044558193 -0.22660929487501 
-12.236852708155 0.74277280757688 
-9.9630591493819 -0.55770539360589 
-9.8000450374828 0.62755058622316 
-12.663716343488 -0.39609537354664 
-9.8261355857148 0.5720197457873 
-10.103390057685 0.57670815572681 
-14.512223022771 -0.19703838726485 
-10.355601661868 -0.53935250162328 
-9.361895551228 0.27316698383186 
-9.8726120122699 0.486473875541 
-11.211858588153 -0.49086659046888 
-9.3482071732134 -0.25239258001299 
-11.555214845799 -0.531111970014 
-14.228117150167 -0.063488519530338 
-9.5725781101492 0.40428499985463 
-11.666250457967 0.1420732543752 
-12.114610611448 -0.32149477922581 
-10.029562918559 -0.07794834618117 
-10.364098109064 -0.27158011019978 
-14.337198590355 0.13330342323478 
-12.462308775478 -0.57235924418114 
-10.740722252614 0.65569351175737 
-14.45058709142 0.55469278667225 
-11.959100857729 0.17389771688756 
-10.241916944957 0.61281907249077 
-11.206124662487 0.27109462157857 
-13.205239154422 -0.62739641919589 
-9.637752410625 -0.47086798835196 
-10.144871982996 0.18869018225064 
-10.272458690439 -0.71161427649324 
-12.422003990057 0.57810535632841 
-9.5134599559535 -0.43203863570891 
-9.7430165630594 0.53409412704792 
-9.8952642556789 0.24718349475471 
-11.123342589711 -0.17361750148319 
-12.835721428744 -0.20948067869007 
-13.502029028091 0.20608993661346 
-9.6254964106457 -0.54531004650673 
-10.098397547197 -0.0041000283289678 
-9.2881459629971 -0.14165955579827 
-11.089536618003 0.41210160793421 
-11.362592070673 0.073234239125374 
-12.111212016957 0.52825190923495 
-13.923178519979 -0.73038866473222 
-10.391696117966 0.70009565161218 
-14.279396730949 -0.75476254791769 
-9.3821423235517 -0.0063433042326315 
-13.854895101781 0.75446493524228 
-13.660343546671 0.45106349991225 
-11.351888825243 0.073657354006047 
-9.3544172394654 -0.46738054893337 
-9.6559064461474 0.26214625901481 
-11.174199015717 0.49724910959338 
-9.5883757332093 -0.32918687208636 
-11.702288665601 -0.18050392032883 
-12.769179965135 -0.54608160754085 
-12.049359506928 0.31164645895953 
-12.037228505257 -0.1420235850268 
-12.684331254444 -0.35919161723567 
-9.45818435087 -0.35492530453346 
-13.981274425041 -0.19762457816049 
-9.6576134133481 -0.66394003778381 
-12.283028049919 -0.092037884728045 
-11.683206272815 0.55677454283259 
-12.750390475107 -0.61301738422072 
-10.163863616138 0.56599030878033 
-12.33663738886 0.39289539836526 
-10.661384085486 -0.25673467502624 
-13.020263720422 -0.69077651091727 
-13.862662339746 0.31671618881991 
-10.524084133711 0.010267752100234 
-9.3901544312432 0.54247315924653 
-12.571412609193 -0.15718122064144 
-9.5195706599135 -0.25524234023429 
-11.427379851927 0.064830402845796 
-14.125356646247 -0.37655607117904 
-10.319693430232 0.7259823013251 
-11.371477863744 0.52040176648105 
-13.028883447863 -0.16102021727538 
-11.989081640581 0.54188603587276 
-11.080807001345 -0.25146402408436 
-9.8821064606093 -0.56958867872655 
-13.392957799767 -0.22869223519569 
-11.000157055311 -0.077688685164897 
-11.519647269714 0.34067044134606 
-10.700834775537 -0.22706942954848 
-11.681985684939 0.65309425315013 
-12.889998501701 0.044744323690752 
-9.6606653915369 -0.26796317734655 
-13.089749375228 0.57880993511799 
-10.988760232296 -0.64371837788323 
-10.505367828092 -0.054172897400862 
-11.228703534849 0.62683664039213 
-13.971777618198 0.13690748286318 
-10.930562328354 -0.77098439515382 
-9.9341243804135 -0.58795522180533 
-9.9709025185613 0.36872070828202 
-12.555861540818 0.048919393186168 
-9.5874919470827 0.55687125298779 
-12.387937433012 0.063470042112146 
-9.7451987895021 -0.096839150975637 
-12.968614434147 -0.26900502168477 
-12.857807304387 -0.1530917973501 
-9.4328865679436 -0.47932679734097 
-10.840509913979 0.69007028336891 
-9.4566789916538 0.66095774867306 
-12.467464885551 0.36952417278325 
-13.668482888553 -0.77208180839912 
-9.9108514888823 0.32798432381651 
-12.874218267381 0.52977934284607 
-12.736195285624 0.1858604342123 
-10.274737627856 0.31309556082533 
-13.669322263585 -0.58200259364755 
-11.508525227638 -0.085291826437961 
-12.011412982239 -0.23196008473337 
-11.940752085477 -0.64639477451814 
-10.581146071942 -0.37187355711721 
-13.921126917411 0.20219426448106 
-9.6243072014095 -0.32901732186443 
-10.102886435057 0.34549422463695 
-11.569028157301 0.67061014540865 
-14.051018585627 0.42458582478589 
-13.133025584772 -0.37228218405048 
-9.6502740851719 0.19075977027559 
-10.759854990759 -0.10163433056032 
-10.928299944897 0.12169952071942 
-10.928723211973 0.56240792854701 
-12.950550731017 -0.69699320091176 
-9.6763761842183 0.50965998382031 
-13.752791659634 0.70977629379314 
-12.729835403228 0.4133415749404 
-14.16429831301 0.47881684036018 
-13.298267625822 -0.58982078586826 
-10.264750512579 -0.73640762142435 
-12.116352069696 0.024719978123122 
-9.6285565180935 0.67470392971498 
-13.268877884961 0.0032577620299086 
-10.300707383962 0.56931296731262 
-10.656504062733 0.17431617688983 
-10.906775293228 0.72318017066459 
-10.152533156788 -0.72020768947823 
-10.644881381109 -0.46284952183855 
-10.697518436535 0.0077595715830705 
-12.589606640498 0.73562156619832 
-13.05146816611 0.71041969156216 
-13.198331633577 -0.39630494509426 
-10.43135026551 0.31211492051312 
-11.737218555451 -0.531404843118 
-12.976944434892 -0.41462299866144 
-9.8439897690216 0.49820011840487 
-13.925950811645 -0.43117305962218 
-14.634924990361 -0.25916565281528 
-12.824266301457 0.67685546699443 
-10.620983342734 0.04037083313844 
-14.144103011707 -0.19069389910606 
-11.607642762505 -0.19680366085917 
-12.270865010064 -0.37791051531291 
-13.173129897831 -0.63269313246877 
-11.093977875756 0.0047565491684248 
-10.697569683849 0.19081247370208 
-13.014005453389 -0.60542208431971 
-9.5229851261428 -0.21720773031321 
-12.874324567351 0.14697246969378 
-13.100651167279 -0.55100772519458 
-12.42516911864 0.57377460536023 
-9.5345652939253 0.51562912225003 
-10.25523617643 0.092815378619458 
-9.6859798069246 -0.29072615125055 
-10.829052756435 -0.54434529443368 
-11.569158540868 -0.22921911408668 
-13.478666112713 -0.14659129515534 
-14.099657968069 0.34354543936971 
-9.3535972815398 0.16395755969428 
-13.359143770937 -0.66138992204671 
-9.7752012498949 0.35810358013785 
-13.162408913598 -0.41265318381148 
-13.837330254732 0.31641244899234 
-12.637600952063 -0.57355978429168 
-11.608293508292 0.63251364608925 
-11.012133644349 -0.3976192080611 
-10.088105586277 -0.078655084461678 
-9.7966487155046 -0.46548637057557 
-11.57776400902 0.2329567736963 
-9.3141292038284 0.58553404198322 
-11.081833861635 0.22372096577813 
-11.552011684013 -0.24095235851635 
-11.345894026486 0.18520691861915 
-10.940760211307 -0.2073164314563 
-11.223633983928 -0.39824866814586 
-11.481630930897 0.10323659075011 
-9.9593388199722 -0.74273756368792 
-11.671753625443 -0.014865772307679 
-13.067998808374 0.079356945166708 
-13.525941815487 -0.48960168580547 
-13.336171133166 0.49710014336369 
-12.011583987318 0.41146006889694 
-13.679071871253 0.36071244615949 
-13.366542433414 -0.53273826103439 
-13.868218910966 0.26821134313989 
-10.647265972253 -0.47053857986844 
-13.992796654509 -0.3005803818787 
-13.660281410499 0.4436135540319 
-11.479036987069 -0.36757505857431 
-12.892046490199 0.32516788914664 
-9.6853510020707 -0.67207903533608 
-10.895107020981 0.62734510125539 
-9.5817522501022 0.69395655954041 
-10.899976060376 0.25061905778896 
-13.547081094027 0.1516950754329 
-9.5029500933737 -0.0027668772681242 
-12.049370576836 -0.3348085588567 
-10.98770219114 0.61094795504821 
-10.063514044571 0.56023184973561 
-11.456602479248 0.17828053742687 
-12.255125119311 -0.044839214228885 
-14.319368625945 -0.14398187245205 
-11.812876204214 0.39444365085731 
-10.071618733474 -0.31582434387439 
-11.857615658065 -0.68498305320198 
-13.485702850631 -0.015684397397961 
-13.617777467831 0.3802683692189 
-12.064729166979 -0.46278988584548 
-10.814327596867 -0.74365605668742 
-11.542161419708 0.027740443479994 
-11.824841993108 -0.59749061479893 
-13.240694064342 0.74948197601752 
-10.305499363747 0.55788672154358 
-11.344996538624 0.67980441650364 
-10.21303631702 -0.65422179249674 
-10.711762524914 0.58656401296628 
-11.368643104151 -0.5866300926118 
-11.63828922054 0.56383797903796 
-13.867959510444 0.36372639888206 
-11.084499112043 -0.12517125418557 
-14.508776876335 -0.75332796394974 
-9.5041031780936 -0.34837601170615 
-9.5982020291241 -0.45424311621546 
-9.4585114818407 -0.088792580941252 
-10.71107414833 0.58453757401733 
-13.477647404255 -0.20600875893298 
-9.8808525501385 -0.41849445371414 
-10.797179697108 0.60322942522016 
-9.3175021864444 -0.38730512069804 
-9.6022140816603 0.28998438280614 
-10.702808866837 -0.75702728133871 
-9.657570868092 0.12500693513999 
-12.618106571337 -0.61374305554527 
-9.3601928350315 -0.5280849529415 
-11.714531901201 0.64259716117813 
-12.564867288723 -0.13074933826219 
-13.249185102524 0.54966433607105 
-9.5167629986763 -0.50241337002091 
-11.163376343521 -0.1631608875065 
-10.067597233642 -0.35477849626902 
-12.802813792726 0.43032812586635 
-10.687682418485 -0.7553568418393 
-14.067588373997 0.13207115352078 
-9.6586479321669 -0.0456987041779 
-12.061440356431 0.028965292609914 
-10.032314440436 -0.42007597632136 
-14.675650260106 0.055845480771978 
-12.301055206971 0.23454428428573 
-11.861614811844 0.25261713255655 
-9.4990133646979 -0.069966844032015 
-9.8837801897364 0.66030809196209 
-11.380556390132 0.076226174524964 
-9.2990699317725 0.6192058144038 
-13.430610848407 0.26764073936034 
-13.634665804473 -0.14612003784267 
-10.400612985756 -0.0077279085270052 
-12.487810647213 -0.45641671130434 
-12.513126168879 -0.23079392292604 
-9.6470062169528 0.50416891696072 
-9.7095764581297 -0.22329132982434 
-13.554263314427 -0.66794709839755 
-11.051755439109 -0.080359845206494 
-14.245099072514 0.51643521314613 
-9.4296594283238 -0.73203490760487 
-11.974975441631 0.10461851541152 
-11.925961137649 0.50142494837635 
-11.590374155921 0.26078146700914 
-9.3974877924774 0.23454871837659 
-12.184753606106 0.47772752307071 
-10.496703895529 -0.47724880964143 
-10.152134064665 0.36940047860889 
-9.6384244914547 0.44221157980174 
-13.812797787933 0.46402801326473 
-10.605987437752 0.27598587512475 
-10.119724897888 0.58635731397565 
-9.6732675680031 -0.091592491101576 
-11.38133245761 0.06018610815681 
-11.422940698171 -0.26907325489539 
-11.973588378323 0.71203065986364 
-10.363857555817 0.69196791958127 
-14.081572057917 -0.74265747849382 
-10.301445289952 0.37509825297938 
-10.368460325426 -0.69355740923696 
-9.652624341398 0.47961170811369 
-14.528590762114 0.5588504826534 
-14.25900175143 0.56937414917839 
-11.81805242505 -0.69882470171011 
-10.256898750095 -0.12013004557149 
-9.2788495383459 0.65712657903536 
-9.8894514601075 -0.61932058279678 
-9.3960393384605 0.087978300336638 
-14.264836475999 -0.28372265380597 
-10.94633108485 -0.60679161206144 
-11.721019256457 0.29095531803006 
-10.89632760773 0.14990216055391 
-12.319942148542 0.026101807292596 
-11.132368131041 0.096224690517757 
-10.932944449478 0.39024698323175 
-12.078370003151 0.026086459988371 
-12.789370743481 -0.063549952247052 
-14.273853737754 -0.16869121049153 
-9.6477429489343 -0.38387059951838 
-11.077227732152 0.22288092067095 
-11.953349921269 -0.26163382854662 
-9.6481941695586 -0.76115675970413 
-9.4679174671859 -0.2774554403824 
-10.833139892377 -0.074514273071969 
-14.510476287695 -0.71513990777771 
-9.8862692100745 -0.015568558408291 
-11.643000877011 -0.56240603978104 
-10.092676679102 -0.050062622275412 
-11.296995008268 -0.50266873178063 
-9.5561935431188 -0.71034828804141 
-11.118909748776 -0.024682812660834 
-14.050358447203 0.26086443848727 
-13.253159355211 0.38905381717438 
-14.676098480999 -0.02608729884116 
-10.832229425341 0.1681340571209 
-12.459835691065 0.33111762259457 
-11.965842767298 0.63705239867191 
-11.040479136753 0.035698670237039 
-12.046521207514 -0.61847896855812 
-13.812071855536 0.0083596262287942 
-11.804645858648 -0.3291427709857 
-12.745614647237 0.10282174812487 
-11.787552424986 0.17064787606507 
-10.250597902388 -0.7138507284029 
-12.980375592548 -0.61829192475821 
-11.055223935365 -0.053825282733563 
-9.7214531773251 -0.66441148386753 
-10.097779577855 -0.66147063392529 
-9.9445275421886 0.41428567895513 
-9.7767331324875 0.22500818461679 
-9.3900092815351 0.048487346407682 
-12.194818033038 -0.68635589409801 
-11.655359848915 0.16301631266253 
-9.5662737286101 -0.39927107069566 
-13.51893665168 0.15655514270848 
-11.403656275378 0.59886529803274 
-13.759754554183 -0.60585968388618 
-10.548012329639 0.6835318205105 
-14.441676707402 -0.034614943798413 
-9.4374960998998 -0.60194060672948 
-10.042323116829 -0.47718806893272 
-12.731748144558 0.63119719936936 
-13.010205817733 0.38192660342235 
-9.8252850723768 -0.18072745809724 
-11.329840601276 -0.52749703743328 
-9.6983340392618 0.37762249653715 
-12.894590652268 -0.61429414617829 
-12.616395786965 -0.49183128986405 
-11.048978628058 -0.18973942501985 
-10.770301862962 -0.72003746120161 
-12.646231233578 0.22950026026375 
-12.465814922331 -0.47611041024609 
-10.509956258879 0.36486014324083 
-10.023480564961 0.62936868380667 
-12.527720281215 -0.40718457435511 
-14.238787580953 -0.30412693197758 
-14.634531380552 -0.33277101779634 
-13.603591075008 -0.60786302673463 
-10.191656522086 -0.59118827651144 
-12.683533535993 0.66606844072007 
-11.827895615656 -0.057250416912241 
-10.159313198441 -0.51124284586476 
-12.406859953759 0.35966621764692 
-10.19676044383 0.034788121596892 
-10.758745968275 0.49454835896228 
-13.701233433563 0.22909292148312 
-14.241622692838 -0.060123300688093 
-12.940415948749 0.71537764006231 
-14.082521415187 -0.59272354608476 
-9.4762409784226 -0.50332540852288 
-9.5597641545328 -0.013961315901806 
-12.027351016986 -0.13917209524729 
-10.735672930999 -0.36289753361455 
-11.385592666477 -0.33642189489517 
-11.963908651363 0.25573945862131 
-12.856173498606 0.6874043246343 
-12.577341790333 -0.40628381143678 
-11.294447070932 -0.63881427060791 
-9.7569630906889 0.70617249695658 
-9.807387461564 -0.5420973589712 
-13.551735511802 -0.40873018057639 
-9.9590447048032 0.041349874035559 
-9.6008556135523 -0.27938566311154 
-12.467235246554 0.27224326984394 
-12.589480420803 -0.75439291021547 
-9.7116874648535 -0.6794976757547 
-11.843217199251 0.46686433783599 
-12.293124305205 0.56437773528217 
-9.7315937294255 0.050036438046787 
-12.540243644755 0.74804443230788 
-11.152369003847 -0.47531828984376 
-11.406003712219 -0.67594802961662 
-13.234584460776 0.39293321703652 
-14.57964342275 0.19579091383601 
-10.40632850138 -0.61647627690304 
-11.357917143861 -0.059979857002667 
-11.746171488853 0.23594336731779 
-10.63105459078 -0.52164034104232 
-13.691266192702 0.49877397188073 
-10.072971588394 -0.049460092614713 
-12.385523060742 0.46477773044136 
-12.53010339551 0.13942821907359 
-10.831262767718 -0.23651099395459 
-11.395415640818 -0.46471414644643 
-9.4217583399313 -0.25445604082571 
-9.9554493700677 -0.043986812291501 
-13.069715813034 0.72601796802851 
-13.29903063792 0.19140165133817 
-10.582856766287 0.54543223455275 
-9.7069093292421 -0.50354313550708 
-12.79770626081 -0.15101662043421 
-10.133904033911 0.49261083640835 
-9.5631384528697 0.56019466238073 
-13.728678004948 -0.40247553120229 
-11.268663163168 0.55889561041613 
-10.801908189766 0.74487749225532 
-9.3635094464197 0.35629740478587 
-9.3076535732069 0.72526224761442 
-12.175976789504 -0.16297088417975 
-12.826058780986 0.6712656875224 
-11.139971091099 -0.70620486020264 
-13.487121540432 -0.45610487435598 
-12.716104035317 -0.31091217449723 
-13.407055916306 -0.70099590357406 
-10.211350863361 0.16998355083315 
-9.6405325752718 -0.42897609241671 
-14.645572517378 0.744029831093 
-14.600153918708 0.25152890148967 
-13.046838451044 -0.53561367110275 
-13.887148258652 -0.6182457023296 
-14.440266715433 -0.29306206943 
-9.8532534621802 0.66166903517483 
-10.496252799553 0.24947789487714 
-11.969681598526 0.32699269457027 
-11.148351845081 -0.33469835396649 
-10.654511255172 0.75424787704429 
-10.696609263229 -0.066967828144199 
-13.393298707956 -0.29725814784682 
-12.652524677545 -0.17639873961014 
-10.845304238499 0.51698868816789 
-13.04888038983 -0.36987725206697 
-11.976035438519 0.13366003535884 
-12.548640032431 -0.014415377252232 
-10.323518519561 0.22180784627105 
-10.498574923614 0.60012946875765 
-9.6217597460694 -0.23320054196779 
-10.302773353004 -0.54747426227329 
-11.945859612584 -0.4629035562357 
-13.498688653326 -0.057528297895981 
-11.389687636213 -0.50618015588794 
-10.283867943809 -0.32973183316525 
-10.786611720971 0.17265851760383 
-10.788102551121 -0.58087290646236 
-10.994015607356 -0.16066160178854 
-13.696862509304 0.50182650549508 
-13.677859965159 0.23972758592854 
-13.182579718559 0.52719601024633 
-14.126473104742 -0.19325575835655 
-13.304751208169 0.42366785748993 
-13.919512280157 0.52296733607678 
-10.294948223675 -0.70755491048912 
-12.156117772693 0.181330987222 
-10.337858193105 -0.2769603525689 
-11.853534212367 0.75016064865459 
-9.2792445245065 0.4285642753727 
-10.578428580072 -0.55931506834566 
-9.9127289762003 0.19966651714979 
-9.4403883355552 0.59310071120449 
-12.233969055378 0.50996700043906 
-14.435827773415 0.58676644271828 
-11.878875350448 -0.13914474824159 
-13.311720243248 -0.48235442984281 
-13.228486126194 0.04650208268652 
-14.116329588259 -0.48654855584953 
-12.924457651968 0.70122198704255 
-11.011737463353 0.22564168757621 
-11.190296523613 -0.37982998451288 
-11.948964170289 0.098700662448019 
-11.377876469447 0.47905156246729 
-12.19549751655 0.6394762334551 
-13.32686971325 -0.54093748753163 
-13.186059976757 -0.20689028949937 
-9.3518013846082 -0.44092056077933 
-12.014462288842 -0.52376524185653 
-10.827777781777 -0.60132670425464 
-12.884993445236 -0.48194917501455 
-14.340751103134 -0.74011554787326 
-11.663260451393 -0.57262484335153 
-10.089822023815 -0.14870125103257 
-13.294181257386 -0.32882527691184 
-10.394570800787 -0.75407655852732 
-9.2932251989861 0.61076534205314 
-10.354828303725 -0.34496801293715 
-9.624245497737 0.39592325943854 
-10.825669981184 -0.38314094757733 
-9.3864806181694 -0.67992074594339 
-12.103270058609 -0.54052787534926 
-13.722634175931 -0.59233313904487 
-14.136756784715 -0.56543439861513 
-12.966805001002 0.086846355302936 
-10.7584556721 0.58416015933424 
-11.716889399456 -0.086979518980047 
-13.852928168939 -0.68836078833089 
-11.91732837239 0.17763188873255 
-11.312424736807 -0.56130054397544 
-11.012369934353 -0.083742641026775 
-10.413373211256 0.52727699594483 
-10.629735458145 0.38913954452103 
-10.3823462753 -0.66867552233316 
-11.164720328568 0.29345784886677 
-10.30841056541 -0.35400977376965 
-13.324703976338 0.13254235808128 
-11.702613384206 -0.73061668219699 
-10.091434236211 0.13299828521515 
-11.965388983692 0.67291786725865 
-14.635094877619 -0.57066922162352 
-10.379503459659 0.66828676992427 
-12.239213707224 0.49747044953225 
-9.2994821580532 -0.13999368420825 
-14.284691648089 -0.086119020938643 
-12.11661398856 0.50063764045142 
-13.890514761009 0.16460959510962 
-11.698420818932 -0.70617490102391 
-11.557254183863 -0.56878741030616 
-13.491648005693 0.44624275737029 
-13.284147638607 0.49614513598986 
-10.033316272376 -0.028293103694277 
-9.4539340904943 -0.36705524926171 
-11.831345826495 -0.61727945426065 
-12.788667894905 0.47565033451334 
-13.00107949793 0.26981568049471 
-12.293181258152 0.47231581587039 
-10.849612929903 -0.50864528400427 
-14.361769674059 0.03504193599459 
-14.376848175255 0.72029558397627 
-14.151053244564 -0.71520879360602 
-10.974784055359 0.4723779578944 
-9.514809962567 0.59014154412653 
-9.4072317751667 0.052704829025362 
-11.78410183143 0.11432917351515 
-9.402157312303 0.45463384894179 
-9.9854507620971 -0.4782635749288 
-10.740501978916 -0.25236626654847 
-10.757344503108 -0.28648731856848 
-13.735829912339 0.34147856431262 
-9.8027279491165 0.52687513501434 
-9.9264099731336 0.19910352173549 
-13.557304404115 -0.5942916689167 
-13.377074552537 -0.64006467759997 
-14.423381567828 0.028349953118896 
-12.058696031092 0.61678008767005 
-11.913035354291 -0.77489238938105 
-9.9468381832384 -0.093473861352767 
-10.935167159041 0.45928361760204 
-10.68899213991 -0.38295885930754 
-13.84192315709 -0.70248314879715 
-12.873693266077 -0.73234865001979 
-10.708481725564 -0.65106360762907 
-10.61208640921 0.38723468907081 
-9.4689151273113 0.54540794457511 
-10.42405888469 0.5798306384407 
-13.222491250427 0.35137959321556 
-14.371234240101 -0.7732304554261 
-10.747796209831 -0.47737465392121 
-11.982428136833 0.22019952642102 
-10.236032931235 0.36525742341268 
-13.662685773576 -0.70682443606274 
-10.710593479342 0.73230429812285 
-10.235788871947 0.45937205572982 
-11.860214630556 0.23786678316234 
-11.235702131811 0.47769912703785 
-11.268031358244 -0.27670233973517 
-12.075007362823 0.4896552210544 
-9.3222307101694 0.35947144711982 
-14.38397495876 -0.26596103823887 
-14.174733152824 -0.24671922694943 
-12.130022624067 -0.44778549985677 
-10.216753416691 0.57075839669804 
-9.6758238695975 -0.45215670202157 
-9.4760829191181 0.3862188510764 
-10.386524840061 0.48509618686274 
-13.693901245931 -0.47056275710665 
-13.625238382786 0.72482619695466 
-13.260449334794 0.12363432940897 
-14.207632605973 -0.20019344770328 
-9.6215006712336 -0.74760140658929 
-13.806615516165 -0.50544842937788 
-11.306633561625 0.4121975173725 
-10.259466841425 -0.35884360331699 
-13.904088639536 0.73401675366916 
-14.239986833307 -0.34228603119535 
-11.041799791564 0.66458084223605 
-9.3952739760516 0.17413561507348 
-13.252304713472 -0.17984088900677 
-14.308041291512 -0.45049571018865 
-9.8579343121947 0.65710643682988 
-9.6615333499535 0.4873742374239 
-14.537113413023 0.23199775638258 
-10.765472978642 0.51216476800232 
-10.502643596946 0.19733098815112 
-9.5092148991653 -0.31954081670054 
-9.3191805360359 -0.27651533549118 
-10.582631669727 0.33813085206548 
-9.5517448950831 -0.59830613715254 
-10.048938661322 -0.09250805402452 
-9.8909264859299 0.18354557420294 
-11.210815238615 0.018965874943559 
-12.372944077288 0.083349370409742 
-12.998016657797 0.0096748682745282 
-11.760201856812 -0.76639363823163 
-13.479876975066 -0.74958244850097 
-9.5901583477506 0.095519356892893 
-9.966019341755 -0.056410511635822 
-9.9193910605293 0.19148228609337 
-11.871574000973 0.37065955982021 
-12.643577084361 0.11154895946972 
-13.491109901159 -0.47414916622254 
-14.566378804044 -0.31214341848386 
-11.503965446602 0.50082570910191 
-12.925262421621 0.17681866428635 
-14.621706062611 0.01059819560008 
-11.917320011683 -0.74830114642455 
-13.714966982694 -0.17339577473888 
-14.475924588816 0.10923327252865 
-11.208898099816 -0.31565403234257 
-10.894630088752 0.11074117734672 
-12.263019540839 0.031601852347907 
-11.65558507963 -0.50413971869434 
-12.716834712258 -0.70723194178563 
-10.735990074157 -0.20061531108981 
-14.312609200512 0.66471589638595 
-11.846046262896 0.58013350436849 
-11.514293805079 -0.43533303781249 
-10.277099317461 0.020259908360158 
-12.21366044159 0.64109761668841 
-9.9080149280725 0.4297990520432 
-9.5089979156671 0.42937553711707 
-11.157341011997 0.68293223941498 
-13.842982306772 0.52446610832507 
-13.161226426975 0.3331803728927 
-12.991847625037 0.58828407490582 
-10.629561711496 0.72467710686653 
-10.972518378923 -0.23793723434607 
-9.7049920139023 -0.2454903496807 
-9.8498479477868 -0.00348480488284 
-11.216773471282 0.34305831309012 
-9.7269944346364 0.34892417169303 
-9.8962791979779 -0.37543386107876 
-13.148346170106 0.43414464225273 
-10.34917194277 0.66304359301803 
-12.001565308045 0.098291171195012 
-13.511035494484 -0.56211405218656 
-12.790061548303 -0.33265470561764 
-10.962231397828 -0.13688250682733 
-9.7828498990213 -0.54225955559263 
-12.444321502168 0.45434695824048 
-10.173796044949 -0.32975219934726 
-13.252649841173 0.56405483394716 
-10.428586783251 -0.69550277777665 
-9.330626948032 -0.2486059789678 
-13.047830645676 -0.76005596792144 
-13.679619595439 -0.1808286241819 
-13.979013327303 0.30953794449432 
-10.571321154768 -0.51798496112976 
-11.048932551759 0.72911577328716 
-12.174441095702 0.035393111866153 
-9.8366055927068 0.573259430729 
-13.060943159372 -0.55951357189309 
-13.848175784041 -0.45296017358167 
-10.793383928523 0.62649836904971 
-10.203876926822 0.32431846843475 
-11.241495443402 -0.51195540842338 
-10.368943120836 -0.53418998459589 
-10.598568596653 0.24887699510429 
-11.217180955146 0.37954648969857 
-13.150018169644 -0.50895206850604 
-14.204406369451 -0.61807555473204 
-11.455057873473 0.10715748669906 
-14.183850374232 0.33184250754626 
-11.688060400147 -0.67122258242769 
-13.664503050672 0.72388467477015 
-11.05799233673 -0.51077596975793 
-13.872238668055 0.49149467467591 
-12.253980410081 0.11400986366772 
-9.8271008984061 0.072196661764366 
-9.7320882800524 -0.47279391916596 
-10.78738206011 -0.086575253608387 
-13.190548987288 -0.44017785310971 
-13.903192670177 -0.53545768407337 
-14.05618546489 0.011639309881561 
-12.062691387345 0.30029209531446 
-10.133392151522 0.30952926263709 
-9.67278235929 -0.75933812676084 
-10.244755816946 -0.11450969940093 
-9.5318724896793 -0.032947454672538 
-10.029089928142 0.25807024554753 
-13.781485452538 -0.74199618557823 
-14.272083019529 -0.26143943093687 
-10.800948506709 -0.090208125512549 
-12.616103809312 0.50563790509234 
-14.054647920394 0.64316506219986 
-14.074859699551 -0.16546403830044 
-10.876081170159 0.21080986866528 
-9.5494917460642 0.086395508977474 
-11.850454766419 0.6275533210177 
-10.857372443377 0.082813424709168 
-9.3939747358427 0.6421446821069 
-12.063906444941 0.63166975688687 
-10.925203388051 0.45410130221928 
-11.738784776085 0.69059951344233 
-12.747002652183 0.25044203791896 
-13.572517987662 0.59208827050567 
-11.073851419024 -0.04485013873069 
-10.418955795733 -0.6440107231592 
-10.916361978295 0.57137680646865 
-10.414746364711 -0.060229584054315 
-11.020156630424 -0.10246341322981 
-14.354472358994 0.028014359053737 
-13.414095793462 -0.26397932522771 
-9.9353502237971 0.12733017658387 
-9.8968518929457 -0.013005208981421 
-11.420104190092 0.36982080811393 
-10.242176663696 -0.17441928546761 
-13.690057961425 -0.57056765818543 
-10.911761177991 0.26548705267178 
-12.501976827519 0.39154878437594 
-11.856262305639 0.62279333714987 
-10.129656594778 -0.42335171124346 
-10.368963891711 -0.23981409220757 
-13.930502071548 0.00057154998229714 
-10.025920025035 0.73091471065993 
-12.956688140357 -0.21335053086543 
-13.545592803651 0.047830172004932 
-12.332671374814 -0.090027688929246 
-13.130491355779 -0.76810595256917 
-11.578920008782 0.25278373756215 
-10.242970638176 -0.46142082968708 
-13.893655412278 -0.32709926670308 
-9.4272476478851 0.2474863329602 
-10.628443438391 0.52008998751869 
-11.854906771324 -0.435511028459 
-13.846498640615 -0.13406818130689 
-11.382124908046 0.70928829843663 
-13.209814399146 0.19169351861796 
-14.355670601539 0.53736187440681 
-13.019130252083 0.51957522975992 
-10.430622783088 -0.2256188990207 
-12.177253667957 -0.62235219361084 
-13.358255357266 0.41793996203657 
-12.681470673095 0.61352772026818 
-9.7057578594495 0.25548869178801 
-9.9010181532304 0.55133312643507 
-13.352008461994 -0.47690745505332 
-13.891926887183 -0.4986067560203 
-10.426326707695 0.26615014169155 
-9.6187471611888 0.57611574997211 
-10.393965690774 0.6271435243305 
-13.094646930363 0.71556538404141 
-11.278581748948 0.089239004472339 
-9.8205309668251 0.29657307600133 
-10.135632901991 -0.14105436313241 
-9.9773481620088 -0.31255116340081 
-11.182712444387 0.5502102936492 
-12.620531334538 -0.55744519902988 
-11.560381264691 -0.55241466030049 
-10.803840598027 -0.41337868931024 
-9.5762403613508 0.62053987787898 
-13.282640109943 -0.29152981561996 
-11.544404608026 0.5395088645493 
-11.071262528918 0.0773277088952 
-14.480521726299 -0.30240134368863 
-12.870194882391 0.42850709812797 
-13.600517213258 -0.74514790163347 
-10.42696661337 0.7241066521025 
-13.877185352089 0.30468775305242 
-13.81004249471 0.028529634085063 
-14.446725765017 0.5989578766121 
-11.411656598507 0.046993380272442 
-9.7657199272038 -0.07353517606222 
-11.687416718198 0.41492390732398 
-11.121421859138 0.28956792246758 
-12.543466077449 -0.11362860742882 
-13.912473883876 -0.22858938252149 
-12.691618013611 -0.76155239773032 
-12.264011779265 0.45382819026733 
-9.4058631947095 0.11324594668401 
-11.355475564721 0.23924692402315 
-13.892566658878 -0.33822693768107 
-10.661131597056 0.27157454917464 
-12.099799626152 0.68010768781166 
-12.380074058393 0.31881864234383 
-13.556950317626 0.49805880298801 
-9.7879198202961 -0.1382363532538 
-14.602947030102 -0.29051801386213 
-11.194185369377 0.48134527314554 
-12.840973606042 0.15352665788293 
-12.249915461359 0.57004295470842 
-10.288840451704 0.07189441675917 
-11.381164854693 0.02583517037448 
-10.904117000143 -0.65547667663762 
-11.701709600938 -0.12034754002436 
-10.91219960287 0.26733399927851 
-11.178289705101 -0.34914369857258 
-12.979479503877 -0.43204079779771 
-11.222858753486 0.20753190811738 
-11.39201254972 -0.47491934679898 
-12.613991638858 0.15398816955436 
-9.7091566273785 0.22273280792785 
-9.8961359199822 0.24152495491982 
-13.39175758608 0.64595362021553 
-11.448907956439 0.33569517621419 
-13.763392477571 0.7493720153366 
-14.15656836044 -0.67932577275941 
-11.462673993906 0.079450042702277 
-9.9996625578749 -0.25240079127053 
-10.549318737185 0.67904546385758 
-11.791548836555 -0.59217830901446 
-12.13479879446 -0.049735382387515 
-13.221914199597 0.14592344456997 
-12.79327569225 -0.58399191653251 
-11.599303132773 -0.71871236471143 
-10.372012279098 -0.32945703381372 
-13.91351464074 0.63186101715352 
-10.375168257385 -0.067335722966854 
-10.941389322266 0.26546681679582 
-11.18578217302 0.71850879313212 
-9.3341193463105 0.75136737389504 
-11.72947732341 0.62027231923419 
-12.152293460974 -0.10019539982945 
-12.008268017794 -0.046867342529545 
-11.01164112372 -0.49506183974257 
-10.382580943648 -0.25680062425825 
-10.732203704213 -0.50143227559283 
-10.927444807562 -0.54334129240734 
-11.539439029382 0.33165233396746 
-12.746918886293 -0.47507929300204 
-12.221839094825 -0.16347394125749 
-11.255443573042 0.37305150337453 
-10.225802447238 -0.71313768394053 
-13.474329957983 -0.43849601519909 
-10.844029137857 -0.17093857363167 
-10.772979474904 0.4632355924792 
-9.7616622869271 -0.24433251386096 
-10.702181336735 -0.66827059720669 
-12.443981662773 0.15113389245041 
-9.7492080287137 -0.68745326964812 
-11.328259412487 0.74040840523389 
-14.098268950832 0.55159447244208 
-13.643459317483 0.33688086487589 
-9.8733447611442 0.48393442324 
-10.642518661594 -0.31843020927097 
-13.996369794952 -0.63462969998049 
-12.033291341154 0.14060155325579 
-12.650377775942 0.74967206560472 
-12.105765660003 -0.29928868330212 
-10.707995054661 -0.6053065790057 
-13.660583305493 0.73524419803897 
-11.754557148496 0.55975173867138 
-13.414943620503 -0.68397763423551 
-13.149932830297 0.70219636253144 
-12.107070325894 -0.74550821279248 
-11.444091273519 -0.051220936609472 
-11.78446365183 0.032701802765381 
-9.966667055293 -0.54008846382818 
-13.923820182265 0.6943467452661 
-12.529398527319 0.31431964066862 
-14.100691409853 -0.70204332580214 
-14.371383072628 -0.30072744097724 
-12.477613333274 0.3855373149644 
-11.554050451122 0.30006876336404 
-12.132997549445 0.6703294782677 
-10.33593601736 -0.37023173173394 
-10.816426723628 0.72937180556358 
-13.893490077512 0.47264908182018 
-12.277919203396 -0.47943681467842 
-9.9391656072167 -0.74085429987984 
-11.26037345188 -0.52018847448256 
-10.449641483514 -0.61262976346872 
-9.7524477081162 -0.61957084957213 
-10.264068223888 0.27436131186237 
-10.866831408599 0.0030435368492236 
-11.784756363754 0.41054209208802 
-9.5094989349303 -0.21004137665545 
-10.33807069469 -0.11145285483841 
-11.697343734951 -0.13669385300307 
-10.934802462367 0.40640527320831 
-11.747497932501 0.52260617784355 
-13.651099723378 0.36863727405392 
-10.116767203245 0.28082655806994 
-9.9830581609983 0.74262765805443 
-12.698422995134 -0.21411515234493 
-10.110070074245 0.47030146262893 
-12.545832202017 0.73837344115484 
-10.614701272624 -0.037486195832311 
-14.408277266812 -0.54307212274727 
-9.5801014756498 -0.42313208315852 
-12.52683551191 -0.68756830851935 
-9.5140724226576 -0.51132138886629 
-10.755486156884 0.25849943428597 
-11.516241502792 -0.083187676382955 
-10.506509461123 -0.21834369840004 
-10.590207728795 -0.59226109494906 
-12.61626357299 0.22888212163688 
-14.575869056887 -0.18296949836315 
-13.632586796654 0.081782250939011 
-13.446038136951 0.17853432322509 
-11.055970400208 -0.16662221389672 
-10.428500088608 -0.093737766905961 
-11.37765004757 -0.30692300885125 
-11.77246994514 0.10612338663723 
-12.227353795421 0.2492362265669 
-11.354107897921 0.48467790173727 
-12.760110289328 -0.090301414282784 
-11.228643017402 -0.50590429362591 
-13.399385899698 0.11284204909222 
-14.183397180189 0.067001264574583 
-10.806631208426 0.28083885103441 
-9.8985663006894 -0.20458424962996 
-9.6390245732879 0.63005235449052 
-14.337952242727 0.11440135575972 
-10.75238129558 0.56450808482031 
-11.140484867786 0.10866715429587 
-14.47797093567 0.019281569625149 
-12.864484180216 -0.083753837935776 
-13.118915066012 -0.51452277984889 
-12.017169267262 0.28715090090803 
-9.5771571533225 -0.30175998268962 
-13.607401343145 0.017536342696686 
-11.685037093716 0.70205634688579 
-13.949416112187 0.03957777538013 
-13.931430873598 -0.48092809401017 
-12.023031968886 0.70163896262668 
-12.171379034171 0.3146782815477 
-11.274501310413 -0.75609152268792 
-11.54627526602 0.74982113050715 
-10.427513949054 0.68499836409047 
-14.621413019104 0.34507201638498 
-10.807012781529 -0.74405742761514 
-9.6477629454544 -0.43164158275127 
-11.240875404701 -0.76432210060619 
-13.674929263309 0.42794513154823 
-13.389259957215 0.10788847419086 
-12.986341409883 -0.44463689189496 
-14.334296754217 0.073359126048167 
-14.229870282276 0.64345950246497 
-12.687393388444 -0.69465361446137 
-9.7589654301486 0.72068492561835 
-11.632872208122 0.57601356826577 
-12.251315674611 0.24713106096803 
-12.627407204369 0.74954723338909 
-14.266654723178 0.73512710326942 
-10.07987397709 -0.58307837333131 
-13.44139768662 0.0024527277658799 
-10.258136119776 0.53313108504235 
-13.539272857079 -0.20838889705371 
-9.5108583800386 0.55790121744127 
-10.135653731416 -0.21528749264202 
-10.530324911332 0.039122071634687 
-9.8303614953948 -0.66114441392724 
-13.794098115627 0.41848751706044 
-11.385513362141 -0.022045189885521 
-11.314951473733 -0.35814342842059 
-9.6147993987192 0.60748967516706 
-12.505648394165 0.14784091624818 
-12.861908658357 -0.32827514755606 
-12.009321416946 -0.35226367065445 
-11.295237765126 0.48129279756377 
-9.9471504602965 0.42918406955784 
-10.030585800016 0.16113273501105 
-10.754699039304 -0.70967210939394 
-11.205668601336 0.46232053063444 
-14.003672032174 -0.32308956699218 
-12.903989113211 -0.12115268379923 
-12.847058745179 0.034786848746727 
-10.77732136709 0.45881939213979 
-9.3874404170201 0.013989482785296 
-11.234762044559 -0.43022736788643 
-12.847837843676 0.6720465180205 
-10.881945571242 -0.46652726663549 
-12.658704574515 -0.42178981453011 
-12.191879856706 -0.54226015214382 
-11.75496259397 0.35589681620915 
-10.895087461492 -0.19326838662596 
-12.029374921526 -0.26751659213137 
-10.640011227989 0.61719817032715 
-9.4315924807722 0.47404706584638 
-10.820178401423 -0.60742438096829 
-9.7725985668085 0.58818106842243 
-13.635245102628 0.49993103199289 
-9.3289109460486 -0.73466527641862 
-9.6416129741352 0.33662382195025 
-14.310903096811 -0.22926007741949 
-10.873555324125 -0.11777098209216 
-9.5645210347102 0.076344582928761 
-13.863891012153 -0.39260239046084 
-10.575649810579 -0.48193706500964 
-10.441565405804 -0.68175434870084 
-13.351511950085 0.25896569474922 
-12.719491670386 0.5285708726147 
-14.438833750586 -0.54992054624364 
-11.013284758103 -0.73470089412242 
-12.305069960679 0.20211624495492 
-12.802026998682 0.40827136591254 
-14.663084167596 -0.44056312116295 
-10.922942560401 0.31493644162883 
-13.150920589077 0.29375437255095 
-9.4989126496772 -0.44010854931872 
-9.8354813625844 -0.37935635183216 
-11.802865125298 0.024353337532963 
-9.9607399489482 0.6643423311198 
-14.075668976004 0.69726044497746 
-12.51674441863 -0.01501065289908 
-14.56918670499 -0.27024501413891 
-10.57278793951 -0.13510550924968 
-9.7199069405226 -0.35368008230289 
-11.630468929128 -0.12991629491344 
-9.6396610430239 0.25452978292326 
-12.004781338916 0.16461400223633 
-11.403863801857 -0.42725525815659 
-13.666708920795 -0.40012626368996 
-11.876359815984 0.41134190742656 
-10.255183641393 0.27796014561686 
-10.405158048127 -0.61856171072142 
-12.900302984237 -0.36671165616426 
-9.5100254447926 0.31580408834165 
-14.635791355416 -0.64910986629985 
-12.760408501621 -0.68808669830376 
-9.5914766355789 0.15207745331759 
-12.880288356901 -0.62615777172283 
-14.037430060844 -0.31998361771983 
-11.474972264507 0.26543095278714 
-13.413331853551 -0.0061603753844457 
-10.667938286445 0.60843230985736 
-10.475059937806 -0.75011619961521 
-9.6532930125425 -0.28652325401544 
-13.093825402643 -0.57287730302057 
-12.148744496394 -0.36545945126239 
-13.092915741949 -0.77140245467042 
-12.893373146613 -0.17730882270143 
-14.08960072902 0.11812688243516 
-13.341525368293 0.088444488765195 
-10.672577429844 0.24439127787325 
-11.34980157971 -0.3032028203622 
-10.445830901878 -0.327716997309 
-10.177984522587 -0.58659659502993 
-14.406080810166 0.71314001629637 
-9.9324377678652 -0.60888800149746 
-10.860048304737 -0.64239349823848 
-11.529917003563 -0.16514287112845 
-9.6843349560459 -0.085650690053628 
-13.151386420902 0.29419404832242 
-11.65290697742 -0.65065812785847 
-10.065106636022 -0.073531581846278 
-10.207900858699 -0.36317793901876 
-13.773619613003 0.5594152111826 
-9.5180543718974 0.64120358454796 
-10.683686485117 -0.41375083935238 
-14.166751686635 0.31764866007723 
-13.681815880585 0.33397042987197 
-11.136935760337 -0.34858532568792 
-12.195756172531 0.11609183780724 
-14.635116512001 0.50943040886814 
-13.649840462253 -0.54731590238777 
-11.931622597286 0.056061717284062 
-12.285761901381 -0.21095135716384 
-14.213436949487 0.54672791253077 
-13.891220863324 -0.2998377387965 
-13.350958687939 0.60745405949687 
-10.278645540151 -0.61802872172204 
-11.598827168972 -0.57546439986754 
-10.970713497405 0.15165684552402 
-9.5511505250392 -0.32783774317687 
-10.661547233934 -0.15228851009307 
-13.192676747625 0.5269124583395 
-9.3307782309517 -0.47597100874691 
-12.899466870629 -0.73905839563432 
-10.811205785634 0.055349741929029 
-10.444537275676 0.094463116511666 
-10.633445493437 -0.4686183319853 
-12.811644462481 0.71032518273159 
-13.890550493767 -0.39447025257052 
-11.674572268348 -0.018090766146671 
-10.498917062278 -0.3748250837066 
-13.06822768565 -0.49194989269424 
-14.341544213655 -0.49539240709602 
-11.477726673249 0.14336256848417 
-9.7280721651992 0.059055654841194 
-13.249562683881 0.18260595890076 
-10.935680819779 -0.17015292321826 
-14.63401624246 -0.65607476337936 
-10.185204428107 0.054879635021506 
-11.033842392878 -0.35659470471786 
-10.424052399742 -0.40854617213825 
-10.891573791103 0.1106056028205 
-9.4260381434523 0.65618995188245 
-9.5158990434484 0.090063719567736 
-10.964537902056 -0.29340844774519 
-9.4236886666097 -0.0046653162335577 
-12.787403745259 0.52223779897543 
-12.733956979072 0.70742371537106 
-11.623132973427 -0.43586598433995 
-12.875415060516 -0.6712024837587 
-10.356968453598 0.42397143245142 
-13.271850557527 -0.71229968511974 
-12.789268497412 0.48166018400814 
-9.4071588855739 -0.1351072943384 
-12.363330325243 0.45921763844457 
