-4.3686343996647 12.665122921378 
-4.3658320350748 12.345095901947 
-4.8862982161518 9.6523821512314 
-5.7612916103515 8.6151878414621 
-5.4577932977326 8.7159358792792 
-5.8538155165192 8.5435076464371 
-4.3018968280288 8.7255062885286 
-3.5483691573967 12.895151908221 
-3.6529643401432 16.204816644237 
-5.7652031375978 8.6799018805193 
-4.2142672369347 12.784748889604 
-4.383826256991 9.4538216821736 
-4.5190912312809 7.395148424777 
-4.8284659940525 8.2997329730811 
-5.3944354727627 7.5021450805517 
-3.223875584449 9.1205470559245 
-5.1775148937473 7.8122804988872 
-5.571351055678 8.2819234124968 
-3.5692132620673 7.7739860984267 
-3.3460438072309 12.480932500528 
-5.0794120594402 7.0605604584718 
-3.3777675659429 12.919418504451 
-3.668731187655 7.9752548391352 
-5.1818723846903 9.6433670111682 
-4.61902101356 11.13188392407 
-4.9162507176053 9.3169711732106 
-5.8125212063124 7.2836437022293 
-5.3823831065436 9.8665149439176 
-4.4304817673892 8.8222238623691 
-3.992043460006 8.5451741728962 
-5.4560230040394 14.294883452296 
-5.5439087120933 7.4559837353207 
-4.6365350395323 9.8433617715301 
-3.3098469730162 12.13253063306 
-4.5783946556548 9.9893914765403 
-4.3806792575441 8.1039842132103 
-5.8184928590311 10.365872129239 
-3.9347587337073 7.3484553475723 
-3.7050283016681 9.5028926059552 
-5.3575822431928 11.276116491564 
-3.3729257514677 10.024288793665 
-5.6301114574762 14.5395934384 
-3.5073024220366 8.7318279634033 
-4.1340486889758 9.9132552973998 
-5.7078859228496 11.816184019908 
-5.3282141522511 9.2269762578533 
-4.3777844223826 10.825620074552 
-5.1835865008111 10.999885221761 
-3.5906525285575 8.40305467483 
-4.2527579611055 8.2228601490707 
-5.6155736726795 11.102332584173 
-5.8373386389735 7.4641474122312 
-5.3582383791712 7.6406674330396 
-3.2493990713909 8.8542022859395 
-4.7399453754037 15.313209049125 
-4.4243995595762 7.2444943037678 
-5.3769743715911 13.705452796684 
-5.0418608070446 10.248285836557 
-4.9168519993208 8.9575006043943 
-4.6109459621585 7.1342910429627 
-5.5870855961643 7.3474223519287 
-3.911728370623 7.7565886613205 
-5.627762018938 11.183473835346 
-4.0558711991531 7.7019805706525 
-4.8955785386777 8.8550634049094 
-4.9979597325248 9.4782150767408 
-3.6162214032044 10.531845723025 
-3.5815931554776 14.250462163064 
-5.1775457606275 7.302418273054 
-5.8334039358584 9.2929537635023 
-3.3247104544121 8.0230723687761 
-3.5434341422899 10.178001174464 
-4.989774083951 6.9751959412609 
-3.6994022199367 7.9856612528574 
-5.7442628545345 7.8860993625281 
-5.0509410563743 11.887485395058 
-5.5372546163592 7.2711471770086 
-4.8666743497906 8.0323645141407 
-3.5117202007588 7.667552077339 
-4.3603226987398 14.273625472936 
-4.775995727667 12.404525293727 
-5.4616689889673 7.4254559825191 
-5.56264006539 12.486160304093 
-5.1775887487552 7.4383892461347 
-4.1788071558055 9.2964750064211 
-4.4781174668731 8.7787139247066 
-5.4566200869475 8.7564779391761 
-5.0612876470065 7.2757068196497 
-5.8254623701256 8.8368837158194 
-4.6902553040972 11.047741328261 
-3.4684350942973 10.379646242964 
-4.0909956196445 8.461027575515 
-5.3189573332695 8.7573168171285 
-5.614804277981 10.160375755705 
-5.3306154562838 7.8953310545893 
-3.7249652657235 12.635826216396 
-4.5389562847237 20.082138377187 
-3.6171410100552 8.9396497558001 
-5.430159531121 14.535611955965 
-4.8475833419571 8.2872604411611 
-4.1825502706551 7.2413890623858 
-3.2031767366108 7.4425172940709 
-3.6315311173607 9.4780118868265 
-4.8303714035631 7.7503120702893 
-4.1532937142302 8.3243974447247 
-4.7809994719518 9.3133838790393 
-5.1040538024273 7.9357100758656 
-5.3540872231699 8.2285617038906 
-3.2214647471784 7.5873758802943 
-5.7156457903986 8.2788289603922 
-5.6675881418647 8.6693670027028 
-4.2728737350726 8.760543319207 
-3.429440878638 11.728877133219 
-5.8162296013631 14.287634440589 
-4.4475244010681 9.4478217666531 
-3.4608715553893 9.7959234837277 
-3.4273528629869 9.2992095248503 
-3.9692340442823 8.4179169498184 
-4.3354783543166 14.108451112902 
-4.2448914330593 10.810033537988 
-5.038939614527 7.9612509067032 
-3.3057728413884 8.8379142409842 
-5.706403438862 7.3823291951464 
-3.8701182015534 7.1952406935355 
-4.531147302695 8.7612189763173 
-4.1409626408154 7.6001476568712 
-4.5832082634588 8.12889764485 
-4.3965462575282 9.5384260746371 
-5.6588777082524 9.4375473079643 
-3.616687168652 9.8859568157197 
-3.5506981088902 8.5992412777151 
-3.8774487236719 11.65001318029 
-4.6952801163938 10.261527823637 
-3.2913679593358 9.7061166525405 
-4.2905974489214 7.0581096998565 
-5.2304498223794 7.4134432133584 
-4.0693460725025 8.4368452536355 
-5.4959398773774 9.4101914186725 
-5.206476355748 7.4469730609147 
-5.701756913032 17.729880810874 
-4.8096597753961 9.5763431074709 
-4.2405556616517 7.6513615983852 
-5.052182491636 10.014655070446 
-5.4651848557312 14.736733388842 
-5.7797504012402 8.9520975651691 
-5.6630310309532 9.5476552463818 
-3.2692500766146 7.3325556002715 
-4.0501178418052 15.429474893642 
-5.7684312434964 9.8781266489741 
-5.1644181141591 11.863960959138 
-3.7043988222626 7.5440536173216 
-3.6843765986805 12.612560992997 
-4.1506333985285 7.9627176937837 
-3.4197272539621 11.121695620443 
-4.1069578171475 10.263278235012 
-4.0056833410881 7.7731211873454 
-5.1321760326644 12.329327326499 
-5.157260965039 11.624603700791 
-5.2746419750468 8.9691824657334 
-4.9496814852792 8.9603002074145 
-4.6318935793979 7.257112384138 
-4.7228609142486 7.7175986242473 
-5.6092581406017 9.9147788262385 
-4.9632058692819 12.430090796018 
-4.0381668462135 9.636428703968 
-5.7109590888145 10.595209296007 
-3.4240707805955 11.903607417845 
-4.0726874960534 10.241392758563 
-3.4687286141922 15.438559183728 
-4.8467764716142 7.4191275303555 
-3.9017862835613 19.491133661662 
-4.4758779026059 8.4737445521622 
-5.3995930035517 9.497027931845 
-4.9625645415749 11.208865561815 
-4.9752869022201 7.4488419359758 
-4.3886850402516 9.800836560657 
-4.7911912266633 8.2246324931316 
-5.1039717260289 12.436867677482 
-5.8305306194372 8.3941380411998 
-4.5279672423089 8.7216556314482 
-3.6354723456108 7.6622682520255 
-3.9208813062826 9.7094579461965 
-5.6665448915893 8.3187102628145 
-5.2450360335105 9.1467352233308 
-4.9290139686627 7.6036452892269 
-4.349090637268 12.523900413106 
-4.6637727094543 7.8307697920204 
-3.3464454857985 11.013284804671 
-3.850196012903 8.5282740194018 
-5.6708417556651 8.1324685056517 
-3.3612458769205 7.7146691206594 
-3.8753681877652 10.428444262991 
-4.2819226973665 12.232165129971 
-5.6971412041582 11.283232048493 
-3.2510184391629 19.791642771283 
-3.5640726393831 12.875592850963 
-4.6686525939579 7.2239124870465 
-5.6365258155302 8.5490079043839 
-4.6282714406323 7.0597119236998 
-4.7041535607035 7.2785025330512 
-4.9797726132966 10.130083485695 
-3.3433271497057 9.6319683731854 
-3.3327669614914 9.5069101661917 
-4.5390031959565 10.125717866064 
-5.2769515650875 7.5936402716631 
-5.0270394462925 7.1583721591548 
-5.0176572679014 9.3328581837395 
-3.6371419077783 7.8474385072075 
-4.6040314460865 8.0835773084012 
-3.6418585373416 8.4724405503511 
-4.8709912721201 9.6638029322295 
-4.8468612379952 11.359167737768 
-5.5201352970854 12.089241525588 
-5.29682759498 8.9391678683268 
-3.4505096598962 9.1839726731103 
-3.682110577504 9.1640638409776 
-3.4459431522396 8.9281936774226 
-5.6863219851142 8.9944647281066 
-4.4568111559853 14.04696688906 
-5.3765369015288 12.282622677278 
-4.4904275111075 13.227859271032 
-4.6613505130657 8.9947111366214 
-5.6252040864104 8.0100296207527 
-4.8915512045889 9.8784528230181 
-5.3369380938433 9.5487160330571 
-4.7064527811279 12.426647969118 
-4.852884696367 7.0837920882539 
-3.8801818165261 7.9818845354564 
-4.9772822112952 8.4869507994331 
-5.787549662332 12.72143982814 
-4.3356461934759 10.328972578797 
-3.8853698655161 9.0205037834523 
-5.5816847298083 7.4409179903742 
-4.0854828006327 7.7626005633742 
-3.9591756578901 8.2568534362268 
-4.5044470168958 9.2400472216519 
-5.2441964933666 9.0018887647383 
-5.4170061706092 10.54796021981 
-5.044344062086 7.4756561320476 
-5.816544957414 9.929047011265 
-3.2846611211285 10.354060651581 
-4.6692965212811 7.2265063296501 
-3.6520418445013 7.6994093140362 
-3.9917438224758 9.0896837350599 
-4.8252518985317 9.0819865101086 
-3.3571243417508 11.928231281085 
-4.798573924519 9.4144342570469 
-3.8872829916114 8.6194784664174 
-5.6522793578817 12.037056103004 
-3.6782033864926 8.2837336060024 
-5.2921109440438 10.280581717447 
-4.0350467684441 9.7121350762386 
-3.6317185419619 7.9105170979871 
-3.4318063581313 10.272822436579 
-3.8813715222366 7.0263188740614 
-4.4213625787855 11.21924521161 
-3.4828335514915 8.7518589299746 
-4.3313645532276 14.487951388307 
-4.3573204264726 8.2524277213545 
-4.0274252876581 8.5498490780918 
-5.151432838678 12.981810525071 
-3.2380300078706 8.0801071668276 
-4.8133695298242 8.3304317644614 
-3.3953060511181 9.1004094575269 
-4.0927239046456 10.575715500252 
-3.3836187909908 9.187015470971 
-4.9101197673369 7.2292280946828 
-5.4970486049552 9.0509415529811 
-4.0024806911001 10.736462365134 
-3.5272495074414 7.4781463464609 
-4.4134398077608 7.9470526039168 
-4.9091210317835 9.2773040682492 
-4.273878118928 7.8916814299531 
-3.8498782936301 7.6134312525658 
-4.3910563441097 8.7634509436523 
-3.4517403387055 7.6577416629656 
-3.7472987906542 10.015275274137 
-3.8183123650864 8.4593421592316 
-5.1339845815151 8.6734373448432 
-5.2331024630978 7.0045490958424 
-3.5336296118942 7.9577454011769 
-5.2532206692636 14.625301657987 
-3.450974279005 9.0960487354649 
-3.5740987055514 16.434374736343 
-4.019818434073 7.997607158199 
-4.0061548740175 10.335322734261 
-3.9183963773236 7.556218455332 
-5.3797888354696 8.3509564836538 
-5.765766341827 15.893619958175 
-5.5894548192516 11.255274638517 
-5.2771572559263 7.1058761793625 
-3.2839778581324 7.3189387533307 
-4.3941670359998 7.1005062688213 
-4.7212447919141 10.297854331057 
-5.7413704424991 11.358727388611 
-3.6096979813538 12.27732426381 
-3.6609365801589 7.917614622797 
-3.3557897703604 9.3124869157741 
-3.7757769512363 8.4807020997139 
-4.0207514025425 7.8989501897682 
-3.2591672889229 7.335221397216 
-4.1644757483713 7.8845841600501 
-5.8514107038806 10.538720001344 
-4.7326447383985 10.408586328682 
-3.3295274171283 13.533810282997 
-5.2824849110719 7.7422887134168 
-4.5152380239756 13.792525915661 
-3.9576234469914 7.436514862359 
-5.4903328591158 13.424649279378 
-4.5194710054564 21.58052949748 
-4.217961231458 10.749325197536 
-5.5626367581945 10.972166864764 
-5.1141917022911 7.8417253249611 
-4.0076362453824 8.0432143046727 
-5.3089088117223 7.5071139137598 
-4.3211048658622 12.303446482496 
-3.7159168546195 9.1419892514517 
-4.3228241747543 7.7247610307815 
-5.0643507455382 10.334591155593 
-3.2111256747111 8.1664985270561 
-5.76597416894 10.680398629065 
-4.2495233970128 14.549549095626 
-5.3559396296621 7.3537450757398 
-4.1703184850422 12.243787765687 
-3.6526600234257 9.7983984540146 
-4.404053983868 7.1921847876296 
-4.082344522676 7.0849867654519 
-3.5541230089488 10.393776628603 
-3.7001245405215 7.2854279011686 
-3.9255888257595 10.417662368571 
-4.6814645614289 8.7467928136612 
-5.1905536916963 8.6116519318202 
-4.9655237621638 7.6871088372244 
-4.318208070402 11.49325055259 
-4.2566007786619 7.4601453019347 
-4.6546593637349 11.50789225032 
-5.6332916656666 8.309604125871 
-3.864227681973 13.191786791386 
-4.0432545781102 8.4218203730859 
-4.8601077185576 23.030340828581 
-3.4015885026118 9.6615676939997 
-4.5094294676184 9.261467780707 
-3.2374265215357 8.6986451436539 
-3.6258812690949 7.5798673356479 
-4.9725862950179 11.215986883863 
-3.2144542926203 12.325036636175 
-5.8071954854095 10.575882772183 
-3.8599604767356 9.883204487611 
-4.8048573099217 7.5279513064958 
-4.0471605790199 7.3926665084182 
-3.7249700573296 7.2400131968259 
-3.9470764809785 10.853203957404 
-4.6984558842681 7.2556918650132 
-5.6822594775395 9.6916304453436 
-5.8067973532279 8.6432025915751 
-4.2891308355657 16.124977066996 
-5.1397323449296 17.299882753759 
-5.7978143464705 18.350512107788 
-3.5782501057714 8.0464023068318 
-5.0714788121911 11.912313412215 
-5.1118090465744 10.409463308428 
-4.1960521478754 8.2329489917674 
-3.2869756650904 10.129516797985 
-4.6912815381836 9.9604298332634 
-5.0080803807719 8.98661429438 
-4.6079518567218 10.638051864502 
-5.0293278265332 8.7869840193903 
-3.6433600776701 12.930347485382 
-5.0422593250684 7.2047804986793 
-5.0512070733487 13.22732976702 
-5.3808043845053 7.2791623498829 
-4.0251995974268 9.414062024796 
-5.4223562157355 8.7565284675905 
-5.218279615183 7.2472459431548 
-5.77422930165 7.0244594508503 
-5.7980948757543 12.389244718108 
-4.6041708786175 7.8521049816706 
-4.519306849955 8.8706408399353 
-5.675476449225 15.823374465782 
-3.8066627995169 10.800058173982 
-4.5664108370507 21.901389333276 
-4.7275572854615 9.8901196023551 
-5.5914290123874 7.6441401765704 
-3.7307719448079 9.4426288502136 
-5.0869301684551 9.6500547173173 
-3.9450028303922 7.2140695167189 
-3.5454669388827 9.6166042393285 
-3.5363839211648 7.6078522048195 
-5.8331962427528 12.397340089846 
-5.3042340681746 7.4527035314279 
-3.4424780109484 8.691060525767 
-4.7156373798452 7.2139005779532 
-5.0863512466738 8.5380601740643 
-5.2580820531665 12.406111148614 
-3.4067887607492 14.493720974288 
-4.655655178016 13.055917057686 
-5.4786828710651 11.038450986527 
-4.0688285766712 9.6708502303509 
-3.4804467036885 8.4508834641909 
-5.1490225684137 7.7915315152963 
-5.4262194181619 12.432270304095 
-5.2856437756955 9.8120061390889 
-4.8105258432471 13.30678137078 
-4.5357105779138 7.0451328301475 
-4.2005711319234 7.2025304413602 
-5.7586905803575 9.3625357073225 
-5.5025406608032 8.0717367162145 
-3.8050758323124 8.754971323789 
-5.7147465908886 12.681668154059 
-5.4670497016647 8.6132215683833 
-4.1125728267417 8.8336625046507 
-4.8713444546104 9.8156309044382 
-4.8320375202125 8.3250362783352 
-3.8980941184029 7.0596090171633 
-5.7148625956387 11.342416373122 
-4.532870621702 7.8136684578276 
-4.421492010775 7.7875641425316 
-5.5207462487446 9.9480539332697 
-4.49407348484 17.383441051111 
-4.2188332516749 11.290792019494 
-3.852491686218 11.722517318515 
-4.8744569580496 7.1555278414853 
-4.0296455500617 11.056274840637 
-3.4177832949471 13.737619980445 
-4.4667952287225 9.8847708679542 
-4.0651842224659 9.9942266157058 
-3.3179473784985 8.4793619029505 
-3.6213526498079 9.909127559518 
-4.8741475411744 8.1802637834638 
-5.6675937104151 8.7834082269344 
-4.7233070109893 10.390973303924 
-3.2184687515367 7.5127534224796 
-4.3267974944968 13.675771456286 
-3.5696904419775 10.779595222598 
-3.5848200155957 8.4018905476987 
-3.7208995547451 10.77004295112 
-5.430023650939 7.6251824765629 
-3.2294958698676 7.7613163900348 
-3.812490247319 8.8812701929874 
-4.4920685749622 10.896071236117 
-5.0967201838641 7.0880084919622 
-4.6445381345859 7.4150655937296 
-4.549357814828 11.490661627393 
-4.8256360455163 13.80349136965 
-4.331614320914 13.379662485715 
-4.5772867119449 8.4159367867148 
-4.7858485326646 10.370578522493 
-5.4237603802221 7.8952692326654 
-3.5625075256264 11.446128285631 
-5.4474249394044 7.2793896721035 
-4.3307730593685 12.647256780972 
-4.134619976208 8.4005711115038 
-4.6932548758125 18.547492638698 
-5.6344396595277 10.539843560398 
-4.4213259620884 8.1788584678926 
-4.6243849501411 13.271264679016 
-4.8682045268354 12.402111671433 
-4.5801634097863 7.8137589945276 
-3.985127379002 8.903140160986 
-5.7040798920034 11.625556098209 
-3.8869511342974 14.887158333984 
-5.4199025309046 7.3985104463396 
-4.5929719055341 7.1116364151414 
-4.1261319054839 7.3376940516585 
-3.7096632444308 18.408867629754 
-4.6178913546284 9.2905628972906 
-5.4549169530965 9.6994212302819 
-5.4490044425701 9.1015632730338 
-4.7633986570829 9.284034934178 
-5.3028666047665 10.095176067915 
-3.7505001483301 8.1419637360226 
-4.3916877502484 9.9680903078368 
-5.8523318507104 8.0387529494643 
-4.8512088114658 9.4741100905883 
-4.9896220003931 7.9669273260576 
-3.751867229318 12.766258590311 
-4.0922194475229 11.99954793121 
-5.5733188353417 10.656633973376 
-4.6651330709911 7.5202482396174 
-5.39293548969 8.8036713377039 
-4.7568488940432 10.648471354705 
-3.6534883876707 9.2880153975603 
-5.1722133829278 6.9842767002736 
-5.5322808328344 9.1371895895734 
-4.8393270378118 7.404489571871 
-3.4413089263456 9.4388370951267 
-4.4414037322133 9.6415811325584 
-4.144886744848 11.575078529867 
-5.2071121930361 14.179903245716 
-3.5309485802183 7.4727011785806 
-3.2141044483244 8.9299481686681 
-5.6785359400149 7.0935682236464 
-5.5753989008852 8.0007991435 
-3.6381342017618 9.5607576664456 
-5.2148905137104 10.904115692598 
-3.7161345614782 8.0892583956382 
-4.5346752589997 9.4240182011906 
-3.2562238382077 7.517787235841 
-4.2053335811069 8.8026897459511 
-5.1263513405066 13.317967492912 
-4.1524720337101 7.0433430461774 
-4.6201332493647 9.1664070655043 
-3.7772483622257 11.704828383128 
-3.8036534471969 8.3201761435789 
-5.4865925537078 10.466931087052 
-3.2670463068246 7.423426826041 
-3.3350682355757 20.707816808739 
-4.8458142529928 14.954633376496 
-3.620576994297 13.473707733562 
-3.4045645312618 8.7533032609384 
-4.9309654920651 7.7123383843137 
-4.387471244872 7.3677478958635 
-5.4293574074561 9.891032261023 
-5.0917047908549 8.6463094601654 
-4.944889476254 10.586040965254 
-3.6535329896596 9.1999335053785 
-4.5989133404013 11.134621290134 
-5.5453480788697 10.207942367637 
-3.6063968857813 12.009754599311 
-4.5707130753532 7.9844467230248 
-5.2939367776778 8.5203550906665 
-5.8129387586818 7.6609505760165 
-3.9669508821188 10.369918934875 
-4.696409889193 7.9959349309644 
-3.3004802829595 7.5171204917059 
-3.6035193915677 7.506990323492 
-4.0751718183716 9.2725937833772 
-4.2903153198027 17.939194499201 
-5.6208873144143 9.7415207746222 
-4.2832183078394 11.615735420598 
-5.1909501835138 14.655267329323 
-4.2800377148575 10.499884482049 
-3.5873999984222 8.860374036881 
-5.7732593808871 15.551377471082 
-5.7890939412707 9.2880859475588 
-4.3151339792634 7.3668513927245 
-4.950868728174 8.1693347670325 
-5.7219531709694 10.320332178338 
-5.2430163757122 11.743262452092 
-5.6826789198932 10.186575693317 
-5.7229365316416 15.280853596846 
-4.962429664705 10.71010943531 
-3.212389191686 8.8657134966796 
-3.7206655201083 7.6108407857768 
-3.2938855064568 10.226385897726 
-3.503891713444 12.486577671926 
-5.7322382607453 9.7764437226606 
-3.6801692542434 7.4606664120378 
-4.4627714482517 11.454493309658 
-5.134982297212 7.5798223355522 
-4.6580536627775 9.1745177209727 
-4.3884531214413 13.183039363209 
-3.7943497613819 9.7404151565186 
-4.5382154754833 7.8269039874614 
-5.2798491293728 8.3845256454224 
-3.9539977690439 7.1361119487737 
-5.5203754915383 12.829309191186 
-4.7755737647582 10.618537294797 
-5.083108363951 8.4432991418566 
-3.3144629870296 8.1204656765136 
-4.0268444942162 8.7517925451969 
-5.6731539894956 9.4847835997216 
-3.2125451542175 13.181517086456 
-5.1042514177962 10.015820467007 
-4.0629223171582 7.901843823503 
-3.6942276193751 7.5017907408036 
-4.5450288485166 11.87267278407 
-4.1062295373903 8.0589117599102 
-4.534533056972 12.276234876961 
-4.9473090990634 13.741257948013 
-4.4641207139742 7.0924776534027 
-5.571032085829 14.84533619275 
-3.8598417949707 9.875808620399 
-4.5856017943034 19.345915558999 
-4.3820679611793 12.546721974311 
-5.2542671797511 9.0186249206162 
-4.1954839864063 14.346600486287 
-4.5477042974379 8.3299847816158 
-4.0562370173801 9.1321510068739 
-5.035563353262 7.6674312391392 
-3.4758864657509 7.7139205624431 
-4.2322907982724 11.285543824997 
-3.3141719746567 8.4432309891581 
-5.7704957751393 8.4364992410696 
-3.5084978972999 7.2152934296557 
-4.3421870835368 8.6326253597418 
-4.6426890604255 8.9955605677758 
-5.793472732564 8.9175555366494 
-5.0074182841647 7.2574471339315 
-4.7662129054384 8.4776040198221 
-3.6377183959329 7.3679763696557 
-3.7068758789407 8.7394804356767 
-4.8560451473296 12.660766680674 
-3.2339846469785 7.402466131665 
-5.0411650073022 9.4316729737728 
-3.4945411037022 7.2404732804523 
-5.0994610435891 8.7538659654394 
-4.7659270458073 11.167595746326 
-4.8479951162912 12.154245138766 
-5.1712058108342 9.3725377514542 
-4.825953887225 7.1898044986054 
-3.2096511222902 9.381725441031 
-3.5347178482153 8.6426706621229 
-3.5388401737791 8.1746533339545 
-5.6028897003637 9.8093338472782 
-4.7865164694718 8.4987009204823 
-5.160649254108 7.2513976334347 
-4.2228787322488 19.803106065104 
-4.5497524045788 7.4147947008245 
-4.3199147192918 10.690007560414 
-5.0833455999384 7.6005150697007 
-4.7305187733329 10.693573108068 
-5.2166120273059 7.8967752775288 
-5.3531224871585 10.160787341677 
-5.2490999605112 12.676984305142 
-4.5992998806437 8.3292467721469 
-4.5147847949619 7.2884598608312 
-3.641143685765 16.872063477807 
-4.3465378859943 11.648077053825 
-4.6175636505784 16.561572094999 
-4.8215908652879 7.0360633947882 
-3.2440700540817 7.1454391850316 
-4.6538089487474 10.227086529696 
-4.5442623375217 14.814288176117 
-5.0466881640909 7.9000417991744 
-3.9308489810995 8.1484730061605 
-3.3596939637202 7.5136324956602 
-5.5416266290622 10.021126436249 
-3.8848657159495 11.936473723005 
-5.6805780976832 16.591459290736 
-3.4940456360009 7.0732547663657 
-5.3982340935048 7.7863096299594 
-5.1963040536291 7.6978737233574 
-5.265200805074 15.901810647663 
-4.1076845123074 8.4194028740359 
-4.8503335808989 10.777144044664 
-5.0540218504994 9.3300539919774 
-4.8689469017856 9.9122634836658 
-5.1581649098052 10.25471612371 
-5.0098916350087 8.9160469920445 
-5.2774606460055 7.183270378804 
-4.808714546699 12.1504484826 
-4.923463531322 7.2142251372671 
-3.4419488955329 14.085823912214 
-4.6166987609677 9.5472625486622 
-4.4000093417222 7.968666106313 
-4.8788554388891 8.4786909991083 
-4.2184108844111 11.301026665263 
-5.0094209470655 7.0379821894857 
-3.5497914046916 7.5779866181955 
-3.8576533969301 9.527292956445 
-3.7042576940756 7.5471642475226 
-4.5301300087401 10.274768275867 
-3.5134813028421 8.0656869143285 
-5.8090606712958 9.1927487607725 
-4.4509594334574 8.3890656418144 
-3.4319482404482 7.0040301877322 
-3.2313500861404 7.9355874106449 
-3.631831379772 12.349652028177 
-5.2208536102484 8.8207380336996 
-3.3051354048565 24.129623784348 
-3.6570734131748 7.2277022969067 
-4.5881415820438 7.1424186730005 
-3.7997756237014 13.528296506734 
-5.4221354083589 10.102624053351 
-5.2466950712046 8.0986092802971 
-4.3326980009589 10.748869421592 
-4.209380140141 9.7022934390688 
-4.1002579122542 8.2796846023401 
-5.2099662872455 9.2588147755992 
-3.8979442273726 11.778830362529 
-3.2447122119973 8.8446664096557 
-3.3617583069084 9.0234530312745 
-3.9160781114251 10.280224647268 
-5.1116262399652 11.744779201064 
-5.6570006649306 11.684909524311 
-3.6153501754798 12.409022431711 
-4.2281256023317 10.388072740413 
-5.0435701757499 8.6611417187462 
-5.398566890028 7.2664202319206 
-4.3641481510733 8.4746462255543 
-3.5590507761091 15.823729866272 
-5.6964357575626 8.2352270026447 
-5.6386280356274 8.3615194617878 
-3.540684522341 11.013863888405 
-4.8046314349275 10.105591986426 
-5.7998262180332 11.059338636515 
-4.1399322522639 11.344928887818 
-4.5656042445291 8.3288784734497 
-4.4988548044569 8.9031009448804 
-5.5663886049389 8.2388631207637 
-3.6140479245866 9.159087121504 
-3.8441493670234 13.094343971162 
-4.5622651222022 9.1364892555977 
-3.4981804085376 8.005391332791 
-4.9731382998445 13.446251368692 
-5.3214985309814 7.5503737634992 
-5.8097763493487 9.4625230417191 
-3.7507643643691 9.2068779438454 
-5.3069276524313 7.2368071697004 
-4.5637261163444 7.6311239775393 
-3.3196582134941 8.8795023274744 
-5.1730971528284 8.6683262722836 
-4.6138682202907 8.8357794417875 
-3.317867514954 9.606762442316 
-4.2567335671307 10.075927277634 
-4.0122435314866 10.443337876292 
-3.7837845414258 12.573705181047 
-4.7818331057961 7.9664464319248 
-4.3645988719395 8.9451638960057 
-4.9820778641744 11.513140158317 
-4.7646557887567 7.1939237188499 
-3.5678502404524 14.565273511469 
-4.0546390316625 12.344054131753 
-4.1539036645503 7.9979591730937 
-5.7671790560297 8.7650648921028 
-4.660027503197 7.110804145707 
-3.2615428983618 7.1987645115548 
-4.3638383205058 10.513640231102 
-5.2666252461614 7.3059483782109 
-4.3682495178373 7.023121534947 
-4.4562967017039 6.98828442883 
-4.9883857931499 15.904874532369 
-5.5704521298907 13.306313677602 
-5.8581970478714 8.1820946205372 
-3.8975874881787 6.9958998351733 
-4.9100091110014 10.386405405848 
-5.4970946299859 9.7417248318997 
-5.1688487160672 9.585165523532 
-4.2877113318954 7.5148910846432 
-4.6508782259024 12.72265940131 
-4.1038551703807 10.053076969021 
-3.8298307415596 7.4510880569222 
-4.5748248383165 9.5611173231449 
-5.1603456305087 9.8561953593641 
-5.1646439480089 12.462306665278 
-5.4358355389889 11.655386176128 
-3.5188917805877 9.7286271971468 
-5.3303346922317 8.0231741064562 
-4.7463099258816 7.3178417459893 
-4.9725458844976 13.534298574193 
-5.3458807690576 8.6412242902781 
-5.4059202897614 10.366703463764 
-5.0420468589129 7.5825172392348 
-3.5530140141133 11.659036233585 
-3.9640351440305 7.8287430311634 
-4.9620407955792 8.4821529967184 
-4.5677226665782 11.190084049041 
-5.2550820381688 8.7289870117089 
-5.8511141142598 16.284209745309 
-4.2041004267077 7.8177930901166 
-5.7521915488002 7.7275586698198 
-5.6325818366125 12.077287503486 
-4.4408069186455 18.58942323514 
-4.4796080001656 18.417649839126 
-5.4536539617996 7.3052993156975 
-5.1392964003043 9.0766314573194 
-3.8871621077738 11.203425455559 
-3.3115861813152 17.559424271158 
-4.8381902554156 9.8374365036204 
-5.4249461796345 7.7459785934711 
-5.7174263898469 7.0620021726857 
-5.2869857261384 7.0980808068665 
-3.5514907018382 8.3156104795506 
-5.2130693219263 11.09777830224 
-3.9751055425434 14.723873399613 
-4.6161770019266 12.465592856228 
-4.056773833265 8.9726210215687 
-3.7570666684789 8.9453620172021 
-3.883563834829 7.3193815392998 
-5.7035428204475 8.1324606734139 
-3.391915009858 9.3711633151901 
-5.3998410465831 8.0660871792438 
-4.1930163269239 7.740175470711 
-5.5878506714919 10.033145806436 
-3.7641836464001 8.2897770400996 
-5.7080643810906 10.137110631329 
-5.855780901693 8.8883698386028 
-4.3556573619643 12.167635534168 
-3.2647438368058 14.553911096408 
-4.4845677369033 8.7010880909791 
-5.5096416247165 11.790716075048 
-5.5990604475404 9.6658937106479 
-5.8258791480293 8.4840568067232 
-3.9074300222013 9.9739154391133 
-3.6092727636179 9.2382581707717 
-4.1792455870599 8.0892982350948 
-5.1278343239303 11.295277365751 
-4.5155042291862 10.697243810378 
-3.3871443591905 7.7557680867416 
-3.9331927560843 7.7779374754783 
-4.8382209062324 9.0208609230332 
-4.3107980322759 15.306036507826 
-3.3029176577336 10.220352397125 
-5.4087874424623 10.770571683907 
-5.7623615762064 15.193554275854 
-4.738699679838 10.596926731476 
-4.1536274420736 9.1617937298607 
-5.586934256235 9.7856422645918 
-4.6429536050863 10.086804943992 
-4.249236366567 7.2699620878445 
-5.1950737591612 14.511598234957 
-4.5725696620171 9.8349866567369 
-3.4824901662144 7.2595299246466 
-4.1382613998438 14.747347213319 
-5.6062863905978 8.4842943106604 
-3.2721487271652 7.0851314752061 
-4.1763778324288 10.314045798699 
-4.6321270550442 8.8744302038314 
-4.1949281496366 7.2977708898126 
-4.2976223830101 9.3045581793284 
-3.3082930086174 10.729501249545 
-5.4671628411617 18.46105670108 
-5.5184008297522 15.396128783673 
-5.7509962200148 7.93136654087 
-4.291703937636 9.8275346699953 
-5.6529636362889 7.1477757624782 
-4.8778037879703 11.930928653255 
-3.7678683607741 13.748416406314 
-3.8006472467556 16.094435603453 
-3.5851252801107 10.297047704078 
-4.4847704638765 7.8086930575595 
-4.5244497918661 7.1018749402857 
-3.4836802727225 13.000273077831 
-4.2725434892002 8.1647271220667 
-5.7543795346391 7.0264998988456 
-5.6215344658183 9.0215890684517 
-5.8388232198593 11.554949830559 
-3.67053747996 11.959807885295 
-4.935615671316 7.112140504013 
-5.8431275188769 11.83239681657 
-5.508668222595 9.4105977532159 
-3.2929048064256 12.588588507108 
-4.0789878359482 10.835423357628 
-3.8688725984131 8.0019845097807 
-5.1697094532966 14.390075011098 
-3.7911012717325 9.8166966655483 
-4.0716583692886 8.0385301620507 
-3.4622188249736 11.375359894433 
-5.1240064250668 8.2407979813851 
-5.7952199795588 11.475032572665 
-5.7052361245149 7.6615397652297 
-4.4178080630958 9.3836359126661 
-3.9107277135032 9.1949042250029 
-4.0998467451912 8.4179115029099 
-3.3772935749409 16.792969384658 
-4.3162603828093 11.846522663841 
-4.4637613598593 10.212842614628 
-3.6796092786311 7.0335791758417 
-3.6263795284952 9.8176829935745 
-3.392211871548 7.239309890129 
-3.5438553442686 8.4020174346151 
-5.0395045557979 12.593728786457 
-3.7199856239557 7.2322584313532 
-5.4686027284917 9.3666575673775 
-5.2665820139387 12.555205830554 
-5.8055339849972 18.484095951179 
-3.3897989257398 7.3332491098245 
-3.2135260936351 8.4166563492517 
-5.5494001635452 8.0563715537024 
-5.2022178097355 9.2104217602354 
-3.4954175875595 8.8476073012786 
-4.052505886199 7.0768208420489 
-5.3462480477644 12.439870244019 
-3.2362011423099 8.5752123297829 
-4.6113515223173 7.7823744277149 
-5.0875129042894 7.355211790257 
-4.0449104572105 8.8300876146944 
-4.3624360893288 8.3766687245427 
-4.4220915131862 9.8933893840324 
-4.6747247484802 8.4064489221152 
-4.7899347832428 7.6346780493225 
-4.0141042532923 7.8388979459271 
-5.1937273249161 10.873855810467 
-4.7600100337077 11.963315886235 
-4.1345036780037 7.6792231939573 
-3.6927055336936 8.9810813111779 
-5.2131674754129 13.241157828801 
-3.7312470709589 7.1645656906985 
-3.7740321245789 9.2611040031149 
-3.2346398405361 8.4810536975667 
-5.1535201952918 11.492753791705 
-4.9391563902571 15.246589230232 
-3.4925222969555 7.5636837979336 
-4.5165662462815 7.405741351921 
-4.1195843908504 11.799794928042 
-5.0773994542089 9.2776585500428 
-4.6598440829265 8.4845491179454 
-4.4381773997922 12.290197727272 
-3.3459151185943 8.0510133570973 
-5.1380833561651 7.5788758595807 
-4.1950120091732 11.244900883737 
-3.7355598595103 8.3122732354865 
-4.9781963275832 9.2188289873276 
-4.4241785902731 9.0019406142219 
-4.6486549770797 6.9800311515644 
-4.1526683426288 9.3737468262191 
-5.6867137999142 8.5937514524827 
-4.9898307039143 8.0970827649471 
-5.1606877970166 8.4717624051593 
-3.6680168589189 7.3152003263943 
-4.9149912404623 7.3147863427777 
-3.3180145864728 7.1256437892213 
-4.2401975428315 7.1945272607327 
-3.6147993830074 8.3516586790258 
-4.9615231672735 8.0511457291427 
-5.3375883470394 9.0647971747381 
-5.7928778288756 8.3117493383742 
-4.1090970055015 8.0010253821367 
-3.5834190750789 10.938203467061 
-5.3768473304308 8.483126262448 
-4.7431988145542 9.4752313551767 
-3.3314250549991 8.1967545635305 
-3.6377158617385 7.6045782654326 
-3.2471328752794 8.0685943632902 
-5.6927588113206 8.709993341582 
-4.2687358467824 8.8687635367919 
-3.7237793385681 15.32062239881 
-5.036328573898 12.152619242469 
-4.6347273830462 16.018018548055 
-4.3754177972011 10.789876737422 
-5.75358942834 16.981188390457 
-4.0447149199991 8.1265384884501 
-3.4187474850251 7.0926359716071 
-4.1168502887886 11.407718901981 
-4.7568061599758 7.7942174100965 
-3.9116178594335 14.742080178613 
-4.763170423118 7.403260694273 
-4.9903617316336 8.604621697791 
-5.2878581173189 10.157084963671 
-4.1269951705943 7.4599408189018 
-4.5424703721802 9.9759319005555 
-5.5558664682892 10.109414868999 
-4.546764816397 11.277403236307 
-4.7119255060503 12.341466640857 
-3.402474221057 7.7366474734991 
-5.7130201374688 7.8844124912018 
-3.8631325523669 7.2853723800368 
-3.933321926004 9.1406439892108 
-5.7051665706754 11.345023333454 
-5.3473631821985 9.6363835655062 
-4.2235879526735 9.9359818069459 
-4.1967241186878 12.228875619769 
-4.7720213335642 7.3646988023203 
-5.780187360368 8.9281856323765 
-4.2918387774155 14.440917474055 
-3.4998839065305 8.2287410899416 
-5.1210943547756 6.9995464807375 
-5.3283820089043 7.1265116005814 
-3.4789101939549 11.475751804284 
-4.3463940335777 17.870839343961 
-3.7062992688185 11.032704546017 
-4.353611352804 10.463539755229 
-3.5489644309457 7.0590709096516 
-3.5387940250762 7.9547573975294 
-4.7101325669668 10.208451238712 
-5.2098221808845 9.5528411094391 
-4.0755628597213 10.381887498257 
-3.5641295714693 9.388683354333 
-5.2955682494702 7.3477737340304 
-3.5686504424792 7.346869112667 
-5.448509234324 19.128507465586 
-4.5762275756462 9.8501728351739 
-4.4721304294259 18.082907634329 
-4.8197632180584 7.3018889660095 
-3.3835816279204 7.0713371177404 
-4.9914290114546 9.072712862399 
-5.330784260755 8.3697806873361 
-4.1794378099269 10.260716379209 
-3.2111895589103 7.9156615360735 
-4.0509758743189 8.3406344404238 
-4.0140824978952 7.2797682364673 
-4.3835095953433 7.8442797874378 
-3.6467951084707 9.5621011812712 
-5.6406756307861 7.2884857373138 
-3.3973373190698 11.23615374823 
-3.3376457999933 7.858675555072 
-3.4450838290832 14.506477659853 
-4.002566220796 10.830620123322 
-4.707341141928 7.4099135334846 
-4.0882297658295 14.254582691349 
-4.1624862292765 8.0974580433029 
-3.3683796342409 8.1278860320559 
-4.3589025671976 10.765508391993 
-4.9824862810187 9.3371896487206 
-5.537108603635 13.565213376674 
-4.2788812788587 13.881969302744 
-5.3677104809778 7.3682159033392 
-5.7743803377108 13.269704894162 
-5.1085105974518 7.2479505609761 
-5.4831921963829 7.8170504105009 
-4.5046948924496 8.3344858736313 
-5.6256498139471 10.722754202272 
-5.7515127599045 10.457684770453 
-4.2393646687497 6.9861008333743 
-4.7053149489142 9.329005222678 
-3.404400832734 7.6974246459714 
-5.1963850167097 8.3247288235859 
-5.7081760551436 8.338003526979 
-4.9466511948917 14.04590802221 
-3.6864874467297 7.262248310879 
-3.5326613853724 9.7664595599874 
-5.6727034174041 11.37233245216 
-5.6665527460799 10.927142160067 
-4.7403047672001 13.358823156337 
-5.5036616935626 7.2324168285496 
-3.7326943932702 11.231710919299 
-5.2420652998876 8.0334715791002 
-4.3377197323673 8.0835948816013 
-4.9951494370996 12.776626175248 
-4.6210135945684 11.377063893855 
-3.3644950235 10.883580219797 
-3.6278729657898 11.384550092441 
-5.1459395214849 7.0272413253518 
-5.1998579666702 9.3841747684262 
-5.0566789873663 8.0077069925093 
-3.2886470400116 9.4740408457385 
-5.586605004925 9.7654487432635 
-4.9962923747812 8.1267794427854 
-3.9492442963626 15.476870988672 
-3.4768228111379 7.5355830245218 
-4.0642785726175 9.1709822770551 
-5.8433421892527 10.262700840758 
-5.4446621179596 7.8744858332183 
-5.8318570490823 12.911944015278 
-5.439540622713 7.730484976221 
-5.2341880176608 10.951099518985 
-4.083139724565 13.278076316399 
-5.7926467287934 8.260843180963 
-4.2089111551236 9.1276474185776 
-3.785302564277 8.3361025520949 
-4.1180442440614 11.009152629996 
-4.336625314715 12.829831224632 
-4.1450718893081 19.913592331437 
-3.7360901876273 7.6358098723879 
-3.7694782217562 12.359093781287 
-3.8019185643164 13.493098501627 
-3.4893062691707 12.556352638433 
-5.6302512746965 18.841444594991 
-5.187895617942 15.615758713771 
-5.2153447219151 8.5818923341567 
-4.0563905868739 13.50286347268 
-5.4181802260431 13.921326446535 
-4.5704314910919 7.6855147236044 
-3.327361402409 10.41827293047 
-4.6836971181785 10.261850790436 
-5.8335579082943 7.8098468535264 
-4.1852461795077 16.827506931868 
-4.9906489091949 7.9156781059102 
-3.8042695346835 17.179451869504 
-3.3543370625856 9.4673236998691 
-4.1208527470449 10.298795963434 
-5.6191172127147 8.6397100618408 
-5.2164735784396 9.5961149198841 
-5.1667883604893 11.624531544401 
-5.7707390594699 9.4448087260159 
-5.0515790921523 12.014914830403 
-3.6510803264696 12.502295867827 
-4.1287159777931 8.0710782764992 
-3.6227039609338 7.2603539178283 
-4.6146878622057 9.2665203381219 
-3.2265874893682 11.70571671542 
-4.5356870782438 9.3508049311552 
-3.2837496414048 10.369127774081 
-4.0926428804652 14.346150834146 
-5.2744540780463 7.406157318866 
-3.6818436922216 8.816196267653 
-4.3167478315317 7.8555866447159 
-3.7567600464524 8.3220405317311 
-3.5186748674553 9.3571951729381 
-3.444547983361 7.3380708612513 
-5.5412005834643 7.0021851780281 
-3.7752095198073 8.6556376413517 
-4.4543263059649 9.8638828920829 
-3.883905596037 9.2417359658025 
-5.5135714428749 7.5612853581294 
-4.165905998369 9.0753793164471 
-3.7599542267311 11.401010554637 
-5.1272292718455 9.7313893422786 
-5.5150727883642 12.410446732382 
-3.7413507417217 13.200668613575 
-4.1971449382226 10.030403871813 
-4.8621150376299 7.8066617106531 
-4.5565021519827 12.856470357984 
-4.1442970134933 8.2135279083318 
-4.2961114490233 11.51965812436 
-5.392029442077 7.7174031144949 
-4.7013208180896 9.0295612259785 
-3.7050025141668 7.7902088948726 
-3.6729028440924 10.327267442182 
-3.6048605286778 10.490821624842 
-3.2914409849595 12.324910952814 
-4.1948356762395 9.0202794662385 
-5.5766366480852 8.3662317763005 
-3.3656338424924 7.7236911581513 
-4.3749548845523 7.8155466515118 
-5.0915945448812 7.0750550427027 
-5.24979077035 7.5771245318911 
-4.9851946578669 7.81521410363 
-4.1701163131992 8.6275541292635 
-4.3612360980611 10.704363993632 
-5.5046095849694 13.136901390922 
-3.681953909314 7.5362922964132 
-5.4179632120683 7.6327758110257 
-4.4392011324706 11.912321594909 
-4.9571360540299 10.474572941744 
-3.3294954788046 9.7399447060038 
-4.3821233298251 10.21178849864 
-3.833205381448 13.05288784423 
-4.9040467444225 16.323015773466 
-3.896372532956 16.15892997239 
-3.8685243164525 8.9294752223639 
-4.8473762695211 7.6663747082059 
-5.8023023525002 11.302699579219 
-4.4660659820341 8.4953612138081 
-5.7187763896266 18.80928375927 
-5.3410748641198 13.302039462344 
-3.6262259604711 11.793833462195 
-3.7320175091246 15.634126781444 
-5.8120026437837 12.480144374268 
-3.7491175919254 10.656160021564 
-5.7833886352892 7.0527696676165 
-3.9981596300601 9.6122203122226 
-4.7210328336776 7.3964774122132 
-3.845201767546 7.1486388509642 
-4.6673443258963 7.0456098197313 
-4.1118997727018 12.341493086319 
-5.5946920052492 13.385603568795 
-3.4771227782534 14.398197004776 
-4.6513269908702 12.570084317365 
-5.6762560949689 11.927892514571 
-3.7136751998532 9.2531346446048 
-3.5035458126969 7.1589055255657 
-4.2949282182515 7.0169225013643 
-3.4337845548216 9.6869267833196 
-3.5896592489111 7.480869691171 
-5.2337944314402 8.3692064751391 
-4.4845032149833 10.839257351874 
-4.9295378791364 10.324946904185 
-3.6485168295662 13.111103048697 
-4.9821904738159 7.7891872788486 
-5.7795388793964 7.8611277955179 
-3.8038038363831 8.4143109920343 
-4.9181970768713 9.09038366928 
-3.7652932542775 8.0741491244737 
