2.466224384028 -0.38704755418898 
1.9730766307768 -1.3522036191645 
1.882300876825 -1.4995550912958 
3.1233999385769 -0.71060313198741 
4.3059456838615 -1.5694706209114 
2.4936837195339 -0.39333021849174 
3.6868336623853 -0.85315677305622 
3.4402919157437 -1.4520657480182 
5.1137879188005 -1.4386501801649 
2.0711831019583 -0.84804305816164 
4.3489292961428 -1.8820372384126 
2.783859745808 -0.38525264763062 
5.1487784095239 -0.85113180091819 
5.5393792982551 -0.5532248953843 
2.1829060637559 -1.3126936887989 
3.5649568771205 -0.68056419087574 
2.5143737779416 -1.117216491098 
3.7285825625123 -1.0200657700868 
2.4296906215704 -0.54342812412334 
4.2983092052002 -1.9053555878974 
3.8340161865199 -1.3952474091628 
3.1644329883838 -0.35605234120494 
5.0995390497715 -1.5693464276504 
2.345756101644 -1.885046094907 
3.4021504241689 -0.94529556122457 
5.4745077274461 -1.3806632293325 
5.5208384291257 -1.1101153538176 
2.9443309775269 -1.912850301255 
4.3933154842499 -0.81761277223705 
2.8369742571803 -0.42745546260379 
2.0161247704436 -0.55690958494104 
2.5561873121895 -0.75699665101263 
2.9727723337363 -0.85926870851678 
2.3672949029838 -0.48541490514769 
4.660495158086 -0.48093141070822 
4.2281217698678 -1.3101017493946 
3.0227303365775 -0.49134431717532 
1.9318195410117 -1.3451445273319 
4.7690629786061 -0.66672322766378 
2.2223346056162 -1.5842020585482 
3.2329629687028 -0.57394795957979 
2.7750333087728 -1.6250223413818 
3.5813408809797 -1.3231996047921 
5.1177608329214 -0.35688382091595 
2.3060613759999 -0.91052006294374 
3.407194161177 -0.9557257860995 
4.4937511704251 -1.2088657491301 
3.3442109102724 -0.71734268654717 
4.099343283736 -0.79008353680586 
2.0577097064043 -1.2488844944629 
3.91024879315 -1.4908060376872 
3.0180156424584 -1.8277226181003 
2.719844167226 -0.52662487588606 
2.0685579750005 -0.55912050978263 
3.5562366222102 -1.7387928304927 
2.7219981426668 -0.59460246292765 
2.9225451530793 -0.78838562852463 
3.5407865777129 -1.2769308919489 
2.8407887100162 -1.0747482103459 
2.9407049697149 -1.181593057819 
3.1573984039727 -0.68771585082465 
3.7268994913934 -0.88778711112121 
1.8469157770543 -0.99115114462767 
2.0000019511331 -1.9329288949009 
2.6705080659512 -1.2663311718547 
3.4766634106237 -1.1464919324927 
1.8782591350269 -0.41290319450639 
2.983143572032 -1.1462671335184 
3.796232662183 -1.5962356481877 
2.8111281364408 -1.0834099038263 
2.9836591903493 -1.6644551668265 
2.9600250624428 -0.76244899346451 
4.9644880511395 -1.6657706823271 
4.4603954594389 -0.61920934841354 
2.8252840382883 -1.2237748987778 
2.3689218497121 -1.0055710911346 
1.9784384440727 -0.89682327502464 
3.739413588245 -1.3376519623651 
3.4018936967286 -0.34341815238218 
4.7087046962345 -1.7218669154396 
3.0533224856593 -0.68560561820403 
3.7403640270666 -1.5249262175898 
2.1120185628022 -0.90691794334289 
3.0161247707831 -1.7512918016019 
1.833590940704 -1.7831341325471 
4.0381998379427 -0.73629750081895 
3.1056346041992 -0.38411559853314 
2.6369094375263 -0.98735614392102 
1.9725770011907 -0.50144305214259 
3.9949868099631 -0.90936829080557 
5.1589434596411 -1.2892809087749 
2.8867460357813 -1.8807310550269 
2.5997402636116 -1.3604272885303 
4.1141814621752 -0.84202823905167 
2.4124457381774 -1.3486224940958 
2.9045695792636 -1.4750035666098 
3.9847670546121 -0.993119269312 
2.7969361663003 -1.5249460431501 
3.4448162227301 -0.73293167870842 
4.9935467655954 -1.1935049286977 
2.5808187769245 -1.3552816539003 
3.9565437343914 -0.60213085509664 
4.8916778664812 -1.8290522439035 
2.6165967882789 -0.59428891197295 
2.1348889323313 -0.95215450786643 
4.7019939970207 -1.6244329766203 
4.7429584031012 -1.3052492571504 
4.0462267723145 -1.4139426663104 
5.4362327933335 -0.95340959181368 
3.1885743506994 -0.44075262123218 
2.5239111408907 -1.2989049628721 
2.5751317122823 -1.5871253199875 
4.2417738869688 -1.4137795369885 
5.2137300678066 -1.7938358745763 
3.2738151573983 -1.1604426997142 
4.341376211697 -1.4193032384319 
4.3944613826597 -0.38014960350059 
4.3820065332552 -1.7041421022434 
1.8335194247709 -0.56670748331269 
3.5989632404031 -1.2965981682248 
2.0703694261869 -1.8238597161101 
2.0537667804477 -1.005881607677 
3.858786337594 -0.88200368797887 
4.1056876074155 -0.33897864601951 
5.2931119154638 -1.2091055750189 
4.943090958168 -0.67511992967254 
3.0647900508087 -1.2667249232303 
2.3686194326735 -1.2455906537612 
5.0340307366189 -0.92062293472007 
4.787867093399 -0.39605937184715 
2.0448077805744 -0.95817947194058 
4.9103494377956 -0.7775035059668 
2.1304016802562 -0.44083081541502 
2.1264270248603 -0.76749050521279 
2.828038589318 -0.87403314327771 
5.53439159617 -0.68416562536438 
1.8702096871739 -1.8690839049162 
3.7792108390909 -1.1137837521835 
5.1101073499588 -0.72113825492343 
2.1709676286194 -1.562986246249 
5.5076805286657 -0.4132144243259 
4.5795987253281 -0.89166190566792 
2.141521433645 -1.5170078815654 
3.825731596004 -0.48905026881658 
5.237693777759 -1.2115190827977 
2.4911906482687 -0.76727616025769 
4.1073825148199 -0.43339425941522 
1.8736347997363 -1.8020511059303 
1.8510086907769 -1.3330895841063 
4.4370657078283 -0.65210497950186 
5.4261670498882 -0.88917775193346 
3.3974618733995 -1.8256998780498 
2.6407119760514 -1.6703713854156 
2.3266617182154 -0.7574845974101 
3.7498906033435 -0.99870470032878 
4.9118416487928 -1.0499067644702 
2.2416990187211 -1.1960340307928 
1.8911439467946 -0.3451186917605 
2.0224827686017 -1.6472213139775 
2.7127249738298 -1.9017202881294 
2.1588976921362 -0.5031650880538 
3.5976570403951 -0.5926132590797 
4.3426407314481 -0.34320665135633 
3.7294275439087 -0.51562568320538 
1.9821617832327 -1.2300998583502 
1.9477191322313 -0.94723347198692 
4.6259818272346 -1.6660161450015 
2.9903883842774 -1.4843876495899 
2.2948604456654 -1.4061945939788 
3.3788084438613 -1.7664982933938 
4.1528476851891 -1.2190267589361 
3.2777053880889 -0.75245641220585 
3.5244162613701 -0.32673039244001 
2.9577648534464 -0.48305044607357 
4.1984192947696 -1.1471002979951 
2.8900068367042 -1.0454876664823 
1.9558148806728 -0.95915222214473 
3.1622631772243 -1.1591560707183 
3.9739913613999 -1.358990951925 
5.4654826127987 -0.37433675192555 
4.1152247204531 -0.82951553168241 
2.5644731800206 -1.209302127444 
2.3596507420734 -1.5974694040144 
3.0083620962214 -1.0825700590209 
3.5094730163356 -1.5122487582637 
2.7764575174251 -0.41664647543769 
4.5833274118501 -1.0964885110929 
5.3558564679731 -0.60803575354656 
2.0684120138029 -1.2853700337259 
2.6004196306112 -1.114853751721 
2.2631513301794 -1.3230473582121 
2.2852820766399 -1.2014691857708 
1.7997529693564 -0.62993023522232 
2.4005254754371 -0.55262011504284 
3.6699957996462 -1.5599484591726 
3.158840882394 -1.3069934135943 
2.9700002221994 -1.7491000894418 
2.4501293289155 -1.8225069826134 
5.4988636363526 -1.8489099682812 
4.2921917443364 -1.5609916173376 
5.3691632610207 -1.9067965053284 
3.3619127088397 -1.4002391647105 
3.126830833503 -1.9133112298856 
3.0397895457842 -1.6974086091126 
3.9146277397724 -1.1161595509107 
4.6892474597924 -1.2725884636672 
5.0756663800523 -1.2400565628405 
4.9154591146099 -1.1436011285069 
2.9164492266254 -0.38370188733558 
5.2154130128336 -0.79033549914254 
2.7612856764128 -1.4874556058369 
2.2299314377052 -1.9213875397641 
4.3890752785441 -0.93319861285584 
2.7516232913873 -1.8861974415103 
3.6425017208782 -1.3632208013711 
3.4258033826861 -0.85764618183473 
4.6832520219943 -0.62968569353216 
5.2234055163853 -0.9735662706111 
4.0529411116687 -0.38017226664756 
2.4459395679081 -0.3856711824442 
4.4981358548589 -0.57860333745353 
4.3174462735507 -1.6333094952355 
4.153430786242 -1.736580671551 
2.3424233678176 -1.5156264254903 
3.6137684890281 -0.54371110139908 
4.83637764958 -1.1711129247619 
2.7438108988555 -1.6643934883042 
5.2718364901914 -0.60265551100057 
3.5408997724064 -1.0870844617536 
5.5085759202692 -0.9884027584776 
4.9703743979868 -1.424526762719 
5.1799341185807 -1.8322406099228 
5.1139076093436 -1.0835007143996 
4.441103584141 -1.0238962676432 
2.8770981573345 -1.73638067953 
3.9288182245949 -1.7379601587433 
4.2997282213006 -1.059844918564 
3.2954132627141 -0.87908000998818 
4.9847263405279 -0.69818786596395 
2.7439938186126 -0.51521183072628 
4.7745403562387 -0.72325468457975 
2.4965236790899 -0.9391677763676 
5.5490606060428 -0.3311205608056 
5.0283119961434 -0.79468439216571 
3.7932932802923 -1.317521533712 
3.9941211772237 -0.93336101925302 
3.0151465021015 -0.42377756054637 
3.7643615341909 -1.5500877890244 
2.371215061552 -0.58698884652524 
3.7339216710424 -0.69435874246853 
2.8058349241431 -0.78475757605139 
4.4441283974244 -1.2313072989538 
3.6084452160492 -0.35770292384945 
2.7708289322736 -0.64508433215752 
3.1133953252941 -0.89448645041581 
2.7031947008745 -1.4080521159635 
4.0945131438038 -1.7797553267293 
3.4025205012516 -0.52414907302997 
4.3587921823771 -1.3239067255394 
4.2445103897486 -0.34019317962847 
3.9922289535483 -1.0379647466923 
1.9574614931345 -1.265391129382 
2.9974976819877 -0.80447193117937 
3.9790548183177 -0.48585373606489 
5.0865982140185 -1.6042473756099 
2.3069222045677 -1.2036223578639 
4.4023411509483 -0.6098621496545 
4.7845171040798 -0.47622272337605 
3.4142724127429 -0.8614192983255 
2.843575892528 -1.5321731304505 
4.5067683927949 -1.8724567919293 
2.8224749851091 -1.1057601928063 
4.7509416255711 -1.2764575347584 
4.2201271108905 -1.5601437655452 
5.2083516436505 -0.85178343326077 
2.0869439118893 -0.5297390067402 
3.5895870047152 -1.2134358933193 
3.8021970719741 -1.2436932376868 
2.4061449177596 -0.63837567909637 
2.5748810970663 -1.8522794711371 
2.1701392674912 -0.37969731877131 
4.7865242407175 -1.4853407435169 
2.1502337655291 -0.60795294207168 
2.3871363181969 -0.71774612216931 
4.6664588468761 -1.1011822931226 
4.1665316499108 -0.61302555706347 
3.5657659550365 -1.8482269834293 
1.8141299332954 -1.5953433841374 
1.9395831878882 -1.0611405422505 
2.3223780228779 -0.32406961265138 
5.2999672201172 -1.1365583427041 
3.3890857859928 -1.0908595719278 
2.8194893518846 -0.89080839187509 
2.1187611846051 -0.32889905778678 
4.3255174588973 -0.57565835887352 
5.2488426633287 -0.86179358568148 
3.4545438607418 -0.41406602704697 
3.4323254319488 -1.1787713100523 
2.3465481469584 -1.5768733483857 
1.9105283299394 -0.9839907095436 
2.6002556761067 -1.3232936947932 
3.0718082297516 -0.4761306345466 
4.1989441062757 -0.40378938750224 
2.1868051366404 -0.39338252416951 
2.7523212283382 -0.46621642734093 
2.521760852031 -1.8830974335381 
5.3993758489691 -1.8854554729845 
2.0087031476405 -0.96762291567846 
2.1829623657765 -1.3688923789672 
3.1576293056839 -1.0295857173676 
3.7473128667201 -1.0955583844419 
3.0872019726149 -1.0356713405718 
5.3799088052022 -0.77639242020607 
4.1435898890483 -1.6167152554553 
2.1612363850316 -0.59663711591397 
3.0322940069905 -1.5615708512206 
4.2065506243929 -0.55619046196889 
2.2033550890726 -1.5609556989737 
4.7891090394092 -1.1628451096474 
5.3367573230002 -0.41772045460597 
4.2265329376001 -1.7680665881417 
4.4719160721792 -1.6844811411368 
2.4883164977 -1.6276843053536 
3.8708668218938 -0.37566858577753 
5.0932277835049 -1.6450278964685 
5.4393027682692 -0.40021816837091 
2.3357641021456 -0.95594019728055 
1.9277357272858 -0.72944904967564 
2.7432171961462 -1.2056668192621 
1.9570754532501 -0.35140664138752 
4.9335755126162 -1.7193876918083 
3.0136662053412 -0.46497595101068 
2.0423546335643 -1.5650196399947 
4.7229210797387 -1.6663399896333 
3.8663760642944 -1.79507797536 
2.0544503991928 -1.5209494816346 
3.024340046152 -1.0993053551076 
5.0794298896041 -0.53617664929195 
3.5016333164606 -1.4191830102468 
4.8630874325441 -1.1219030436641 
4.3944277893624 -0.39484106622029 
4.5891980499484 -0.71695163271627 
2.070569257454 -1.6602944171401 
3.9400530283966 -1.1163959083868 
5.3807521603432 -1.7580926706436 
4.5896056382854 -1.0804738301917 
3.354170640045 -1.0981144678595 
4.3168152389363 -0.83241881948716 
3.3310426323256 -0.75096613488021 
2.7259640278139 -1.4766419940768 
4.3789570531967 -1.4398184178592 
2.2180541882545 -0.91448215025341 
2.7242553665119 -1.533440171531 
4.2435046356509 -0.37235916903015 
1.9095088444063 -1.9193537202465 
2.3594314008687 -0.64028397214762 
5.2603179407125 -0.68962977476079 
3.7073292037282 -0.38203311841696 
2.4572190341515 -1.5382684842185 
2.510886802547 -0.99533181085244 
2.8881437954386 -0.83150565490693 
3.554482860767 -1.2840834051713 
2.4983295967761 -1.5173691597498 
3.0338215899421 -0.49417240526528 
2.7830605351038 -1.6296254041486 
4.2141822487704 -1.6025362154789 
2.3586005519766 -0.5094790603709 
4.314691103837 -1.2017927099917 
3.373800170855 -1.4768789650412 
2.8752210034855 -0.72808425482801 
5.1927686180775 -0.62466069877272 
2.3667236043656 -0.88041688942986 
3.0724125411569 -1.8609567952463 
3.4396639651851 -0.96401486428152 
2.6519689718106 -0.51129045235785 
2.4402787656027 -1.7904073607845 
4.7626020725299 -1.1461735570282 
5.0353710837643 -1.5771090016207 
2.9711010746083 -1.0575520564131 
2.4959343009377 -1.1758972980594 
4.0360902162633 -1.0606690713964 
2.5756595129769 -1.4493783982631 
2.5153554919175 -0.54011928335264 
4.3181909319194 -1.1750005789727 
5.3486153841136 -0.97124455778374 
2.2199586127651 -1.5378470052425 
3.6893040132676 -0.34229804885044 
2.979222353824 -1.528338268372 
3.8776836292668 -1.5650201593753 
2.6637949631503 -1.6193694412317 
3.462780025081 -1.8224793343269 
4.9432236949125 -0.64308845698674 
3.2312517271833 -1.1689315555721 
3.9231980555452 -0.7291362642038 
4.6967419773248 -1.8955603366196 
2.0216967713633 -1.5965500062857 
3.9125538831859 -1.85603462919 
3.4321290873342 -0.79932735108112 
3.297385445689 -1.7058745635602 
5.342046616683 -1.7748187931707 
3.756446543699 -1.269197791225 
3.1063501771022 -1.516646914276 
4.0758547269651 -1.8133790561938 
3.3055406862661 -1.4470431040442 
4.5159461514799 -0.54650170318331 
3.8063755258378 -1.1549717374722 
3.9682193810368 -1.3827012124413 
2.1718756993738 -1.2054802296966 
4.229767500121 -1.1792071804545 
3.5517870429366 -0.94973362739092 
3.9025887371038 -0.39180126321047 
5.0397981058385 -1.779634685775 
3.3837656068554 -1.9124627037315 
3.777685096893 -1.0713376221204 
3.0692112558848 -0.64576153325664 
2.3867517630402 -0.38131509311791 
4.0376366011901 -1.0705950468963 
3.1844959265715 -0.37780534531957 
2.4211350554055 -0.75992165820545 
3.6181000128381 -0.95683384414676 
2.3826533646094 -0.8220612621042 
3.4606139264551 -0.49497097745116 
1.8522272134979 -0.61865639063121 
4.7235064958087 -1.6554867825384 
2.466160538888 -1.3953175057561 
2.8167251927288 -1.3876305753413 
4.4686542423537 -1.8040782880805 
2.2344444067392 -1.2494257603366 
2.1401191353867 -0.94041083850388 
2.5430590830944 -0.73469655179069 
4.9675702154377 -1.1790658871869 
3.9892167414436 -1.8838569414659 
2.1852930452909 -0.44399493853429 
3.6334171333285 -1.3898890609599 
3.2856145539954 -1.171103124415 
3.9390707107727 -0.32029046773714 
2.965575393851 -0.70417828147661 
2.8066784351725 -0.65018952255891 
3.6450602458235 -0.45581907547997 
4.0432603233003 -0.3502412198995 
2.4149108044946 -1.1666467930078 
2.8088954597099 -1.780501360295 
5.5367155031348 -1.2882510668172 
2.9089157505704 -0.64574478540627 
4.877467174839 -0.65628120589397 
4.6396510862418 -0.41155401072626 
2.314348880758 -1.2017273082158 
4.4335554843995 -1.84239132166 
5.393292332206 -1.6698778341365 
3.2429987982496 -1.9329033145049 
5.2097133166865 -0.45383864601943 
4.9912513202584 -0.33223932235486 
2.1567295731274 -1.5736998806155 
3.5567680659526 -1.8591053527072 
3.5412965430277 -0.39529317403 
4.7863307044279 -0.7810567707616 
2.7275071932635 -0.77270193526464 
3.0242547638531 -1.3592254134167 
2.7499350950046 -1.8843247262465 
4.2294266116196 -0.5388667408766 
2.18732646769 -1.7010642330404 
4.9033697573823 -1.3035172563427 
5.5596151384435 -1.3835156256366 
2.3492086961157 -1.6481427315864 
2.0191981489799 -0.86748905273688 
4.8158989568 -0.42202299257301 
2.4653298265376 -0.55086439413525 
2.1221348734926 -1.0795991821702 
4.7254489596237 -1.4221835645758 
4.0180798281192 -1.6127577712664 
4.7866795015462 -1.1229647884202 
2.3517325319607 -0.63139645203111 
2.2585324245905 -1.3149107446231 
3.5616823245042 -1.8655100756805 
4.4825071424389 -0.46270458960408 
2.8968152131267 -0.73130605859283 
3.5135440500414 -0.34493473237147 
4.9655595535744 -0.76199703545314 
2.7909522034993 -0.87833227062689 
3.3054500822057 -0.46777130698922 
3.999791062226 -0.48287790862791 
4.4454258492129 -1.8421888501702 
2.2552480844094 -0.84685133988158 
2.4957043560201 -0.52153325316619 
4.4213869163675 -1.6762884494574 
5.2451807099873 -0.56346702513492 
3.9738679800629 -0.90524190309438 
2.6812398537754 -1.6258539817505 
2.6558257910581 -1.8621994288637 
2.8952915355956 -1.7041962338705 
2.2894366467135 -1.5572213336239 
2.1173543400506 -1.6723330078073 
4.6194892536115 -0.70820612662706 
1.8480738841916 -1.069640799285 
3.4050811549296 -1.1826528385492 
3.6366056525319 -0.92264575954 
3.7972018783857 -0.39101046378109 
2.550764791061 -1.054942812858 
2.0313765490066 -1.0341086481912 
3.7251187069139 -1.2291490056071 
3.7124118553849 -0.77944168200121 
2.3589929685378 -1.2376687051677 
2.7715862641182 -1.4862852603247 
4.9106858840889 -1.7690050042718 
4.395155768379 -0.67291935217777 
3.2132100890964 -1.5769065906024 
1.8884421180005 -0.95590239839086 
3.7281962441134 -1.7825438676621 
2.3655510948348 -0.56834261381154 
2.4058527785987 -0.53210963444616 
2.1476302352507 -0.73490230231553 
5.2302006358943 -0.36303424085918 
4.8669962238977 -1.8813295178801 
2.0360314359571 -0.95620727571434 
1.9331715004433 -0.80409105564656 
2.5593664581978 -0.79985161866717 
4.4497893213363 -1.2889604808251 
3.8333129159026 -1.3292372011914 
3.2991103718007 -1.2697150700302 
2.4502952311688 -1.592757047148 
3.463515964189 -0.85729080107498 
4.6949738955516 -0.39455748971733 
3.8352545089857 -1.5873502169401 
2.718812145684 -1.0935663281214 
5.1485693981072 -1.6090951348231 
2.3750269383832 -0.4050107704423 
4.6136914371004 -1.9263974527248 
4.8466325775148 -0.51608745929531 
1.9194633895835 -1.8339545193482 
4.6805639354448 -1.6675555163108 
3.2389304682557 -0.70777687481833 
4.3410812046802 -1.6403269890355 
4.6189058511496 -0.89460285504949 
3.8899556049412 -0.3473198237416 
3.9147932326685 -1.4154403317128 
2.7391217918525 -1.5430642345286 
3.1844819810727 -0.87962480078673 
3.8830739364698 -1.4706830538904 
5.3568863243615 -0.5269749815128 
2.6139883666231 -1.184956893152 
3.4210545156812 -0.84173695367699 
4.6640612019165 -1.1880939294572 
3.6477057579609 -1.7292108559719 
3.695542807192 -0.58260099494332 
3.1238439358215 -0.59982736621185 
1.8515796869326 -0.70600569198637 
1.9484965776523 -1.8450218118241 
4.1137610459073 -1.6928309716148 
3.8456508700853 -0.54506697471698 
5.1709389150068 -0.73702645338195 
2.4584562473449 -1.6627169231932 
2.2344995973742 -1.4781453270032 
4.40006776526 -1.3326710439134 
3.5317561368367 -0.51793066674205 
2.4730164812349 -1.6823078985731 
3.9989430396048 -1.3936998694478 
4.9818811184028 -1.6229986355927 
4.9769722575833 -1.5600230441337 
2.5867462387545 -1.28270138588 
5.0429646458006 -0.57185359981505 
1.9889984676925 -0.50613626465322 
3.8204840633081 -1.8731768063876 
2.79910981648 -1.2835518561919 
2.0352024547249 -1.5230917214644 
4.0771029818811 -1.1389651777377 
2.253039155338 -1.8824105444875 
4.0227460619612 -1.6889560713363 
2.0412463044241 -1.0923262419465 
3.5519791755172 -1.0844899362655 
3.1410317352293 -1.1072272298638 
3.1234738320941 -1.1677528548502 
2.6726863268016 -1.8259225537532 
4.3689594573403 -1.7454573105228 
5.0623475816542 -0.92382562730506 
4.3508417829505 -1.0286258639263 
3.0196699653727 -1.3057504157665 
3.3778449508843 -1.3115004569889 
4.9015515320767 -0.3590478267116 
2.7362322274011 -1.6802560492046 
2.0296421631862 -0.66525883022877 
3.526046114573 -1.7866853307571 
4.0890505055755 -0.83240080947446 
2.4950973058525 -0.90203882257538 
2.1631587494372 -1.0075205402184 
2.9378453008912 -1.2613655418434 
3.4013804458536 -0.62686424892706 
2.8822826280306 -0.97106869319272 
4.6042433488049 -0.36290773504359 
5.4907783334479 -0.45251892979919 
4.2322791448433 -1.0684151933682 
4.7032318011693 -1.6760464652084 
3.7397820569221 -1.6919087390307 
4.7347950493244 -1.5143607689504 
3.029966876995 -1.7308197764024 
4.7676060284459 -0.9079189838519 
5.3675862957186 -0.81729385440941 
1.9676829368182 -1.2662964836041 
2.3215768747211 -1.1696017177202 
3.5715838386194 -1.1057107455362 
5.4087210322161 -1.9275765055992 
2.9097615005355 -0.37111253446799 
3.0906696211179 -1.1899990148781 
3.0779556664923 -0.80810119621299 
3.8063215885012 -0.98632491200707 
4.4507543126416 -0.75775356103058 
2.1018162582814 -0.36647211058147 
2.5631440230732 -1.7711941118835 
1.8341249717617 -0.46197975826924 
3.2349533353643 -0.59684152443664 
3.60657227012 -1.152572954343 
4.4461553113275 -1.0963342051754 
4.2104190638345 -0.96329039879441 
1.9004146062123 -1.081606444753 
2.0648744296963 -1.2649647623053 
3.4341500963543 -1.2262307359396 
3.6027678778681 -0.65742084161542 
3.6448402546953 -0.79342795460865 
2.4806791610095 -0.66578674026533 
4.7846106625144 -1.1808300015153 
2.5287858820163 -1.6175976721067 
5.2095826268882 -1.636022295969 
2.8132219001706 -0.5289498814379 
4.2435526279763 -0.57213907771717 
1.9382893644247 -0.96129584252322 
2.6306811640032 -0.51614486036175 
5.319804207433 -1.5558652348586 
3.6705623863308 -1.7803185462432 
3.9047464460812 -0.68326464922921 
2.9770489144542 -0.82558413326713 
4.7876618883859 -0.75731181653095 
5.086517741228 -0.68079407278717 
2.0749027646499 -1.2465895447313 
2.4993441656207 -1.0506470509319 
2.0136154523047 -1.6468707194919 
3.2044163603962 -0.84172347480065 
4.778439661354 -0.9840541254426 
4.0212120504657 -1.1093474157414 
3.9114877792805 -0.51894002708989 
3.0101226374661 -1.291626429682 
3.2800831485528 -1.3870166072889 
1.8084167706951 -1.7632734503821 
2.7510446069299 -1.7643151985442 
2.690264085836 -1.7772931501133 
1.8741325561182 -0.93907919561746 
3.5314816692876 -1.3779361745313 
4.2879772370092 -0.6085703624481 
4.6979177801393 -0.54630719531671 
2.3038655964192 -1.3319343998333 
5.3714275578053 -0.85567652500546 
2.0202829535388 -0.86059752220608 
3.423166119043 -1.2122277987561 
4.9235837903166 -0.47382303280624 
2.2439523940201 -1.1140633138888 
3.3874365755217 -1.6846280842505 
2.5369847065163 -0.6224533917493 
4.5358488730707 -1.633854490431 
1.8026797063733 -1.3212274138344 
4.6431779873812 -0.33642358390069 
3.1565241231078 -1.9126341764207 
3.9834091810171 -1.1340219997874 
2.5425084184015 -1.6480011307054 
4.7880360301776 -1.2275057933291 
3.0730516102178 -1.2569580780241 
1.8291155778858 -0.56687042434343 
3.3124426081926 -0.41769516069823 
3.8691627025604 -0.91472749159899 
4.3799501999008 -1.2446726773999 
5.1973788641755 -1.0510988407235 
4.8265767972754 -1.4148769736607 
4.5945467314025 -0.47565816412954 
4.6065574004137 -1.8186072064211 
2.2075725763227 -0.98747764518084 
3.9489990713442 -1.3386019660411 
4.5928204005081 -1.4805122352696 
1.8472231155656 -0.70314638337304 
3.5730749862699 -1.5464406047344 
3.548637876607 -1.2693312409718 
2.6125232796683 -1.2148920188123 
3.4475303904366 -0.9975936945778 
3.4828844193468 -0.40603745916056 
5.376479916924 -0.46818612642932 
2.9858918683244 -0.52295936964383 
3.8602373254294 -0.58135321981716 
2.7709101795912 -0.37659630791234 
2.8416028362365 -0.46131066250605 
2.2708418474776 -0.34242330143057 
2.4615490522126 -0.77937564484882 
2.7383808026205 -0.72345817248919 
4.0662765653699 -0.89110950935349 
4.5502111597959 -0.39955302040602 
2.9287529448673 -1.5274112637674 
4.6382648608747 -0.89687700544019 
2.6882503080511 -1.4833410410816 
5.0404682144679 -0.75944787783478 
3.129589619143 -0.90597154805975 
4.4570825572865 -1.1474248809707 
5.0033254582798 -1.6379539176505 
3.8309210269144 -0.58416946974137 
2.3635150669639 -1.6549679359935 
2.9777068565068 -0.7238217039665 
3.2488609456582 -0.85319757919103 
3.3966207130108 -1.014556407399 
2.6651083047988 -0.80138114662164 
1.8709706120174 -1.456814906978 
2.4536961731101 -1.6988069152783 
4.9715650087573 -0.35646614831505 
3.5353606048128 -1.2704754677662 
2.9265544788985 -1.3820490572834 
5.4822407767727 -1.0928559968041 
3.7881138579255 -1.1617478179696 
4.8640651889118 -0.54139496732043 
2.6379909554415 -1.0431694873258 
3.102323502342 -0.68110693634736 
5.4430633431031 -1.1477432641467 
3.0794212452256 -0.5457011440296 
4.9090854487801 -0.48457388291762 
2.7925224363961 -0.90983747688867 
2.4089291127723 -1.5555044954922 
2.7776890186889 -0.9924198159425 
2.6802244366969 -0.6101716453473 
3.1320180192278 -1.8717830881497 
3.0338288571323 -1.8993057801651 
3.9726171585724 -1.349581177758 
2.1434766438657 -1.4114615391244 
4.3902257326278 -0.67152874697368 
4.1093870548996 -1.6836528393193 
2.81784027126 -0.37464205018779 
2.9859181457759 -0.32931644396227 
3.2749986746964 -0.62485237039788 
3.076943623147 -1.9238958526004 
3.2879065485964 -0.72502945598295 
1.9917904220168 -0.80175420744922 
3.6054747568887 -1.5424192240603 
3.8891956653754 -1.6827679408284 
4.378204411381 -1.8586896346139 
5.5038586434606 -1.6871084193556 
5.1123667325928 -0.53706050422194 
3.5866658681086 -0.92270277178267 
3.1990397375383 -1.0808041115397 
3.9999834697284 -1.681776748577 
3.4448186907011 -1.1813481757417 
5.5689417230623 -1.3942056608946 
2.1630603611594 -1.7826296256211 
4.1014854013118 -1.0902945821286 
4.4835952844555 -1.4611748630681 
2.1900478782761 -1.6542854033642 
2.0076979108824 -0.69378380438262 
3.6511694562023 -1.8062702017095 
5.3733404567707 -1.6418697202207 
4.097365666192 -0.87117605958932 
5.4721222538855 -1.4789328934764 
5.0473222833842 -0.56550601364601 
2.1193665967549 -1.4375922911061 
2.8166056740557 -0.97341660997955 
3.7097645134737 -1.6616762047329 
2.0419238494434 -0.88495173497674 
5.4301671623136 -1.1094514807905 
2.3473074484916 -1.8702941721529 
2.937459679399 -0.35334465802558 
5.1147727057401 -0.41147324829401 
4.8212295916537 -0.40345719311181 
3.4873659082767 -0.59856605676501 
2.2001299657687 -0.84942002452848 
2.5877752984537 -1.4413104032239 
2.3070285965875 -1.2278618350075 
3.515530515542 -0.78538392276346 
2.113859305472 -0.70743227288512 
5.415320314433 -1.3323097317115 
1.9089174517014 -1.8145701322809 
3.1217300113398 -0.75845880758623 
4.8810719090282 -1.3592935008851 
1.9282350901034 -0.47435721460761 
3.952299459461 -0.62141935330478 
3.9656692038801 -1.0622331158448 
5.0832261002553 -1.5677990829032 
3.6375655359904 -0.64979819242982 
3.5002423284821 -1.0730309412105 
2.1808056495052 -0.99772741176955 
5.1365314762755 -1.3658755987462 
3.8951837630827 -1.2658575137978 
4.2201995617861 -1.5271983547831 
3.5721617146068 -1.3707123794768 
4.7840091495944 -0.57953248232086 
2.0831967745861 -1.3493370397719 
2.7522588797606 -1.1977106096064 
5.5519874517329 -1.8808015557755 
4.9675459802855 -1.1809206417149 
2.7918358566636 -0.41041601236949 
2.6370093852217 -1.2560445702596 
5.4451669715546 -1.1993391396043 
4.6793163108399 -0.79766527229217 
3.2309625611239 -1.500663193906 
3.4633900709901 -1.1151442049728 
2.7176180173692 -0.35462059985878 
3.0067348741767 -0.90077598275153 
4.4294225907712 -1.654992247921 
3.2742404486099 -0.53653741487092 
3.8381225285061 -0.56101752417968 
5.1228354808524 -1.5043585555786 
4.894801880166 -1.3087836827899 
4.5854838285558 -0.34504494118877 
3.8447244412513 -0.6516599588916 
2.8006796939487 -1.1453264622235 
2.9765006611848 -1.8003514599398 
5.4114618037788 -1.7415904790069 
5.173583099141 -0.35395035786315 
2.0218886473268 -1.1070461349848 
4.7524837467108 -1.5851594106024 
4.4768833926264 -0.89670266556656 
3.7438113745855 -0.68300347015166 
2.874266580634 -1.0676401005361 
3.2707962225029 -1.7117241834652 
3.4633658338323 -1.1813888770974 
4.1151276908258 -1.7971398055459 
3.0844496041789 -0.32258594538495 
4.6366323256228 -1.3998206415756 
4.1716892959345 -0.46663922322824 
5.5310905196286 -0.85874110177902 
2.691371261091 -0.57093371002243 
3.8900050430049 -0.94307667153212 
4.5079780374272 -1.8308435016708 
4.5885267804757 -0.78931072228182 
2.4030711178363 -0.92577602927392 
4.1627019797151 -0.32836568522581 
2.0880062104815 -1.6372345624408 
3.3043753573024 -0.77151353727821 
2.9304776798376 -0.70922753321999 
4.2056315626703 -1.5194485306429 
3.427869574972 -1.1283577481935 
3.5282510072482 -0.52690389063232 
3.7531703981345 -1.396622123794 
4.0431306042839 -1.8330772713753 
4.7416673072051 -0.47637052785425 
2.4296698637989 -1.0649053385923 
4.9702959810808 -1.56902273831 
2.8430595691098 -1.7297692070799 
5.232943895518 -0.82044501588888 
3.5165002149682 -1.048551688323 
5.3653862357733 -1.6973267921118 
5.490116765664 -1.4576189408538 
5.3683711874932 -1.1568589739589 
4.6732860021008 -0.88930999055938 
2.9092992432328 -1.436971297051 
2.5144752531298 -0.3512506482656 
3.5499145782723 -1.6069151887135 
3.6073569081617 -1.4206815041811 
4.2844825057334 -1.8556836682186 
5.2822570364344 -1.161918455648 
5.1845290856618 -1.2589745659541 
4.1809456473244 -1.4247043521049 
2.7969070292614 -1.8970761989849 
1.817362780437 -0.80644422453667 
5.1038467599801 -0.83576695522551 
1.9697722480648 -0.6307337948482 
2.2814370457203 -1.3019555204757 
3.015997728071 -1.0086209396163 
3.5442420231513 -0.94818984210297 
2.2285772935313 -1.9153348604351 
4.3029952368895 -0.50571007890288 
3.6517852486512 -1.3535681991632 
2.5026556292426 -1.2636424022145 
3.1535972458398 -0.56353922873075 
2.5759062579563 -0.59448832647468 
3.0810315242089 -0.43715827964351 
5.010599274563 -1.081814877431 
4.9745423333031 -0.42304259968959 
3.1486685985604 -0.61033418303006 
2.3565821774337 -1.1053061220171 
3.8415641673128 -0.82503527427969 
2.6024688210365 -0.62534444148508 
2.6292628436268 -0.47274072583782 
3.7834048760675 -0.72351819672543 
2.9967235574345 -1.7019499871244 
2.5131334137187 -0.69790281373829 
3.3934750513285 -1.5286459279755 
5.2573945774837 -0.96832385810075 
3.5176077689062 -1.8291602748209 
4.7891439957125 -1.4130806028044 
1.8803670156303 -0.47491979343991 
1.8351273148634 -1.261316379325 
3.0998105666668 -0.83985982339321 
3.62543029841 -0.7337863171521 
4.5454622953214 -1.5682279611297 
4.3283239059497 -1.2819936722352 
4.681929078981 -0.96981081794005 
3.7673358951456 -1.4441961725855 
4.4675598609559 -1.5990113941984 
3.4925205708364 -1.3347866324962 
4.620661690055 -0.41408699242693 
5.1587877765509 -0.32679889797138 
4.5677950678202 -0.61740340861773 
2.6438647466843 -1.2651599149267 
5.2954665997529 -0.40948151076754 
3.022784511984 -0.91933699044388 
2.5258578815376 -1.6133502140273 
3.2753479473229 -1.9103044088569 
4.2486857439451 -0.89672943295103 
2.4764307994157 -0.65086506898087 
4.9540277378886 -0.90697045749862 
2.7656782876433 -0.36813387683845 
3.7589903424031 -1.7899799033614 
3.878571710826 -0.60973000317861 
5.3378322116931 -1.4606243525136 
3.7182867322692 -0.59380019638362 
1.956036994588 -0.48447392643586 
2.972868702519 -0.68253150826816 
3.2945234210175 -0.4810044051368 
2.1844563400385 -1.7144592441553 
3.9915414248762 -0.63210777553278 
3.2278497822012 -0.53626975869997 
2.3640797158022 -1.8825617866497 
2.6465009084758 -1.3081380026383 
3.6241621419981 -0.35589833396618 
3.6371177402165 -1.30626232255 
4.8005199698249 -0.51079100710997 
5.4847750549902 -0.53900369489208 
3.4506754398079 -0.41534554683574 
2.2285622465552 -0.47335731360226 
2.4627396051912 -0.58557616753252 
4.0661371102413 -0.73355287822874 
2.3441773376766 -0.32630394526833 
3.6464629939406 -0.41472972036218 
4.4665742905949 -0.95483132145365 
4.337730832623 -1.8198023076669 
2.4364321103772 -0.72479136887688 
2.4117817136253 -1.4668606501066 
3.2174659026961 -1.5094112575135 
1.8969680242568 -0.46273459784807 
4.9295811789481 -1.0014933855101 
4.0761244708768 -0.34375882177289 
5.0697659579025 -1.3701238403671 
2.1684492995415 -1.1385226373076 
3.1902476122451 -0.87485887568762 
4.6197804646867 -1.5327226930189 
5.0132324060153 -0.95484234371057 
4.9236681349325 -1.2728209081173 
1.8795378066141 -0.74849570239688 
5.3204287339008 -0.36387081324039 
3.8841562045148 -1.2344166022105 
4.6387778983265 -0.9758022416641 
2.529852600704 -0.56792955303209 
4.0077238074413 -1.8196621437119 
1.9303456110926 -0.85741300810923 
5.2153813984456 -1.6711299891011 
4.5155284921901 -1.5102914440549 
3.2735417598459 -1.056203356447 
2.5695096785854 -1.461379167299 
3.8678683042421 -1.1968029870716 
2.8995636249051 -1.2582293181346 
2.5324085092488 -1.3018798120304 
2.6680756489195 -0.89211907770121 
2.9369423686987 -1.1692744710739 
2.8270996902638 -1.2319622498252 
2.9745577200766 -1.4367523627669 
4.0501609515799 -1.1223056613451 
5.3252247213579 -0.7245319646214 
2.2910911929868 -1.1235877006554 
2.2310773309425 -0.53487123003905 
4.6607747586382 -0.6688368740123 
4.6461923403518 -1.8049507986703 
3.9802604926762 -1.7043512295459 
5.1809134918644 -0.44884342889205 
4.1083916875539 -1.0341643763546 
3.0996834949477 -0.3647493115311 
4.4910257290381 -0.50547200195924 
4.86399671639 -0.35504525541965 
4.0595810184984 -0.33816397978629 
3.6009387824103 -1.548320491195 
2.3821276302926 -0.86159843095485 
4.2466580824503 -1.1441618800898 
5.0115110606089 -1.2117517478507 
4.0261847442606 -0.68864051575195 
3.9131420141401 -0.76528496686554 
4.4917466437329 -0.67954995426633 
3.80237186612 -1.6354322524669 
4.5118780090288 -0.37752322314581 
2.7462175035773 -1.545082630124 
2.6369858546681 -1.2304825004559 
2.4689082840591 -0.46667418000331 
4.5760615114254 -0.54989252321412 
4.5968763163286 -0.3608368217282 
2.3250461480941 -1.6362262284746 
3.2355451095669 -1.7335041868678 
5.0432646123227 -0.48401063457578 
5.079678710612 -1.3539299729547 
2.8064988592616 -0.36743889504757 
3.9112518371986 -0.57034287188727 
5.1173686383475 -0.76810800431984 
3.9117057811961 -1.6348573977297 
1.9285857824236 -0.3884059345549 
1.8072462664836 -0.5614617442859 
1.8321252964012 -1.3819887117977 
3.5038640843626 -0.62688654603614 
2.5139053009598 -0.70424077103403 
5.157349540338 -0.41629433352821 
4.2778779764422 -1.3391885590266 
4.3247300218299 -0.79729604523413 
2.0999083275826 -1.3773320586768 
1.8395547387469 -0.53137250839228 
5.4610895686312 -0.77377237475525 
2.4100915500097 -1.2155460550055 
2.1076767145271 -1.0624014276773 
4.4380151424693 -0.82365427079096 
2.929286908511 -0.57408341200326 
5.425678356171 -0.91583769838762 
2.4459461962362 -0.33106700873482 
2.5119688536886 -1.1199697002824 
2.596468255591 -0.76350545878842 
5.5264676396317 -1.2667261775363 
1.9849152163592 -1.2207256610142 
4.7367146030963 -0.56638876712564 
4.3091536546903 -1.6434192753844 
3.217894780405 -1.4963580096116 
4.1307569673629 -1.2807806980624 
2.7970140827984 -0.81506156647431 
3.9313581483172 -1.7748548126652 
3.2585502649503 -1.5745678432684 
5.0772248915716 -0.97585122076279 
4.431308980119 -0.36151068206364 
1.8476213811112 -1.1980174262678 
1.8751976500792 -1.2926579222939 
4.0962197696805 -1.8021944696895 
2.5271893042923 -1.6794072755297 
2.2382463133956 -0.67003798165419 
2.2863758263737 -1.132187567626 
2.341896118661 -0.58630304517747 
3.7771545964409 -0.74718684196392 
4.2660108245953 -1.3976277794736 
3.9647529472987 -1.3678879639549 
2.9079121409385 -1.6113127386592 
2.3701703781341 -1.8252626402387 
2.7155228279836 -0.37560342069296 
4.7701918394654 -1.6969146971765 
2.2261275666892 -0.51442678474776 
5.44844791961 -0.86510736794903 
3.8203105950225 -1.8434967350249 
4.6057409993826 -0.95049878528472 
2.5934693470119 -1.4227594739686 
2.8127098161927 -1.4544262244069 
2.3720270223275 -0.884246620222 
2.1525600936328 -1.3885480094933 
3.5206676370438 -1.1899733555469 
3.1960746781808 -0.71467549111718 
1.8994865505189 -1.7965556581338 
4.5652523365575 -0.88343355852699 
2.6860097399118 -0.6904397382739 
5.3924755525963 -1.7155320662324 
4.1393785733993 -1.6701162059049 
4.05343825598 -1.2186476340939 
4.0290960006236 -1.7050776477423 
3.8446784205572 -0.67725809670202 
1.8436739440887 -0.70799850281857 
4.59303692459 -1.2969820250713 
3.2304687456922 -1.0715971633341 
4.8197748485295 -0.89694861329841 
2.7338273751906 -0.39537870307141 
1.8908826817354 -1.7362264627077 
3.937192010784 -1.1739317021166 
3.281445400273 -0.8372928193298 
3.0007355066365 -1.9200397636867 
3.6389395532671 -1.1271444098262 
4.1689691660815 -1.5678549702269 
4.2264238537005 -1.0041484200581 
2.69147574853 -1.6863981295799 
2.8815781761845 -1.7527764758579 
3.7547100551071 -0.72690226429458 
4.1073220417581 -0.96088879495484 
3.9164970016546 -1.4688830864794 
3.9544926638846 -1.9206895024766 
3.2645028340941 -0.7445434356126 
3.6947177663558 -1.2956332849016 
2.7157809412481 -0.75271454614683 
3.6948630081447 -1.1389257878184 
3.1727129216167 -1.8008704367701 
3.7345679350701 -1.890141609092 
2.8326221220446 -1.0027268732164 
1.9105871718073 -0.53051188343772 
3.8207023668944 -1.7021555898714 
2.1338226917588 -0.45641486338546 
2.7147059787029 -0.99976876691635 
2.8015100382138 -1.255521385351 
3.084191666434 -1.0281184785066 
4.2545165842811 -1.6941771922678 
2.8653604992776 -1.6751037123778 
4.9566485130349 -0.51307427259533 
5.5324417499387 -0.98335290823029 
2.0157008937592 -1.3773970833413 
3.1401298544803 -0.41048201331223 
3.2542726522364 -1.2982556585985 
3.8858964239588 -1.7603374169884 
2.945235181391 -1.590256674869 
2.4719435971244 -0.80815118457135 
1.9656232167385 -0.51925373751473 
2.0236622623099 -1.3659796985462 
4.9077160397156 -0.43899085853856 
5.4063525266734 -1.6591929584255 
2.207631372452 -1.6677879613449 
2.390410008404 -0.48453567346283 
4.7450113697991 -0.42869560204323 
3.2259264062591 -0.93712332631866 
4.4691524713369 -0.50960911032415 
5.1356251007969 -1.8099024940791 
1.9494079815052 -1.1269392134945 
2.154115094834 -0.75608868807507 
4.7915018753899 -0.35729410273732 
2.1205012993144 -0.99618769110989 
2.0714850716512 -0.76750207328055 
2.2635702066534 -1.9253486549497 
3.3018009648494 -1.3815394974833 
4.705832672436 -1.8161449405931 
3.2805462651113 -0.90592487178166 
4.677312335682 -1.2881812223166 
2.0927733179584 -1.765696988667 
2.9689489490093 -1.3090011772691 
3.7792394131064 -0.42963070758314 
3.9093801806862 -1.3964715363922 
3.6982947406292 -0.62395899736269 
3.0859376870172 -1.3183993304689 
2.4764218960882 -1.9037713714305 
5.2763103506226 -1.7507479427273 
2.4636188725684 -1.3292610684715 
3.5325046939937 -0.82366168130503 
5.3478805816662 -0.80917412275772 
3.6690838904678 -1.1772907013909 
4.8656126068464 -0.53408019681004 
2.9384566949389 -1.5172267973784 
4.475161292067 -0.32028176095534 
3.9255655788088 -1.6727714229035 
4.7715878413748 -0.61245762810297 
3.4775243327925 -0.80020071743179 
2.5409918282642 -0.37986246365542 
3.8590710224639 -0.72297603688281 
2.7660504291866 -1.3820920318958 
3.2444351488816 -1.2090852244388 
4.1196385631204 -1.8238305365228 
4.8800820547583 -0.77209343164906 
5.0409957293535 -0.40890229150362 
2.7747112556627 -1.6317389334781 
3.9426400428192 -0.39325739556858 
4.3922425015248 -1.3486875316274 
4.6864112102108 -1.0764411679727 
4.9404714480203 -1.2843983086923 
2.7484136210965 -1.7123646185872 
1.8378877016917 -1.5895236039112 
4.9355842708543 -0.34066605322529 
5.4248415493497 -1.8862628377552 
3.4043792385161 -1.0735339234032 
2.8088764306635 -1.7037322025675 
