-17.123351748088 4.1435409658135 
-14.359146127568 4.8259065819192 
-15.668456801682 4.3731383907013 
-19.063103784207 4.381870649847 
-26.139548476709 4.754355567902 
-14.406792543105 5.1847199840745 
-14.699722318018 3.9076313680128 
-19.171305588637 5.5828815925723 
-26.348548192279 4.3642848038078 
-15.726438516525 5.8294450756271 
-15.656383952808 5.0914222529434 
-21.80225556069 3.8468409355697 
-16.946836945951 4.1656857894464 
-16.220640579755 5.7593150898401 
-15.001877246542 4.0386250701162 
-15.906716560359 5.7536463652439 
-13.326809454247 5.287542764215 
-16.127339362503 4.085626180698 
-14.633028948427 5.7007146662423 
-14.013288369848 5.736362144637 
-14.49498609621 4.0105863618325 
-19.97979147457 4.0911017201477 
-22.685995805572 4.0518314072027 
-19.732924414771 4.1928739470042 
-18.852446703101 4.972613473861 
-14.086730014731 4.6555976952658 
-19.322451841759 5.2539651981603 
-15.469861590346 5.443139189627 
-15.822528920696 4.6462428275502 
-21.511624350232 4.9015069617898 
-15.498601152592 5.7327564702891 
-17.885706456915 3.9433387740039 
-16.248070173449 5.7859029298343 
-17.114223140923 4.5106840495782 
-13.184728115365 4.4999494350999 
-13.4761365096 4.6650013971006 
-16.746095181222 5.3994001393732 
-14.983766088123 4.505217672082 
-13.454117915923 5.1911184291948 
-15.508603301182 5.5500153570924 
-17.750336276706 5.8793529635968 
-14.785633819514 4.9282620376208 
-17.642277358981 5.3003999652542 
-21.119738139422 4.0370603249897 
-14.358560377687 5.0583223487315 
-19.145811881394 4.8241444330221 
-23.764670400221 4.3331559463996 
-20.710453587463 4.0862561167965 
-19.573211922776 5.7184206469012 
-20.393145714658 5.6091531170825 
-23.580245519575 4.2077125282275 
-23.007417979849 3.9127664643235 
-18.565913044962 3.8664959685736 
-15.232036929476 5.1153394085201 
-14.804740769371 3.7968200751896 
-19.691898454635 4.021588648112 
-14.650060467935 5.8693734879863 
-20.818485524952 3.8739046397545 
-24.17281165725 4.5364994115768 
-15.332505698744 4.3350448967053 
-16.660637148971 4.6042276736104 
-15.665919676102 4.8369979857831 
-13.950662222033 5.690637104815 
-18.217635176652 4.9694221550352 
-13.3757719536 3.7861651244852 
-13.641907750742 4.2546121816598 
-21.329352545071 4.2906302596215 
-16.121883711444 4.1482159588382 
-15.236561802877 4.4927226645274 
-13.814940727999 5.3770535131901 
-13.837183303628 4.0388613031418 
-14.908066374672 3.8546226585767 
-14.179930352903 5.8728761839722 
-18.135873700181 4.0992402048153 
-13.484746955233 4.1682553045378 
-19.227545840799 4.4519144748711 
-19.101556472525 4.8295137737123 
-13.416229631761 5.2606308149043 
-13.495290374336 4.5215718045126 
-13.735602561404 4.8608381174644 
-14.596667723006 4.4637068938695 
-15.54717548131 5.8257440186807 
-13.857905486964 4.0077106136803 
-22.279713132815 5.8558636622714 
-14.332031026607 4.4207952380859 
-17.429832047785 3.8784885399159 
-20.495469363639 5.6021807901547 
-21.165721428277 5.1975199179426 
-20.520823070549 5.2742593942261 
-13.129045684367 5.4128786817686 
-18.985397949601 5.25191274283 
-17.887101047982 4.3354468364671 
-16.425261707213 4.909587611347 
-14.560074249974 5.1702427980001 
-23.026035770161 3.9362003807743 
-15.57217166139 4.172073703492 
-24.502995732023 5.4277295027534 
-23.928560401586 4.1546907143065 
-18.948516065307 5.5988077348542 
-21.302961888933 4.4762174538691 
-14.150303845446 5.5210953094623 
-14.807890675766 4.041761204457 
-15.567693705337 5.085084050935 
-17.75121152267 4.9292202653105 
-13.397532550501 4.1682425562983 
-15.577516435581 5.3551676326678 
-17.997442256443 3.8584351687574 
-17.967434975248 4.0548252062327 
-19.437849508235 5.3355570507846 
-14.881825698628 4.389609399787 
-13.428018978847 5.8157706363104 
-16.174609598244 5.6996373919641 
-17.783505660614 5.004878130509 
-16.744970314215 4.072315006394 
-15.96115315787 4.660987514003 
-14.02926890788 5.5844100900738 
-14.451701785187 5.5856869613456 
-15.033862358615 5.6980785955355 
-15.663332086048 4.0145299546773 
-21.484265662301 5.2996635666384 
-14.956076212174 4.8196602613049 
-14.577278460624 4.1530232311744 
-17.850069335206 4.8122372922255 
-16.549875977315 4.9928649091234 
-13.358434462837 4.7849002352674 
-15.730590662644 4.7021444966014 
-13.945040297245 4.120601320262 
-25.20700163543 5.456447510169 
-13.59866800074 4.114660275146 
-13.898918105246 3.8442485509503 
-19.300084623235 4.3697338639599 
-15.0226440466 5.5370097593378 
-16.763584593143 5.3638969759202 
-23.960182963295 4.8885674730212 
-15.613701494048 4.4496312085595 
-23.868276122721 4.7225488856233 
-14.573140077864 4.6715354520364 
-19.162089116906 5.5062871267844 
-15.938706040967 4.8969907803151 
-15.117063521537 4.0885518104184 
-14.807806755198 5.0235141111175 
-18.172097915062 5.1500708401958 
-13.132083061424 4.2997617854464 
-15.857187269177 5.857362952175 
-14.938060709576 5.257065666979 
-16.468422424009 3.9822464916269 
-15.030257131653 5.5319035122527 
-16.61423405251 4.4478209399763 
-14.559385037521 4.3362649790608 
-19.601591925512 4.7379661737799 
-17.614668127532 3.9350496654001 
-14.781381685333 5.1311464924036 
-22.585652650505 4.0832600214022 
-18.397599723527 5.5850876103581 
-21.976329529634 5.8592669275088 
-19.571069232739 4.6651099110635 
-13.048901127747 5.4444698663672 
-18.340446241039 4.9804223523467 
-17.458580019317 5.5923492786048 
-19.213019272157 5.7785175451818 
-15.317291074767 4.8281443557761 
-14.101081486015 3.7992613402295 
-16.098091473168 4.2839175188771 
-18.957170996486 3.9090166981828 
-15.614687949111 3.9993854886386 
-15.910089609466 5.6919623358557 
-21.263046926706 5.2028336260939 
-15.422231045624 4.4351413409483 
-23.376749498311 5.0386134077211 
-14.25522525048 4.3275891317991 
-13.483242112681 4.5442388740635 
-20.165159122059 3.8878156812068 
-18.600126618942 5.0526223910194 
-20.829852962506 4.3213923595484 
-20.676218712849 4.6155042404197 
-19.461714608565 5.285904853197 
-15.701513443897 5.1813130243575 
-16.481757009318 4.6218422236356 
-22.272386099554 4.9286092116768 
-20.28807318544 5.2869885344654 
-25.50878194367 5.0223266872911 
-18.559014025543 4.9770752154622 
-18.535019374299 4.6050087893456 
-20.902106520665 3.940507150843 
-16.780475526644 4.9412601898351 
-13.50985659718 4.8506657703049 
-15.730425580999 4.4626736608609 
-17.937271724504 4.6826363244849 
-28.064391936503 3.9682277168064 
-14.040092366357 4.3827605015235 
-17.941115340083 5.6755163600962 
-21.030548669799 3.8626678828377 
-17.217749834439 5.759575155076 
-13.609156209672 5.0794190233493 
-15.955581068444 4.5974235778269 
-20.047793547069 5.5747932243651 
-26.209012233347 4.0472857446653 
-18.288604246859 4.9778716138326 
-14.083891558501 4.3472575927581 
-16.962719199241 4.2077815500649 
-16.349803820638 5.6743643379323 
-15.091226525962 4.449405094934 
-22.940367606648 5.3959517038908 
-17.8743797998 4.2277292027837 
-18.851360177192 4.0586451857979 
-18.866115334008 5.2270557500442 
-13.390791992873 4.1885981768725 
-26.712405274143 4.27715738919 
-15.345795661778 5.3860340444332 
-16.048863728667 5.6278404695264 
-17.757080071216 4.6495071815169 
-14.518835237005 3.8703353569511 
-15.691783905248 3.9976875398422 
-16.496494688485 5.5396777630912 
-19.667125391016 4.238279743716 
-24.892001025795 5.1081433126574 
-17.178571995746 4.8955832869287 
-13.555641860575 4.9145937411486 
-13.282615877475 5.7375556758979 
-14.562843752309 5.2692639333733 
-13.237487305039 4.8496396697818 
-15.642469527671 4.8131871696617 
-14.576743375639 4.7471351000442 
-14.586309415673 3.9299959066092 
-18.391764055841 4.8340451828139 
-15.699598428915 4.570807306592 
-17.94478525986 5.4785003849718 
-13.3130087681 4.7773961115469 
-14.357962850361 4.4692171121732 
-21.540373764126 5.169179528271 
-14.119003291488 4.491565662225 
-23.217706676834 4.2363866273385 
-17.849805514449 3.7898395167022 
-19.622758011008 5.6236542592798 
-22.418005484064 4.7513886052718 
-19.501105559554 3.9162327731101 
-16.183179014959 3.816652391717 
-23.400797678709 5.0742822978201 
-14.225080116813 5.3162468205113 
-23.213056830214 4.4039619367914 
-19.27227460687 5.138047626362 
-18.235888923476 4.3623186039278 
-19.180165232601 5.5855674810708 
-13.312977134568 5.3473557225941 
-21.486677457931 4.3617935251388 
-13.905213815183 4.889634261658 
-17.100323037846 3.9329197668803 
-17.568517850885 5.6019867644464 
-20.4994418528 3.7863628071074 
-20.327496098813 4.2646343499095 
-16.364703364738 3.8245710404199 
-15.425378533836 4.7778829585324 
-15.090018492371 5.158525784869 
-17.961816396553 4.5607789063863 
-18.583459315783 3.9668495169249 
-14.304043873229 5.0230844594928 
-17.469051412745 4.2181918743444 
-14.657551826899 4.1918399833095 
-15.975211705815 4.9938167974673 
-26.240774587787 4.360121679942 
-16.214686494657 5.5434084964859 
-17.38778928577 5.0956749678882 
-16.720090609116 4.1240134155722 
-23.867169434202 3.8104297322865 
-13.094076620761 4.7850448386638 
-13.433414605061 5.1223778003044 
-14.026548709104 5.4502418419878 
-13.825357653703 4.2157693394449 
-13.057549048964 5.874822025785 
-17.171736419108 4.6900542728148 
-17.774710423517 4.7926975298441 
-23.328453700324 3.8344554026153 
-15.49942921017 5.8408541199985 
-14.344819099702 4.3154851149567 
-13.096604476853 5.5703494000034 
-19.7530130831 5.0334067597626 
-19.092627686536 4.3895828884742 
-14.110794181369 5.4006419868362 
-13.404437814004 5.0992410294771 
-14.00753399585 4.7508563290847 
-16.285079982482 4.1433109228921 
-16.37430091881 5.5991848755967 
-19.421283649318 4.3916342568305 
-14.070387321086 4.2512711679222 
-13.681117738922 5.193374209888 
-18.992244212305 3.9875042772985 
-26.586176759092 4.239619735468 
-13.078816283488 4.6936403357423 
-14.623190744076 5.1019479052719 
-22.059676174452 5.4977005666788 
-14.215013754274 4.4859131421552 
-14.318741363775 4.373175635511 
-18.995095314705 5.0389592066733 
-15.08086952904 4.6042782113397 
-15.399293081138 4.4893493394227 
-26.99258903426 3.8532674387934 
-13.153827136586 4.2180827863767 
-23.847497867594 4.2871418340271 
-19.985103480153 4.5988438326381 
-19.736089174947 5.4689581070928 
-20.725222244724 5.1458138515029 
-19.894982574887 5.1489537888539 
-13.052068650875 5.3074729468815 
-13.310120081672 5.5925140448117 
-15.986227370891 4.5031633120714 
-19.307981242289 4.0407157357873 
-16.436300003229 4.2183513648057 
-14.496869193877 4.426106889222 
-19.27835298648 5.6788599629618 
-15.729928208115 5.4561023799911 
-19.204963295413 4.1692746503996 
-13.710628579909 5.0028836371767 
-25.586968659336 5.1442171281558 
-18.357405205052 5.3154722729282 
-16.5349978339 4.8474892228756 
-15.679715871768 5.0700540211727 
-16.106796944307 4.4326663542512 
-16.915017277265 4.8263220816119 
-19.071684945495 4.1562122415563 
-16.999813469186 3.8455098627739 
-13.224569012548 5.3352883297286 
-16.74697497812 3.7779449594919 
-15.221121014789 4.0888874041703 
-14.262766707746 4.0704454655417 
-14.407641234478 4.8324399461883 
-19.124196905734 5.3837598917295 
-17.16893590932 5.1832573681073 
-18.139999301158 4.0331354523851 
-15.443476393167 3.8901927803471 
-20.688227006064 4.5204759990373 
-14.603541340355 4.0096681213737 
-17.202080738545 4.554249396541 
-20.056293541321 5.8693336965566 
-14.282056118958 4.7436354048655 
-14.421486346963 4.3985890787709 
-14.608546525212 5.6012229941844 
-22.282858288726 5.4610067490142 
-13.382894778931 5.4013075160397 
-14.217156260988 3.9258809991022 
-16.330431031666 4.505163612052 
-14.327474335514 4.6901650619592 
-14.292033249544 3.8062224660567 
-17.904403363099 4.3674216242545 
-15.510455259827 5.2566105026807 
-26.084285277899 3.8880059852973 
-16.373125217718 5.5820203872645 
-16.987587154272 5.6701910223848 
-15.511279137886 5.0381442650629 
-18.470701094597 4.2381407291872 
-15.662837902885 4.9938280307451 
-13.423256280891 4.1378066993281 
-16.654134053806 4.5661946545472 
-21.631362720402 4.9225942531056 
-16.918780207936 4.5550825647411 
-14.784047518028 3.8873225062974 
-17.349124292159 4.5701910574311 
-24.376233608039 5.0595387260568 
-17.194639129575 4.9447673513787 
-14.853534848272 5.0590676678282 
-21.758969179231 4.9065142568563 
-15.302080890926 4.4727761699515 
-15.161983259933 5.0353292009748 
-21.158964731821 5.3052767239975 
-13.717468507053 4.9038273920973 
-22.468035866873 5.122378292708 
-22.9117957021 5.4324962834622 
-26.0212520238 3.9046066749962 
-14.052485963584 5.4248548198361 
-18.771207695928 4.9873575883468 
-15.406621034572 4.7350208187479 
-16.482170631572 4.8253048916266 
-21.616964542024 5.3766915286633 
-13.641422002302 5.2423220629213 
-16.060315055921 4.9745694970861 
-15.351411209216 4.7825362729135 
-15.526512653753 4.2010237939256 
-16.659048368836 3.8930585001092 
-14.321135420823 4.2116901439787 
-16.194608605474 3.9074590379794 
-13.594721469798 4.114132924423 
-13.570134460697 5.4085665800783 
-22.580346687351 4.2259493212899 
-15.117734202711 5.7628116605446 
-14.489950178214 5.7050306598916 
-14.23034972555 4.014936793044 
-17.917851040283 5.3089770513618 
-18.004253986234 4.5061926789501 
-26.512912326639 3.8008416063747 
-17.168667273079 5.5823961940565 
-19.315808698672 5.6844170956083 
-14.844342530841 5.525874665251 
-15.51635741589 3.9095345041437 
-14.311257951475 4.1934671124324 
-20.055309214968 3.9178134967917 
-18.14894813879 5.7941203356534 
-21.964293368083 4.4197390498859 
-18.764644157579 5.3873091368479 
-16.695427453136 5.0709376296785 
-14.001683354132 5.4797588544077 
-16.203511210823 5.1626437420263 
-13.109714296066 4.3972918528981 
-15.83104759321 4.9028723427883 
-19.399405065022 5.5507818210139 
-17.110648630836 4.4280527954083 
-14.503153997124 5.3935199932805 
-20.509350785884 4.5929865385237 
-14.792309489465 4.0098593346411 
-16.936581138207 4.2033220505498 
-14.582244682946 5.6822001838516 
-23.906709845867 4.3728727734274 
-14.7216654866 5.5084937801904 
-13.113182984798 5.483741887234 
-16.683800730608 4.0802328585002 
-15.066209953835 5.5872236960805 
-21.265911935756 4.3908492421374 
-19.963801809302 4.8239933647988 
-13.662137602931 4.6304881402734 
-20.012126872686 3.9574097223819 
-17.455559615804 5.5796062158271 
-16.168000744469 5.8152830325128 
-14.714213528766 4.5868521385196 
-16.17755522095 3.7870092919726 
-19.190878251688 4.3839105308499 
-13.802870089251 4.4428627186043 
-16.184762383333 4.7370558085161 
-14.018373904939 3.9122309820002 
-19.313879951809 4.1887231242653 
-18.168044867195 4.38939504512 
-16.328793222098 5.5049461311001 
-14.520699177077 5.2864724880196 
-15.843890925711 4.5151029197347 
-15.293371874512 4.0271810409965 
-13.324295969762 5.4393483143517 
-22.814720230313 5.151459295736 
-14.877371926806 5.4869974429479 
-15.176416456717 4.0781385418319 
-13.922425581064 5.0024061267109 
-19.455580175918 4.6332411949413 
-15.279563094674 4.8896792903708 
-13.791248116453 4.7291787009536 
-14.856036256991 5.1293194045556 
-25.58783771134 4.241230737851 
-14.58607649181 4.4894125090072 
-15.145910544121 5.6344888908858 
-23.03384145465 5.8268900483865 
-13.64506209877 5.8385820853989 
-21.960213925857 4.1474479563588 
-20.199365994961 4.9393269895131 
-18.049503169083 5.8777050966367 
-15.360497319401 5.4345444080015 
-18.427467800758 4.1669872319892 
-13.569576918179 4.9164991496409 
-16.959540387636 3.9969169777017 
-25.388443567358 4.142480521748 
-22.89502247695 3.8604273863228 
-15.327992821159 5.2572589735131 
-15.478112088118 5.5306618135569 
-15.145020865992 5.8094839672444 
-15.504743300526 4.5839066104436 
-14.772597771849 5.5233112497905 
-13.422954649433 4.6251765357046 
-13.47464400021 5.3422257950705 
-13.700117607796 3.8566745662122 
-20.059656565994 4.9925313694946 
-17.556931192107 3.9715334501497 
-13.862376521756 5.524463306904 
-14.690259660785 4.0886910857231 
-17.756759085269 5.1596121780911 
-17.046972478204 5.3769060249552 
-26.790995020611 4.3289757304149 
-20.730494900873 4.5409297569707 
-14.10741753439 5.2043347922869 
-14.308474561636 5.0368168800991 
-23.865026429457 5.2905871046037 
-17.722404309858 4.6172250921741 
-13.144741696101 4.0191038450864 
-18.137824947585 5.3359395163965 
-14.432496466339 4.2333060664894 
-18.439748346453 4.2800253068543 
-20.060815649748 4.7008450103271 
-20.137341497634 4.099582671758 
-16.370353450916 4.5985418274464 
-22.305442532236 4.0638791494329 
-14.199218910923 5.4901070701361 
-25.095112011707 5.0346575222026 
-15.393588879386 5.6623585977113 
-16.507150448394 5.4680314499791 
-13.169594317032 5.8375546497014 
-14.667713469339 4.334425486669 
-15.189925319346 4.8722729876271 
-14.377788222134 5.0224526911035 
-18.032867909837 4.6335532310024 
-15.112467280183 4.98487314142 
-13.854716323252 4.7634627450635 
-14.189538223689 4.356117951702 
-14.130586180569 4.8494485757654 
-16.139370645582 5.423131625036 
-13.462050885552 4.9842964230971 
-13.623512453646 4.6628520514069 
-16.051918014328 4.9295511133528 
-14.273206597069 5.4370880708636 
-17.544366148992 4.2976693793323 
-16.766872785317 4.107979418543 
-20.355520228757 4.2169354653799 
-18.880346345824 5.1507575197613 
-15.434199302398 4.0772099658287 
-17.952056936505 4.0111032235195 
-20.14666442373 5.3718816091542 
-18.380585396673 5.6143910893997 
-21.564253354703 5.6534991907465 
-22.021749339358 5.3403381314113 
-18.411258196174 5.3733261245218 
-20.318723083606 4.3146871762319 
-16.498570219924 4.7585605541005 
-13.9317241923 5.7300608056636 
-15.230084007031 3.8329160826991 
-15.813038017618 4.1642949758485 
-13.218287864716 5.2780230437578 
-15.466846334737 5.4918222108168 
-13.674501452339 5.5370497199807 
-19.737419538621 5.6487000115446 
-19.417013823648 4.9813627210231 
-22.700430331584 5.3303207956033 
-25.047589472746 5.2742661530492 
-13.86841048765 5.3354326164272 
-16.897791989834 5.4293328546869 
-14.259818412284 5.5219109587665 
-21.928733273765 4.3486982910342 
-15.36809220518 3.9474285166321 
-18.187874207569 5.3858280805204 
-17.047761751105 4.0605307926009 
-16.981634922655 4.66261673009 
-14.114382767328 4.0546466372853 
-14.231484753915 4.2976097143758 
-19.167489521474 4.6038013321927 
-21.995388048604 5.0866333624337 
-20.477199926803 4.5509251540166 
-13.411108198566 5.7772926175375 
-18.715918105085 4.263212578755 
-13.752363607314 4.705520718094 
-18.994737816145 5.6184221972067 
-19.194954082244 3.7937611074749 
-17.377882179459 5.0736819294649 
-19.469306025964 4.969453605789 
-15.731200453842 3.8509559274904 
-14.212831455491 5.4990778896173 
-22.179004838188 3.8493200167218 
-15.102868804583 3.8037897944883 
-16.080119016877 5.3972512207378 
-14.257898233216 5.7166732636574 
-17.76329050102 4.8484522891583 
-13.178259623675 5.3415517028295 
-22.452996038467 4.3128832518481 
-15.760373150753 5.1070450135086 
-17.178005735607 5.0518395935002 
-17.797574747697 3.934621252761 
-15.282836101991 5.4728347263094 
-17.246535158664 5.2590523914855 
-13.321942158677 5.0838033428266 
-19.505002448364 4.8106266593216 
-17.496248034941 4.5044724406723 
-17.746860271805 5.5117787564192 
-20.61917679011 5.0198082090375 
-16.03253092956 4.0570894037541 
-18.54595950137 4.1690503267461 
-15.908680830911 4.1548910022852 
-22.055638257257 4.9235444302024 
-14.559216804268 5.1080056728942 
-17.132518272111 3.9938493607109 
-25.821141937401 4.2032215648492 
-22.234328184375 4.5373708744844 
-23.407661842983 5.6955988723635 
-19.551220268563 4.1182903693139 
-15.458809547665 3.8380830666773 
-20.238404830167 4.7238712849848 
-14.681528746954 5.7130395038364 
-17.377694609719 4.9592423104027 
-19.016360470836 5.8259984258226 
-20.256507183144 3.9482098757414 
-17.777123435076 4.8358779692983 
-17.993087602098 4.0286438945738 
-16.473379099189 4.6156151308709 
-13.517362793798 5.1758563226567 
-20.892587331148 5.8719044745127 
-16.237632138283 5.863151677631 
-18.252347377366 4.385617691893 
-22.329332328351 5.464935478072 
-15.229607353195 4.674345083001 
-20.20885643185 5.5824981251891 
-13.780620068622 4.6114876047322 
-15.094233335773 4.8138191011766 
-13.239417756188 5.4349200520455 
-23.33101583155 4.0680216552371 
-14.233013318766 3.8918852847736 
-15.301349422348 4.5932916203989 
-16.362280082904 5.389092633746 
-15.946660051409 4.7316664546517 
-13.867519508973 4.0106201134685 
-22.499860162663 4.996620382562 
-22.357179629613 4.981848366341 
-23.969333230106 4.5132632900084 
-14.082145551251 4.0493905094802 
-14.562476248052 4.8155644765197 
-15.28975892365 4.8016092877127 
-22.758379136626 5.140271162151 
-13.571320803285 5.7934985671389 
-13.130690928269 4.8601955378072 
-14.777160327431 5.0543481255175 
-13.66408607443 4.3985003148088 
-13.139844559486 4.6179680046196 
-19.871449517167 5.5144582065844 
-16.490953506828 4.218138732552 
-26.837822125521 3.9888327938541 
-13.912896324136 5.656568766382 
-21.125286897352 4.7076621783993 
-17.866874850752 5.6563560967065 
-22.657729035288 4.866066298085 
-16.526289207511 4.7444206121272 
-16.795969725604 5.1711414445096 
-26.567358642357 4.1325149423494 
-14.854112762922 5.0959898919933 
-21.860285416224 4.2336626626267 
-19.921051618374 4.9185817194558 
-18.695470613302 3.8312258889399 
-14.586944349815 5.4857147743866 
-16.068586342438 3.8797328711999 
-19.446926272712 5.6423261386472 
-22.68011797306 4.7482996503436 
-17.976614415004 4.9499340178332 
-19.520798950178 5.6867495521595 
-13.94588036008 4.1081126614061 
-22.388727707226 5.4670595492583 
-14.021109881233 4.7031859393351 
-14.872229601276 5.0266329547391 
-13.465424221959 5.5615795626317 
-14.029041434253 5.8145348552379 
-18.857884765847 4.9006765271885 
-15.362681734751 5.3286934486707 
-15.709750595167 4.7699655808995 
-19.012506595626 5.6584419872502 
-18.449800118272 4.4559568838986 
-15.301388771981 4.5171922683461 
-19.43617752933 5.5815199794763 
-15.377196940039 4.8904078107793 
-15.454841094565 4.6067170151564 
-18.671613198109 3.8503670810302 
-24.900649385588 5.1447791720843 
-15.575663553252 4.0608848571381 
-16.456592578383 4.8270775070156 
-17.409097881962 4.3551766538164 
-14.023902886098 3.8695448522415 
-20.089012855732 4.2233060499229 
-13.824326200685 4.3206404498159 
-13.496714373049 4.0856086841648 
-14.359369612554 4.5621322646517 
-15.180342379485 4.9234573361882 
-15.384202020611 4.0755878097502 
-19.855049786295 4.5567958383122 
-23.367782707513 4.6324914568512 
-13.051828331372 5.2005504897073 
-14.614222272489 5.0913739839656 
-13.349613406331 4.2239079590661 
-13.144600727747 4.7288247167844 
-13.177312785172 5.389364709006 
-17.914387287291 5.1151544637791 
-14.44301731744 4.4344461118271 
-21.402433183407 3.8380943968459 
-15.353253779552 4.3688884818825 
-13.446736462422 4.4557969897735 
-15.668639637591 4.4864117706291 
-13.670015463852 4.1213359121196 
-16.976404780045 5.7201507933702 
-15.308270006205 4.5452204171433 
-14.034628585298 4.8491760269781 
-16.394900567878 4.1189186997956 
-19.46666297626 4.229222902761 
-14.383430576921 4.7457077263705 
-15.134885626557 4.4902875775431 
-14.715222760035 4.7541203153508 
-25.215347487619 4.3322202957888 
-14.685281503507 4.5726804563385 
-14.247897972315 5.0598709749253 
-16.74725637074 4.8336299322029 
-13.679472880398 5.8743895361699 
-20.60118067103 3.8348607817652 
-24.704192141471 5.4278636687746 
-14.126836830219 5.3171303405068 
-15.780071374809 4.9631959644471 
-13.503260172702 4.4360137653364 
-15.432659968448 4.1789856726105 
-14.748371043131 5.2949157487882 
-15.964590659684 3.826115075451 
-16.764951589083 5.5519544315382 
-25.660355791873 5.3901971902682 
-16.508172650114 5.1153442200709 
-22.354567398845 3.8606865408833 
-17.395071203215 4.7227297609802 
-15.136066794889 3.8184111268957 
-17.093150032796 3.886460786292 
-13.654279310662 5.8588077647854 
-23.448611823162 5.2661296252256 
-19.264672757775 4.3452515260118 
-13.239543531086 4.224814085628 
-16.277386262679 5.3691623275838 
-23.135101201935 4.2411452245115 
-13.168822118809 4.275006240519 
-15.853923111659 4.7154569199635 
-14.595880778467 4.5275174494554 
-13.871127275765 4.0732249592639 
-18.144100596469 5.8504408373707 
-15.427634816713 3.9707276975376 
-13.207122283244 5.5827180711591 
-15.504998651288 3.7961549391837 
-16.798638657251 4.1432433247169 
-18.783146321317 3.933627640328 
-18.843550948427 3.9584990619486 
-20.582153611386 5.0799209108922 
-13.08691610907 5.2495417042868 
-15.473545825111 4.9294147154 
-13.112557633075 4.7687263126584 
-18.131236401645 5.359788265757 
-14.653024022967 5.870974153648 
-24.101579116313 5.161714533538 
-17.354141296264 5.051134931865 
-14.004711746747 5.117410231671 
-19.270522796346 3.8248589242752 
-19.044327846884 5.6125520367298 
-16.477174705925 5.2464469952862 
-17.560413543968 5.2032747898956 
-14.117436865432 3.8161520482442 
-13.169363720071 5.8347720798656 
-14.34462543881 4.7760849661076 
-13.380578912783 4.4432089628749 
-14.464590081829 5.2680863245358 
-15.054691223644 5.356055762528 
-20.018813779934 5.6758116686266 
-15.763626726535 4.9077987292778 
-14.146069598978 5.6436979020812 
-13.252365400104 5.3157377170731 
-18.456492480286 5.4954873675769 
-19.537742082258 4.6728313887801 
-13.44317755175 3.9363052576173 
-19.221545672597 4.6502824691558 
-14.658333979211 3.7813522449645 
-14.086298198111 4.7959076198664 
-14.361069808548 4.1978510608347 
-13.984313968329 5.0585314994309 
-20.806516054876 5.8646635934187 
-21.951969596294 4.9511042565655 
-14.896777582963 3.8766930077746 
-20.115983793794 4.8656371813045 
-14.602405215342 4.055008606494 
-15.325003486621 4.1420729718788 
-21.58264902766 5.0334856824019 
-17.951022902949 4.4367735210053 
-14.888191002927 5.4132216258609 
-23.146244347651 4.4649745570412 
-18.609524337512 4.7437992358706 
-16.275384810815 5.0610411481513 
-20.902574976248 4.4412731736053 
-16.500005992956 5.2743849087944 
-18.370772285929 4.129433409947 
-20.626739889857 3.8976702049875 
-13.874959032621 5.7179722659802 
-15.754546824443 4.7734100904843 
-16.17566716802 4.6634312034215 
-16.317277708125 4.0999676947416 
-19.11311575312 5.0118473047829 
-17.2122335543 5.2262677744658 
-19.063214521007 4.9476317927946 
-15.070584065571 5.1065060987266 
-24.141325728243 5.251260867503 
-19.356848847079 3.957716265219 
-24.013313245986 4.1180697758301 
-23.698747089274 4.018884894896 
-28.203992018566 4.1499819661692 
-20.138687199813 5.3867927657987 
-19.944484236126 5.1920122270967 
-13.549767885432 3.8105764836211 
-15.001698416143 4.7494984393011 
-20.646094372322 3.7777250150464 
-13.065024833595 4.832573891341 
-15.330089284407 3.9669528807028 
-15.762232794693 4.0466615521259 
-24.615776557924 4.5072986746804 
-14.478859400347 4.0793327961769 
-15.115961223185 5.5795668012255 
-22.780350512211 4.0537955031156 
-14.664213952353 4.7187827201487 
-14.592218052091 5.3886456687425 
-13.301839099047 4.5167550767484 
-21.338833161956 4.0228462657526 
-19.897790000939 5.1029828075181 
-14.256212586912 3.9039102819305 
-13.59985446826 4.9606731474419 
-16.059189615876 4.1525242429446 
-13.249800304149 3.9481146124536 
-18.519389429431 4.7171274628465 
-19.362703476252 5.0268975210084 
-20.395669096094 5.2530349915804 
-21.538624412662 5.2352294748189 
-18.668409135956 4.8407732776245 
-18.180698054712 5.4568843143201 
-21.004796428574 4.6315833223516 
-13.562568641808 3.9011740429824 
-15.246424753381 5.2476905535843 
-17.727517758303 5.2725808899227 
-16.737085113855 5.3383310750785 
-14.013851450031 4.9555807475923 
-18.229248519314 4.0769748785279 
-23.867113491038 4.6200433508444 
-26.05725007528 4.844220521516 
-17.787584876855 5.7325470654178 
-15.000637698787 5.3925332969747 
-13.51290870586 4.1510385275414 
-15.157265743319 5.0775580012959 
-15.621625450001 3.8704462972517 
-14.076261799914 4.9512333325643 
-17.299775364296 5.8397923002169 
-16.891533323111 4.8610563207242 
-14.795234365052 4.2397038275636 
-18.816186031315 5.428165782478 
-22.940398629168 5.7630314620373 
-23.603377590174 5.6275886815361 
-20.775689925312 5.7942532911737 
-25.073261872388 4.4197421728403 
-15.945996460211 5.7512684887866 
-13.526209301705 5.2697968174792 
-18.271340293658 5.6351665905656 
-19.483057296086 4.0252454467935 
-17.616552193805 4.8366196021951 
-16.113318899957 5.6010704744976 
-13.06796821015 4.488047408469 
-15.624004411016 4.9116632949736 
-19.602126608992 4.3160138075554 
-21.666150116459 5.699649786893 
-17.510700298999 5.1667113693428 
-19.084619430854 5.6134807117829 
-19.52052923491 4.9845687676749 
-13.081046068629 4.2584917580351 
-19.38145705003 5.6911840954883 
-15.475703175817 4.0609619843895 
-18.645200497616 5.1858284701593 
-16.241027150718 5.7303483426643 
-15.353259142662 5.0224696001645 
-16.113934583758 4.1537335532202 
-19.231786132273 5.5985033667684 
-18.671764638521 4.3693470847697 
-18.325865109404 5.5767978866005 
-23.227475466919 3.7990154027224 
-15.241308920626 4.5623857519568 
-19.009643821137 4.922068383476 
-17.804723128259 4.344930948297 
-23.520910038056 5.3754494948444 
-13.287326213736 4.7046709730184 
-16.448928785264 4.3772713527845 
-26.738752414061 3.8518826350748 
-18.605478608345 4.7683887152476 
-18.213713805779 4.5457537236 
-16.326104365564 4.6559744793359 
-16.121411921836 4.7612320414734 
-14.694702639848 5.5576291945932 
-18.040035994494 4.5210787114284 
-13.455641847913 3.8954754188575 
-14.506898112607 4.3993188358276 
-20.053286585621 4.6192687405291 
-13.39436334781 3.9829022941477 
-23.600399186264 4.4771401319171 
-14.984526339626 4.1134445772689 
-18.613993158891 5.4125161753868 
-19.765371791869 5.6721502709743 
-16.444275579499 3.8562966440867 
-15.7922227092 5.3440284897789 
-23.291632219684 4.7782645553937 
-15.165063361206 4.1465578156395 
-13.109285818415 4.979181556586 
-18.341496171952 5.7803443675518 
-17.037770876232 4.6123651544744 
-15.873368628174 4.2400208677467 
-14.54781237925 4.4397525058023 
-14.469569081072 5.8498891785237 
-26.451171227185 4.8019372648042 
-17.529537324061 5.5511682392791 
-13.949773606013 3.9327434485636 
-13.886156041053 3.9754914897604 
-16.743908223994 4.3204856320863 
-14.533570818974 4.240202352521 
-13.177290215272 4.1032654061359 
-18.015924728127 5.2598164105537 
-13.316066823659 5.4619311304547 
-21.497936620626 3.8857174216438 
-20.942803571029 4.4422679173796 
-16.691697992598 5.0465137414832 
-21.152816643573 4.0008035443141 
-14.345260522401 4.9199476042002 
-18.006535564996 4.103076428341 
-15.068353996996 4.8336744090047 
-16.597083094027 5.5014018829805 
-18.936038553079 3.875130073709 
-19.034590503211 5.3670983586185 
-18.23783047741 5.6668127917471 
-13.11424665097 5.0786898320865 
-16.447238671421 4.9845168671123 
-17.183154312822 5.6786809421908 
-16.811870814892 5.7434045767479 
-13.913079970189 3.9089008635786 
-14.007702677176 5.2659402812379 
-15.904328298713 4.0420055201083 
-21.106102353765 4.9613356410408 
-19.494915881127 4.0469201807286 
-16.669377859808 4.1904394814963 
-19.606056159571 3.8243642328621 
-13.913797013755 4.8114085841471 
-15.479575808651 4.3126668993212 
-13.745316890552 4.534903681184 
-17.194114339741 4.4946781210633 
-16.354419341286 4.0247825364202 
-16.087069041979 4.2982999749746 
-24.126414202748 4.1564208684714 
-17.439549548127 4.4767206101783 
-13.278490909627 4.061671271608 
-25.779044042458 4.6402476732362 
-18.805971200678 5.2283706034449 
-27.284710050702 4.873338058784 
-14.124691461069 5.588211196876 
-13.580573198231 5.2058617074873 
-17.338607205746 4.9758185762202 
-19.735412240207 5.740998363676 
-24.711366325691 4.7360583361416 
-15.191685100783 5.2971936309302 
-19.64714193479 4.9865851395543 
-17.2820071029 5.272916261525 
-17.279636792595 5.4509581533159 
-15.104098974864 4.0014855817036 
-16.080961593894 5.2376308325652 
-18.851499686785 5.0976126295926 
-14.777985760025 4.9465288395707 
-17.666692004561 5.6746874137154 
-13.939713606611 5.1322298919871 
-20.699978459431 5.6180407454949 
-20.402689560024 4.789423923027 
-14.798537311693 4.0197518771283 
-21.63306426809 4.5438280560153 
-22.60578184628 5.5402388724466 
-14.285573621645 5.1897020584811 
-13.325258977431 4.5367084936737 
-22.160442676002 4.1646423506235 
-22.910285093515 5.2517397547261 
-15.310859546904 4.8755568857361 
-13.35680247684 5.6459704146285 
-22.361256874278 4.0335394759307 
-18.960693689244 3.8554126377265 
-15.75431324676 5.2054987946941 
-13.372026672989 5.1352209351245 
-17.928683567795 4.9600875759911 
-13.276920206182 3.9237400683897 
-16.658495331599 4.403907331961 
-14.300384001523 4.3444997396089 
-15.123435902883 5.3437171461985 
-27.400914800895 4.3091527715089 
-19.792429025048 5.6873699532365 
-15.619414244158 5.6848709646929 
-14.927722835399 4.1475500315788 
-17.056057424129 3.8883182167907 
-20.244274261932 5.7003000580591 
-15.970428836744 5.8042524097465 
-14.66319341044 4.3244825186714 
-13.977909779678 5.8532450902981 
-24.118017823058 4.4438064197018 
-19.955173791212 3.8058295385853 
-17.296606196274 5.2205112808531 
-17.21568742873 5.4326667048317 
-20.194353886586 4.2971338577701 
-13.529486641257 4.4620435534476 
-14.01737474866 5.0621095274241 
-17.529306416435 5.3603651939499 
-19.336244858311 4.8926911693704 
-19.992082762308 4.5865751947663 
-17.584417616031 3.8376013296957 
-21.620358049561 5.8222993167634 
-18.33766920826 4.2936808129131 
-15.752105578578 5.1041972348942 
-20.16804152682 4.6911738296699 
-20.700220055134 3.8476116232353 
-16.329880205028 3.9478519701447 
-16.566001184419 5.3867036767709 
-15.904477269736 4.8768031251153 
-22.048707026748 4.7878760603327 
-16.096184584326 3.8041421647146 
-13.477027143696 4.7543855359454 
-15.451460158928 5.0119864355826 
-14.009252344987 4.9340203918384 
-21.65890735778 5.7525700245387 
-19.505017754682 4.3753991834567 
-17.950446970189 4.6853816410754 
-21.414720511287 4.199098519342 
-13.764613021218 4.2481955637024 
-15.217817826124 4.8388763185433 
-19.033854195104 3.968127212087 
-23.126410603864 4.2816244156769 
-19.734104342776 4.9138478997589 
-13.982334051392 4.0943307166744 
-19.644500492436 4.3121648408263 
-14.558510941834 4.8798991153403 
-17.986029973306 5.741412086727 
-15.915546044208 4.4082427671537 
-23.732281924721 4.1947871328741 
-20.598639411972 4.8264750061541 
-19.952852897265 4.5183164776439 
-16.37162005241 5.5630140011613 
-18.533634311554 4.04842829493 
-14.572197544916 4.9597621908862 
-14.33393647859 4.1467304110865 
-22.440099604818 4.885193210825 
-18.459579912548 5.1036509860336 
-22.38916335596 3.839004083996 
-16.726602127456 5.712313578771 
-16.899277160837 5.2079155713985 
-18.047023871766 5.4902035878884 
-14.82844554357 5.5725462198214 
-16.468241132846 5.6809258442839 
-18.876053001517 5.1105244595828 
-17.75405626276 5.6036078917017 
-19.021663905163 4.5679396559689 
-14.831682115046 4.2750779437389 
-20.305255251279 3.8016802580161 
-15.324905332624 5.15732880849 
-19.449101742795 4.2965880951028 
-26.443156843357 5.2788703479836 
-15.034854768293 5.413592661456 
-17.492018778789 4.367306869838 
-13.715717236282 4.7668954027965 
-25.900141657745 4.164018109318 
-18.652326173607 3.8038505353646 
-17.383477987579 4.9126120773533 
-13.673400799795 4.539092725525 
-14.506798321606 5.0601054726321 
-15.136985959206 4.7003078462014 
-15.615189778397 4.8083657625277 
-19.823388561668 4.5158282474337 
-13.271854821092 5.3280772931114 
-27.872982114183 4.8189195066258 
-22.857838778591 4.7073297254275 
-17.382648004068 5.6399086976071 
-14.338241426694 5.0101992265492 
-21.894486418631 3.8893597832974 
-15.917379035496 4.985517989816 
-13.500670735539 4.8002492720097 
-14.384638796553 5.2461518191844 
-24.414545158304 3.9869378229656 
-19.34776297133 4.8962993999242 
-20.440816535783 3.8937088523382 
-19.162063385708 3.9399796596367 
-14.125865706368 4.4700507213171 
-21.853620427587 4.3245674887631 
-15.440732896651 5.5433079180929 
-17.058325731927 4.5025403318319 
-13.621275468411 4.6129822428991 
-16.669123197192 5.3695698921716 
-15.857359243019 3.9020644311276 
-18.734068235406 5.217025962167 
-22.435365302304 4.0152130309 
-19.708218715658 5.4343633820506 
-17.69535032202 4.110288981524 
-17.854863278062 4.7558795879948 
-15.120930940354 5.5362236842233 
-23.434814657295 5.6334210374039 
-16.421713001727 5.7727083224793 
-18.768630305977 4.1150159687754 
-15.978436115966 5.8201028372834 
-17.397480351244 4.1797275903082 
-18.950130782976 4.0194554437333 
-14.827925104206 5.0692705486399 
-23.702170461559 3.8934764572893 
-14.25629315393 4.1811120660929 
-14.086831511602 4.1457841915399 
-20.656147944591 5.5696864505631 
-21.734940161285 5.3320856017202 
-16.363631575814 4.2076248510888 
-17.518120679558 3.8127697406769 
-15.754404319876 4.6009578842268 
-16.387641058285 5.5390608059799 
-18.95376004226 3.874606071293 
-14.774959024967 4.3838471609459 
-18.608513271381 4.6903228588499 
-15.242557996154 4.3374796195058 
-17.311510763092 5.5228123662232 
-15.320466444274 4.6529351953429 
-13.793591324813 4.005344322329 
-14.684736998619 3.9219498782486 
-18.229734080406 4.4160716635397 
-16.328431520865 4.5595586956207 
-25.495731582784 5.5761618593795 
-14.475991777376 4.2304337499661 
-13.06966846953 4.2032357951104 
-22.802037891638 4.8593964992351 
-17.390914174678 5.77944835809 
-18.734205857677 5.7765181904242 
-19.96672559514 5.5430426477521 
-15.258132200293 5.4370267531185 
-13.131146067566 5.4401369366878 
-17.890375390889 5.8616630193501 
-15.594377733861 4.1793047910293 
-16.009724866146 4.7738504989179 
-14.839983478889 5.2049815661306 
-21.122619060912 4.2611438404016 
-24.877040791649 4.206549091026 
-13.976734103032 4.9690965004922 
-18.062300846364 5.1596885086316 
-25.428185198184 4.4698269355756 
-17.922578395568 4.1295724496186 
-14.966655485028 4.9452773495994 
-13.679337506651 5.7210046035533 
-16.94578644454 4.9333057764364 
-17.882372538953 5.2952912593456 
-15.661435290585 5.5098949614722 
-15.261015848761 4.5518682198124 
-17.48010701046 5.4410891596318 
-19.065351068105 4.6433841357363 
-20.765370048655 5.5729611498041 
-17.451983016999 3.9490674355836 
-14.780256691116 4.3627840651307 
-17.0754465849 3.9245338784637 
-16.156460063881 4.6178653993001 
-18.306197294795 5.5273290016477 
-13.455709259337 4.4412755351673 
-16.112078332604 5.0588779266065 
-16.492269996821 4.4918695846491 
-16.52802704924 5.1942947006541 
-18.021923277093 4.7395808798025 
-13.436263111407 4.6848512297886 
-17.984594378042 4.4426928234007 
-13.222571261825 4.6471394180622 
-21.537332390525 5.4028019109163 
-16.309607179536 5.0831637209264 
-15.325594375479 5.5401258250661 
-19.270568752671 4.1085575256465 
-15.835363320362 3.9596727618232 
-21.467112322842 3.8423564617001 
-19.571278958813 4.3378445519196 
-16.26791253969 4.1419655079409 
-13.284123868217 3.9450015294324 
-15.126642247463 5.4580478226296 
-15.426153834373 4.2002761984061 
-15.10216213068 5.0067954062653 
-14.369122686476 4.5252370819079 
