14.071648973327 5.1525275643637 
12.228860697287 6.6210713311394 
7.9321986397809 5.4947647630028 
15.892481565358 5.925480889531 
9.7492497191437 6.0332167758689 
10.065244093955 6.3053189447955 
14.321634486604 6.7432641130337 
10.039647538907 5.7197008648557 
12.854351172785 6.5189322226252 
11.174077918065 6.5206902950376 
9.1860342015248 4.9848151271454 
14.780611671163 4.7589315643884 
6.7362057769668 5.3183868236757 
11.343835711368 7.1689707928921 
8.0375345078629 6.7236267005764 
7.0790911897571 4.9830928086107 
9.0478277504522 5.2637809542093 
9.2946978265867 7.0292626879147 
8.2236155698858 5.1804860362225 
9.3493536082879 5.1731105699611 
20.809491987643 5.6512440124366 
12.435611799933 6.9513407609991 
8.6180126976828 4.8563561717276 
8.9098176970323 5.1480753860721 
11.0912695138 5.1749867627937 
7.7341350411212 6.1248021629247 
9.588086802714 5.2174729738079 
9.2382270695504 6.5968057445404 
16.625623202554 5.8514621831181 
22.731017552481 5.0759339858031 
9.8424034624084 4.6597634985882 
8.2072165116942 5.1463654406019 
13.350676354559 5.7466501753127 
8.1627600926685 5.1110378146473 
8.8596050033143 4.9196507248364 
7.3491924837197 5.8064220527097 
17.466490607159 4.9730316888488 
11.691274503326 6.2953287435335 
6.9142611861503 5.7975711153327 
11.444675551948 4.7468857340838 
6.7305113070381 5.525735289781 
12.361302580483 5.2229379842779 
8.0766693372015 5.2637209967899 
12.67825771767 7.2419520163467 
6.8437593477304 5.4563618968952 
7.445662094933 5.803306196814 
8.3521222220469 6.9871305216882 
11.285792001277 5.3433694641278 
6.9550848891781 6.8509618199359 
8.4682331548245 6.4930908063929 
7.348886475065 5.098937409339 
9.2001479037207 6.9735098255507 
8.9131184187968 4.6955700963961 
15.995738183033 6.3251112539335 
13.288494565863 5.7663733680382 
10.320958668559 4.7763002144135 
9.0999648952236 6.740355189874 
15.222637205567 4.6922444400255 
8.0275473264268 4.9348293544886 
7.2288715339914 5.6886534179206 
8.4361831547165 5.0090851568442 
11.544462414435 6.600749425335 
7.4776828737168 7.0769695669325 
11.627897360882 6.1485071544923 
10.104887597014 6.6512199994577 
15.931738598843 4.966931504309 
8.0411926043695 6.9810858015727 
7.5059882336786 6.2295330865736 
7.4553857582814 7.1489479949052 
8.3371566816006 6.3084858362314 
9.0925143378906 5.3252242008524 
8.8995114667865 6.9599281599548 
8.475897797908 6.9534792893948 
7.5935179894168 5.1529212085212 
10.094305951876 5.5543408113104 
7.2642480387544 6.3375484919509 
6.9237267271875 6.6701359264843 
6.5496573234743 5.0615523690755 
7.0038645025007 6.1030556516675 
6.6291561939332 6.5937915455798 
7.0431724048135 6.3414127778202 
8.4441458031034 5.887688804775 
12.563742802087 7.0533402304017 
6.6843371638299 6.050357755376 
11.291248410077 4.6592178249026 
6.5199109884134 6.0647974879 
9.647220520642 4.6451271615724 
7.8654452910683 4.9147341158976 
9.5807594033562 5.2419415290867 
8.2447011755407 5.7747551717697 
6.7523847791506 5.1886305945442 
8.8380900615612 6.2710577723287 
6.5954996336499 6.2660520802143 
7.0325733877602 4.8334817432835 
20.828044454859 6.6552210677504 
11.273964184658 6.4043779105719 
10.598437343575 7.0712552078302 
13.076978679009 7.2131754061138 
16.365791921611 6.4157358503124 
10.944351242046 7.0010941412525 
7.6720936970295 5.7997913986996 
11.663673203303 5.9841913633907 
11.766425047444 6.49856747807 
7.559853902578 5.3553036080454 
15.323314953941 4.7592970276084 
7.5370713812792 4.9724643112527 
13.399600737665 6.2749019720023 
9.7250641116494 6.1381851507336 
7.904169637813 5.8869703814703 
14.72435784705 6.451965139352 
9.819631857703 6.1755613178337 
13.548515148921 6.5415784613295 
7.2842856063193 6.4626461956652 
12.368168076795 7.1165286716612 
17.207587310082 6.6995223447632 
7.3642098877004 7.2316667140127 
6.771176713898 5.4023788802241 
9.3834311009912 4.9247466977628 
11.12801700887 4.7217404679853 
7.6528069571572 5.5914104770927 
13.52394745504 7.1191917515921 
10.799027582841 5.8610429685262 
8.9971120717659 6.8368553741332 
6.4153785950431 5.4313764094507 
11.985436798528 5.7208053485443 
9.2965627416304 5.7460745230359 
8.0891121991541 6.6259054214996 
8.5564739330402 5.9547428262684 
12.488349006323 6.2867169104693 
10.226147784846 5.6184628101876 
7.4827888732495 4.9965973201064 
7.4857972275142 5.7063960275653 
10.648195203283 5.4438350188269 
8.6469538870179 6.9070291492051 
17.872438229336 5.4874403767234 
16.310444327689 5.3403949170003 
13.954868848831 5.2994654988963 
7.6409626856276 6.577244111795 
8.9476940909143 6.7813791980678 
7.5363535090945 6.9087478923888 
10.952582885825 5.3929665471488 
8.3880005434664 6.214986319244 
13.497251672019 5.3218021192071 
6.827873867004 5.6153885017929 
6.8702779714489 4.8998513169219 
7.8197275098186 5.8612525332706 
9.5417212585734 5.9105933821739 
13.005917066994 5.7997005358579 
7.184357736961 6.0333887884365 
12.121513837425 7.2706090083881 
8.1906318702262 5.9331563328581 
12.434520353807 5.6999337125617 
11.773223711484 6.5920682246693 
9.625689322401 4.7295560422838 
7.9355015033788 5.3500014833824 
10.593978441436 7.1085663080043 
8.12660895027 6.5624670102703 
6.5528421906276 6.5571425783198 
10.219973304843 6.2646481075241 
12.970864000455 5.7561842290335 
7.15568731201 4.7852504798435 
8.3888321262106 7.1409606994317 
10.410127099928 7.0805939932324 
11.194584504345 4.9760249054581 
18.524588233542 5.4348563349662 
6.4077368777151 4.6834163545591 
18.24442092738 5.8925890246693 
7.608828958762 7.2557618795153 
8.4830809923095 6.6290729278499 
7.9973578022689 4.7565276926339 
13.189552652054 6.0332962473452 
10.640872158506 5.7955984390127 
6.5285863321182 4.7588699954498 
7.0798451863008 5.6557809172231 
7.5335956425226 5.6826490231668 
10.24357418403 5.3108119623544 
6.4792693219168 5.0839947432936 
8.1153183035851 4.8507407676534 
8.6529168505882 6.1091829248991 
14.148335292258 6.6824651408675 
8.4288454135925 6.3244068635164 
9.7874907722315 5.9763598103292 
9.2607512712099 6.6867276723981 
7.7517781304362 4.958138069727 
9.6369699629044 5.3999250135826 
17.153146342416 6.098253374138 
10.702727983787 5.4981846752182 
7.0355550808401 5.0449642586367 
6.7242923968836 6.2012036375926 
11.410664440409 5.583521114927 
6.783794388962 6.6293977989985 
7.8430641427279 5.1370811554998 
9.909833862676 4.8745113774273 
7.9900782372873 5.6499469269237 
10.723664143558 5.7167701860892 
8.9352638467493 5.4748051792409 
9.5032435703675 5.3188851141095 
7.2932300647986 5.3634516204064 
9.2326327563315 5.4286942739458 
12.387618063928 4.9327036910548 
12.29106726516 6.7407189256841 
11.600980860247 6.4253463586815 
6.8301493002919 4.9966226151109 
14.852538543754 5.7418625785267 
19.727843549043 7.0105000302476 
12.085471291424 7.2384078126803 
9.4588563355062 6.5885602844897 
8.8674143494983 5.5138087228766 
11.655087667069 5.4008398215502 
16.221571412354 7.2066960575553 
16.98298950075 6.4170089669192 
8.4811257642563 6.6503856832678 
9.7771991121739 5.3339480198009 
8.7894145673178 5.67837351826 
11.75663504508 6.7396602513554 
6.9892838456193 6.1862676470828 
7.0982280480529 6.0316238648532 
6.801649862696 6.8427194951465 
8.499744665001 6.5210319541909 
7.5056598175071 7.1336079126651 
12.544286040221 6.1244316745472 
8.5065378289386 5.0867864233472 
11.121787097956 5.5018702417275 
17.29959701847 5.9269257216224 
9.8610640938483 5.7876858426832 
7.5392981958443 5.1596119995833 
10.900919931864 5.9769697618865 
13.911381324867 6.4139057022126 
10.27565539098 6.5758884184893 
6.6761333114272 5.4000878776797 
15.489327818674 6.3024757179798 
10.293716037368 5.8019781869105 
7.2358483666499 5.0217099320712 
13.648202894912 5.6116529595715 
7.9213626917796 5.9745552680037 
10.331046303255 4.7181089526953 
11.156205495529 6.0840179392931 
6.8983903594517 5.1032492210082 
14.90487069502 5.1335439952297 
22.476687626493 6.5009776792593 
14.567417199867 5.7287422969078 
13.852601063214 5.3680525680385 
8.6406300872464 5.672075800837 
7.3371507363376 5.0448214868655 
16.372196020165 6.4504864325719 
7.5744041746063 6.2840751432998 
6.6330593088284 5.5953274031721 
10.561750489643 5.2360423319938 
13.528982653922 5.949919005102 
7.2054565387336 4.8425278172496 
8.0575657877334 6.6545770382128 
8.3777881300386 6.1906570552064 
6.3896741119711 4.7374386662238 
13.868046713213 4.8760579780312 
6.8470293982114 7.1764249812521 
9.2882176237656 5.4189053044205 
9.7310956358241 7.2658537167761 
14.483161070963 4.7985221571593 
6.4250078081784 5.7154619644834 
6.4934989783922 5.1112378466177 
10.737777116429 7.1900034588586 
8.6046725894403 6.7268958915553 
13.591612438252 5.9147774829869 
16.22297397794 5.8780474554083 
7.3336649474541 5.392999786306 
10.053385538617 5.0385363649194 
11.989217468866 5.9312556710695 
10.063477309359 5.6005893789851 
9.7586100503017 7.198587470007 
6.7068340459631 5.5104180512673 
12.118235301287 5.4941449689804 
7.0606618267839 6.1998726820834 
14.779400628483 4.8226662892953 
23.055152220376 4.8183029777515 
7.2001220333157 6.2317505933373 
8.9972975950376 6.5421415109427 
10.794131269603 4.8335335167087 
14.277628115906 5.5038149093329 
12.490013555083 4.7049488600588 
7.5816436190434 5.6274066965998 
13.015438193855 7.0799204349828 
7.3619469433834 5.6047906433787 
7.6224370888948 4.7753166950787 
6.3898117918901 6.9276934247871 
10.765994341423 4.8822925294682 
8.7981112099297 5.8667670280897 
7.2048378187881 5.2701423924408 
8.6753005853303 5.2762792363363 
8.7084934789418 5.9985071777881 
8.3890542072943 5.5166856989661 
7.0668121564186 5.5700567392964 
18.495758721079 5.5325027500807 
11.669306122776 7.0022171814462 
7.5758980260442 5.6960647607846 
7.2578226611209 4.7835251974992 
6.5936961262728 5.5224243383855 
6.821938822295 6.5127299609302 
17.246130210365 6.2316836270596 
13.028084694837 4.7671404421398 
6.5075698718647 5.3603741226851 
11.166671012118 6.1931794961322 
7.4283172149376 5.4042657365256 
9.0778653357331 7.1573621678997 
7.9751816611275 6.8304634285627 
8.3987028143552 6.1174830449072 
7.7785864661934 5.363877576257 
12.990028335087 6.0882945357425 
14.426455483286 5.528263834972 
7.727021918243 5.860684925832 
8.4423642316197 5.5215057049441 
7.1316023524094 6.462847895876 
11.248078417896 4.9077329094024 
9.6501431455066 7.0623294336819 
13.243785291098 6.6805458371402 
13.940431319639 6.3959672232782 
10.170142607023 5.3223167349177 
8.8346203023022 4.8004033304253 
10.299862614512 4.6878717012431 
11.063831191692 6.2050125141594 
10.724233096082 6.3745604748128 
8.192333276415 7.0930808797549 
8.0715273835151 6.6898362419023 
8.0154151581521 6.2489004628654 
17.131496594997 5.8791819185567 
13.37462186838 5.9797112227079 
7.5854746369893 6.2034523704816 
8.5592703923557 4.7441916277102 
8.289901301925 4.9431651092391 
12.001520197061 4.6916968864038 
7.6475326351466 6.75089664047 
19.105010735623 7.2839356682989 
7.6676119523198 6.8962256782301 
9.6548061901656 4.7969589939564 
7.5191827493939 6.2516214685341 
14.844535517771 7.1391867719413 
8.6601402042097 6.1444964958468 
8.7099490081695 6.9639755102929 
6.5749745211159 5.2997040632865 
8.2717960667347 5.6893585276105 
8.7686783717908 5.3254526546976 
9.2088610453645 5.3299729648127 
7.0050599594146 5.5795800736698 
16.079786838678 5.3747623013497 
8.6572964136674 5.56183041775 
17.268586350184 6.5724663797472 
7.4016466526994 7.2695864234938 
8.7058341509683 6.9103886958181 
7.8681822624978 6.4084929773863 
8.008885129226 4.8085802315066 
9.3003415043047 5.1354895074074 
16.944286015215 4.6639271123392 
7.8182875820439 5.1204156886035 
7.7581706108443 6.4755867682149 
10.669641065833 5.4546832380576 
8.4391137455236 6.6112876678597 
10.684980502087 5.311339925971 
7.8991674081364 6.1152271283719 
11.933972020895 6.5714242116787 
16.132999878152 5.9030327331897 
15.852753054951 6.5068746938974 
14.762976970455 5.8869749170264 
8.4060115207108 7.0006049139787 
6.5489580434192 4.925682405356 
7.2978646190635 5.6903412575597 
12.04489698969 7.1215725452623 
19.095704074109 6.8158773218607 
7.4696600331817 5.1200944953826 
15.922639328582 5.8335754345114 
12.471049695062 7.0515118229719 
6.9486116609803 6.5505552516089 
13.581040692838 5.8126380665687 
7.9416691779495 4.7598897195505 
17.230931495914 5.7506808760076 
7.0183202696037 4.8502809847618 
7.1105686063135 6.4984785979653 
14.041794125271 4.8216075722348 
15.570009561134 6.1637750553744 
7.9080994298595 6.3608641057937 
18.801390567435 4.9110889916375 
10.376185228807 5.9653745808889 
6.4094976595895 7.1933826220424 
15.782443559564 5.2129564217758 
6.4062196103681 6.4543953638293 
12.679779815424 4.9733619459499 
11.837225746153 6.624754910183 
14.586744856529 5.5735198801954 
6.9552353578951 6.5207672881246 
20.730905511498 4.6463293273081 
14.003518353081 5.4492910853677 
10.410568934004 5.000951463356 
8.4225503218464 5.8961975905841 
6.3903508129234 5.6819721531073 
8.8047032906031 5.0843565012681 
10.057505050879 4.6721617820121 
7.8476839041626 4.6557480946534 
9.5317907303549 6.5334252123807 
17.208388117369 4.9255499822969 
7.6748803468533 5.7380544598632 
6.763386662835 4.701317707967 
7.3994923931658 5.5017185334495 
6.5050926762564 6.1604437579545 
7.9770054046823 6.7258251254637 
6.3971306968094 6.004162752418 
11.297784084104 6.4279543641917 
7.7297995853936 5.9784758223201 
6.475080691241 4.9768867652059 
7.1251173501322 5.6236945411514 
9.688631004023 6.3471220277084 
16.376612520403 6.1222083502498 
10.138804571747 5.5984726191222 
8.4306718870865 5.2320009046835 
7.389772627203 5.0450516684174 
11.395542887828 6.9037774469332 
8.7126454563736 6.6322078421425 
8.3621097736536 5.4383610766834 
14.988899389404 4.9596270893873 
9.7744655738373 6.9982821164965 
7.5448664104853 4.8624118866697 
14.123336300608 7.2204171609575 
9.2035870895784 6.4696035777973 
8.5857693447521 7.1931112556567 
14.130985824998 6.9993412858056 
11.956827108182 6.4790663359279 
8.4676274161359 5.0068800920311 
8.7911033069398 6.7914151406969 
9.7261422436299 5.8301737125582 
7.1015987261869 6.6338917869272 
20.639299906526 5.6711046681121 
8.3247180985661 4.936527706673 
7.7043961200131 5.5959334423393 
15.394385519865 6.1047394911078 
9.6110132330958 4.8623359808634 
12.454548392399 5.7114007691165 
10.227122446499 5.7776138790073 
9.5988892891283 6.0407232033833 
13.480078711665 5.0856661845371 
8.3859603958337 6.3163267698145 
8.0841174244599 6.6702081544086 
13.182236334521 6.5825856907553 
8.529381271048 6.8778075874981 
7.6237322689844 6.5048348929528 
7.1089014029513 5.1903283583375 
7.6691583091009 6.0764514009749 
18.470394516442 6.8172752738848 
6.796228063698 4.7422471395119 
7.0888831106829 7.0807784431616 
8.7427508824594 4.7228488935454 
11.152157277193 6.1863673880075 
17.252441366607 6.5499279560359 
15.201658213283 4.7310806442069 
7.885864745362 5.6764792138896 
9.83827699968 5.277191298071 
6.3958221283864 6.7993013275191 
12.127540961993 6.322257804116 
14.34750653944 7.2612276508029 
13.409662927201 6.5789416509754 
12.792089764891 7.1764236224291 
10.783565724961 5.2433711076715 
6.4269280168684 6.3648545741079 
16.647026642338 5.7827471322877 
7.4199247475737 4.8827365553491 
11.521503198772 4.6901120730911 
13.681838937411 5.3206479611488 
8.4500582188234 5.6856030136639 
11.915849814592 5.7009889669625 
11.356300507267 7.0891766383338 
10.824665412147 4.6704163635286 
10.280251539569 5.3034216930518 
10.739972743007 5.3021147113466 
16.477668183659 5.0638451580873 
8.0745158075164 6.0468988850981 
7.0619519757829 5.8123838078971 
15.820683916696 6.373805048288 
8.1707437086859 5.037440658756 
9.9099568206114 5.6190533523123 
8.3694953312067 5.3450720815298 
7.1495975395191 4.7610219628546 
16.660755290972 6.090372517302 
8.2486769292 4.6793689855534 
7.5124280562368 5.9602158927008 
9.5396930273662 5.297131528476 
9.0710526267034 6.1250160742662 
8.99690554295 5.2060169958951 
12.321381773459 5.5973694266345 
11.490814398965 7.0647169274166 
7.9278444144217 4.7672503376842 
7.8840912511818 6.1473650095034 
10.975072292207 4.8079251802945 
7.9228244052971 7.0990511826646 
6.5646041130655 5.7788537401748 
10.653493489477 6.4237028963961 
6.7439475672715 5.5781598117029 
8.5951825137952 6.2804707560936 
6.4614477245188 6.1326725599967 
11.405051828546 5.2686866856941 
11.066772374306 5.450461300368 
6.4568002246369 5.3623631391823 
8.6505831660351 5.5183999311036 
9.538604830515 6.8725138420063 
7.4387144904379 4.7207789862753 
8.0178757513836 5.3199276006181 
9.645305201852 4.8775797416514 
9.6606967902458 4.9738899036415 
7.6432974473933 5.2131850253894 
9.0710798458507 4.9616140486091 
7.6447863131201 5.6560302672739 
10.309793814289 5.2764227007789 
8.0869408320704 5.2650627845884 
9.4110082378259 5.0017795654929 
18.524822146261 6.0607177373219 
10.531161595818 6.2468663610784 
10.934704986467 6.6088915121305 
14.337974336994 5.7759908234848 
15.199509391508 5.9491251617175 
14.912074639578 5.4793498638107 
9.2499979544846 6.87166156752 
7.1948331415962 5.0719562996119 
8.1630135279857 5.898412314215 
10.167383647547 5.5324445100447 
6.7908465825894 4.749210971524 
6.8237696064891 5.2051658356628 
8.1229397930679 7.2067928063847 
15.643474659966 5.8243279765365 
8.6980246545923 5.4962277410519 
9.3286937283905 5.5193910101318 
11.871899995195 6.5615059429879 
11.916959103596 6.6739569729866 
7.2459263760516 5.3783539832795 
14.841976236851 5.7992683497227 
6.6735446185093 5.4218753570021 
17.674885476006 4.7358957970052 
14.448517507162 5.2645218744607 
12.276606449289 5.4903292528565 
14.003864673275 5.4742269732644 
10.901441744708 5.6216167411422 
6.5867808125842 5.1252422719395 
15.39410412616 5.7102560277177 
9.4713979529655 6.7953689121667 
7.2713426892005 6.1097850225832 
9.7300575261138 5.2008313966365 
7.31991575621 5.5507791821615 
7.4917738161542 6.7027250604208 
17.170624322947 4.7425110868301 
8.5157920228564 6.3437238485231 
13.924633715905 5.966904736879 
15.194525592489 5.7221084303093 
9.0595941375297 6.9629304429223 
8.1112480796395 5.7643901353209 
12.664613820682 5.4769151396705 
9.2237686997666 6.3720028814721 
8.9877094220169 6.3145340067796 
8.9770762975532 5.0829637502902 
15.124741076443 4.6653138508283 
12.491710033838 6.491618436371 
7.7663792530894 7.2106158686674 
6.7161306748271 5.8738201057305 
6.6468056369713 5.1863300507764 
10.646027358173 4.9304756402903 
20.668927105828 6.9940147804617 
7.9338678621741 5.0457218121379 
7.0480081129057 6.6130201012608 
10.05802499411 5.6696211176352 
10.422073595257 5.0979929568076 
10.004221840995 5.8612462242521 
6.7589722673191 6.3168215012293 
14.96226602353 6.55183344042 
10.490788555375 6.0009479644932 
9.8562007248391 5.2777942198624 
6.5310146338729 6.3740959390537 
10.110483641905 5.1910651631871 
7.1620892605101 5.4019067161394 
14.268095586317 6.880715923361 
13.450313354419 6.3140019660782 
10.083859594564 5.2182390919115 
8.3134823395363 6.615883775551 
12.86773726337 5.0155393398356 
9.7686834059908 5.3446980074724 
9.3806421072887 5.7712049204385 
8.9411803936124 5.5955691014672 
13.328081764287 4.8521485023893 
10.916157582536 5.057976458882 
11.225264505937 7.1365586553553 
15.100131803865 5.2518066329352 
16.542880959132 5.370881164298 
9.1372134128629 5.2135248496561 
7.5691135881521 6.3014575259292 
7.2616422405161 6.3537837804147 
7.6329559751962 5.0914753018439 
7.358157169928 5.634941918907 
19.441164521803 5.3233700332581 
10.018719882631 5.5777268186123 
16.818697128771 4.8432701583961 
8.5226439810143 5.1492267802569 
12.952198901676 7.1695763965884 
8.6008102304154 5.1122659415358 
17.717135138434 6.1920778958164 
6.7971182515585 4.9880737219831 
15.948091000414 5.9058356133975 
6.7402885501141 4.8158565289941 
6.460663736405 5.8085248236681 
13.956562418061 5.3128167812178 
8.2984713318739 4.8292120016039 
8.028800497659 5.5810815706535 
6.6040685864775 6.2681072119652 
10.037981371268 7.2565043036903 
7.4303761763308 4.7227561858713 
10.637965095878 6.5335213846028 
8.6323091047336 5.604532736057 
8.9263986869562 6.6784988531029 
12.189289792294 4.8432227739861 
18.584856503401 4.9493366013673 
21.168615852145 6.3056407474353 
13.315673267588 6.5863376731296 
10.058591060933 6.2856171706129 
12.2987770959 5.5153076490007 
7.376095765326 5.3982819772968 
7.9088286908053 5.3368949154093 
9.0475870357313 4.760579835022 
15.176078415499 4.710091493154 
11.854524334487 6.4964997075631 
14.31966915962 5.281696976224 
11.670506856462 6.7669646892639 
12.937510187679 6.1235261291165 
12.838080930764 5.3560572353598 
7.9034168620059 7.0049719576503 
8.4501758814064 5.0766938279012 
18.383887856134 5.7245262820275 
8.8590477434162 6.1442377082627 
8.0936585342407 5.7463414388094 
14.450562662082 6.3581397529929 
16.476603210635 6.8313215434884 
15.906771045257 5.6281095951054 
19.437562177647 6.9133505923638 
9.0646888854778 5.0099256506435 
9.0331721315211 5.0584777737694 
8.8108143025943 6.799790099082 
9.1447848374484 5.6859718419407 
15.565777914922 5.0751387217099 
6.7692576429647 6.4856338594524 
6.9326752358752 5.6951019122758 
6.4950505119514 5.6471888648332 
15.078184899725 6.55256978156 
8.5266177865079 5.1273874796716 
18.847110104357 6.076594525965 
8.0681909631667 6.1760645090011 
9.9467103867249 4.7627116424011 
6.9533826515009 5.653717872692 
7.74186398634 6.3289743845372 
6.7135613760802 4.9861827691581 
7.6868009178744 5.8644174945548 
10.445292821063 6.1827960054449 
13.22898693193 5.7350502150281 
10.646369467733 6.1114435668877 
10.175121085131 5.1192648088889 
6.6407166454948 6.5996748887278 
11.366400203729 4.661292600616 
7.4250090125332 5.7552922118433 
10.087658949006 7.0811836089257 
9.2336921256952 6.3780415869798 
10.057161164162 7.0980534383678 
10.429227701484 6.2772720844324 
6.7681513231799 5.1238832684369 
7.5003730166217 5.9780416924681 
12.419217393327 4.74066776503 
10.100146395949 5.4959337431266 
13.692021367336 5.975559274679 
10.4509122294 5.9848527886897 
8.5514507553376 5.1718357679614 
10.497763754156 6.3058285659636 
9.0190110288311 5.3915944725953 
7.5080175672009 5.2034776205036 
16.240140628726 5.8230242149086 
6.4862406739972 4.8200410782695 
14.16452519481 6.4527690978097 
17.850937981811 5.5147660966271 
14.605274426952 4.6978077737957 
9.2570512105406 7.0540266744346 
13.769221866358 6.4864763918038 
8.5162209683692 6.2727935495293 
14.19054510566 5.5802863505173 
6.5444580343617 4.7814269207399 
8.9079877643166 5.109845565713 
8.1767937904904 5.3660920429174 
6.4264709333814 5.9257868172421 
9.4512637311695 5.8569773549837 
9.0123473232368 6.0089152839034 
8.4041960851179 6.5926495298389 
7.8769283187525 5.6433769846189 
8.5001693836121 5.6137604327925 
7.027399592058 4.8147270857909 
7.7090589632046 6.6622700194005 
11.628984624178 4.7170707390391 
11.948952266639 6.1515134655115 
6.6438701490263 7.0154714430439 
13.808311283246 5.1663247292912 
20.623402099291 4.7219981608646 
9.0951969285921 4.8441092958389 
9.0330914462635 5.8546258249743 
8.2035190627801 5.6949107425225 
17.859462261064 4.9799997992062 
12.137284960972 7.0024254520591 
7.4004258011205 5.7014142160332 
7.9475055302696 6.1509514890648 
9.8400823228907 6.165021962087 
11.909417471531 4.8188797099462 
7.3697927266672 4.7734415638687 
7.6003111577398 6.2149356377515 
8.7823265467041 6.831278520756 
8.2221374387249 4.9806500459363 
20.283646085761 5.3853133735675 
10.943447736342 5.0979572137037 
13.526911680571 4.9942471548899 
7.4682135505463 7.2057830794173 
11.806466916235 5.5320269776975 
15.330178735437 6.6566804087763 
7.7777680762412 6.5755379426791 
9.949158923381 6.8375244532232 
12.376059678368 6.9948827817397 
10.258419760636 7.0278017235965 
7.0857243447649 5.4073879681576 
9.4913223015317 6.0369755908899 
17.099733502231 7.2783476648136 
7.1285083589415 5.9626118629879 
9.5359854970184 6.8127081418739 
15.804065276958 4.9944827997823 
14.804505577329 7.0985766669812 
10.821974794003 6.0499287907428 
12.260007181282 5.1997734937773 
10.126909682476 6.1451469001057 
8.6915895657122 5.6672431698058 
12.864606695415 5.7648769271292 
6.5053096089554 5.8205943773578 
10.286649437633 4.974200380444 
19.364442646304 5.3948146557201 
19.426177808276 5.0385691969408 
6.4488959428157 6.1155899734913 
8.443876514096 6.9367035919444 
15.10858035955 7.0517265186956 
8.8058134757378 7.1138210392362 
6.7019003685002 5.4999955354305 
16.492042588818 7.2725904594724 
11.788569644921 4.7499063137423 
12.087134537927 6.4657032621908 
18.291138743167 6.407162556334 
12.414229845267 5.0475896909924 
8.4421511783054 5.8368330252341 
7.3091475669384 5.8667795369587 
16.558472437596 6.1806958994123 
19.773974837858 5.2756162882559 
7.0040455677628 4.8040037811403 
8.1350576170502 5.440229285584 
9.9804248747682 5.9389123162713 
6.4466076406554 6.0422006601783 
9.29985978626 5.1942251124427 
18.731777994916 5.0543485813381 
22.031263517782 5.4849589161751 
9.8487660776944 5.665139682848 
11.48573073824 5.5914881919427 
7.9728704426105 5.0131867041349 
8.0132129050554 6.433907369115 
7.9883719263049 5.5306262706261 
13.078952420631 6.1399363105597 
6.4313781431325 6.6836768183472 
8.3611548989116 6.0150123488261 
8.2009697982852 4.6869464275056 
15.260930958683 5.4306329026005 
6.7723031872784 7.2237724636915 
6.6793526127933 6.3279137888627 
7.4126675684211 6.6550586060692 
9.0318012372917 5.1156374567085 
8.3629635138551 5.4427892214306 
11.471455081008 6.0082691853968 
9.3315288085485 5.3109735764929 
16.137394952949 5.2222263065814 
13.814130786155 5.0390975076487 
8.0285162047088 4.845704939522 
14.033500774283 6.351579565129 
7.8380435736193 6.518884295182 
9.1750299084541 4.9039475379733 
10.863402845511 6.9880761511807 
8.4797816974532 5.1785177400799 
14.403462733153 5.4690510062591 
11.125576022062 5.6472584914949 
7.1475223437828 5.9878970271471 
9.1413337839682 6.503368686796 
6.4582230306505 5.5839174965693 
9.5765495588581 6.5747618854469 
19.223472878838 5.5073514797152 
11.918388854591 5.653603126954 
15.455662842384 6.9540609417773 
8.5297270121952 5.4757649731833 
6.7505747427288 6.5548669562784 
7.4687236901355 5.2682214319245 
22.111311211573 6.7205217982996 
12.736344502961 5.7790932083053 
9.6325686291932 7.2086613065022 
6.7042278678151 5.7939462902975 
9.2203813405337 6.4926569533735 
12.234296459755 6.2302752535539 
7.9872240250037 6.9620073476452 
9.4530437102881 6.2250766214753 
10.71774384281 5.5880983966077 
9.7612026321902 5.2010759494231 
11.096756559707 4.7816033959061 
15.642902027994 5.8753469407759 
10.526537842324 6.1490654390705 
9.9177045346585 5.5633712056325 
7.1054836832883 5.373278210599 
9.022958369851 4.8925145362336 
11.943894560816 5.7439866318404 
7.0001926150453 6.1963532703068 
11.67876437508 6.433953005091 
6.9830826272047 4.9422585178421 
7.1502002238533 4.7100976853698 
12.070001124582 5.1563058243096 
6.9721531359628 6.6125425142555 
6.5226430676234 6.5504671749306 
7.4432984238984 5.2134528292719 
8.4373580207723 6.3744022756518 
10.82001274709 6.3831053634489 
10.55764125331 5.4061401271067 
7.7276511574347 6.6252535414175 
7.1019631151567 5.5931470862214 
13.405439927968 5.2545174641575 
17.000901122455 6.3338822360077 
9.232090047583 6.763191717227 
9.886527143266 5.5834974971981 
18.414156840149 4.888394166588 
9.358011036264 6.122767079929 
7.1546492033963 7.2524700948366 
18.264310521397 6.2828508150839 
7.1989177911071 6.1081664459312 
7.7851424763846 5.513990652772 
7.070662426371 5.9527404219895 
10.276983528495 4.7705055123335 
8.3885588775921 5.7229498007689 
10.320826851308 5.8219641970721 
8.3651790086144 5.5353195745971 
15.018237977043 6.0102722688129 
7.2464257532264 5.0587303971142 
7.1349171109481 6.9209045280595 
14.804078410366 6.902533533507 
9.9116848381259 4.8564642776325 
10.498867362375 5.6934279144265 
12.708993923143 6.5040926239787 
8.4782759170741 6.7716410456417 
8.2455950275654 5.315296169946 
8.6665488368128 5.4331046967527 
10.448349698605 6.8819901199615 
6.4518448787331 5.2933047350966 
11.610154506147 6.3526722593916 
8.5829387340592 4.9612839557002 
8.4430301092274 6.5892177559767 
7.9883269701856 6.1851572707456 
8.1004206543791 5.1141845102088 
6.3862195703188 5.1593853779252 
10.196804276526 6.309106737754 
13.351548251485 6.8749290624833 
14.316877494029 5.7563593100459 
11.174772274747 4.9269749880136 
8.2536535403807 4.8301178977744 
14.935406886467 6.905444344163 
9.3399901157698 6.5751575539717 
13.274679508467 6.6093864248935 
9.7159380448485 6.8378447423924 
10.621678576439 4.7738965700099 
8.0267794108054 5.1500285930267 
11.783134107959 7.2028041301394 
7.955419593 6.130666666755 
8.3985420812923 4.8572466994239 
14.891267554447 5.7033270378364 
15.218866795356 6.5370996926476 
7.5940886494539 6.606652006559 
7.1711478802165 6.8578408828388 
7.5369741708736 6.0150672414355 
11.549311318285 6.6396380463357 
7.9589860189834 6.0351501080207 
9.2069334213183 5.1492413919194 
7.079821340636 5.8242961332035 
13.465460330063 5.9004922686907 
14.759913554642 4.7426340811001 
11.243147953029 6.4256120878341 
14.159118586932 6.4606250667908 
8.9038337490754 6.8227353338193 
9.5182012420115 6.3660279693474 
17.648045476675 4.908843006493 
16.989858135483 5.3077140448505 
12.27584223616 5.3138674892175 
10.336382595212 5.6776777743257 
7.7158592833935 5.8036363658759 
8.674810529679 7.0748241721316 
6.9975729367036 6.8743999645935 
11.782937803739 4.830962237657 
7.8375212004189 5.3805816951746 
9.2091951984481 5.2536092873585 
11.753516017557 7.2309638911474 
6.6555954321797 7.2853454186862 
6.9594748115977 5.6258547614781 
9.3174467600828 5.986663648062 
7.2208788087648 4.9309298201563 
10.307174475633 4.8532565354584 
9.0750261904884 6.3619431524746 
15.14767246846 6.9320363429155 
20.159507430191 6.181622374518 
10.835593349884 6.0382599151634 
14.325161635892 5.3479641813523 
7.6658406048378 6.9720687744288 
12.379696586507 6.2594683234322 
9.8492630304079 6.352552290537 
16.401059214248 5.89935667657 
6.4489529484996 6.0051690713574 
8.045523569308 6.2690473220934 
14.83103937383 5.0544457016667 
6.7761774416489 5.2565985032964 
12.794082501453 5.925778903533 
10.346617931197 6.01798643893 
11.358195712906 6.9681764970221 
7.0981035826012 6.7878335079312 
7.3819527473089 5.9163748507144 
9.9365511642134 5.9934944200866 
11.980322376533 6.4506089408647 
8.8659331202798 6.7608395561274 
7.4026640781468 4.771274158496 
10.827026204165 5.1347941541937 
8.9308685193412 6.0269249049042 
14.931810780751 6.2250721954298 
9.6611131595614 7.2866773814668 
11.191411187284 4.8779570026627 
6.7078432640769 5.7931157466536 
12.157260529096 6.9238549800714 
11.012579670857 6.2413821990342 
12.274102461956 5.8444164016724 
9.2062848029596 5.5222378090525 
6.8543311099861 6.007822844045 
8.8188853040694 6.7131201906665 
7.3024348590844 6.8925127049745 
13.098351431218 6.246318155352 
10.188117789576 5.1136074476721 
17.027057547238 5.1591317619237 
17.605887761705 5.058315815899 
15.729185083164 5.5409622773145 
6.5085750403902 4.7392645967004 
6.4714979911787 5.2180121245898 
9.6912517150788 5.9317640971237 
20.771095668775 7.2926002710651 
10.763976572978 4.8439447169496 
9.5186697068293 6.3309788789876 
9.8091006135382 6.5301828919494 
10.377321889573 5.7371581096367 
6.634899618783 7.0063135470566 
11.44571082563 6.8089877145233 
9.1060253972667 5.3710697841469 
11.903309697186 5.9204250169545 
9.2070715977867 7.0525578022744 
15.947958533188 5.0997839305022 
8.2428186353363 6.7461798017444 
13.08159359159 5.9230067031076 
6.7650740699948 5.5683236692388 
6.9316880105966 4.7439857402363 
13.40684652422 6.5913602612272 
10.146244217938 5.5636238090051 
10.577568125178 4.7669254461686 
8.5442037137058 6.8694849848489 
10.206826517248 5.041856659346 
7.4116450900339 5.4100344695693 
8.7673531426234 4.8492108198964 
18.980751883289 5.3590970721267 
6.496211319892 6.8706691632185 
11.73057005146 5.1373912166554 
8.3284531123142 5.2133409135985 
13.130896501665 7.1685101506256 
9.0336726609568 5.1503986039839 
6.9440254722252 6.1384955428328 
8.9396543569142 6.253849702861 
10.229604795469 6.7291153679993 
7.8199408946454 5.0178465059244 
8.7243505404493 5.3317308817376 
10.128204553581 6.2407506480042 
10.577574949651 6.1659158419151 
21.132425217143 5.9130486878746 
8.3994190724278 4.7988118330685 
6.8331952196259 7.0782719668214 
17.064659595388 4.8024685028379 
10.030015804458 5.4340585977309 
18.025971314162 7.2154753176001 
7.135017302203 5.0084328447522 
8.3614536933601 5.096231592545 
6.5536925756315 5.8249848839547 
8.5509423281402 5.8561495641411 
8.1905535467597 5.9675045588996 
7.5298583146484 6.5654986557072 
9.560872189422 5.3944130263734 
7.2974608890969 5.9939823853761 
14.770373851945 5.050119111602 
11.202761285312 5.5975251344067 
13.863767557778 6.1652460588587 
7.5063966155324 5.5298863376078 
10.287188352866 5.094470204531 
12.32224261929 5.4117003138359 
9.3274323865258 4.7144398786186 
7.7258627804493 6.0669573511368 
10.784576364237 5.0697222007608 
15.925619776356 4.9445663588681 
6.9046863526802 4.8048112196 
6.3913994264198 5.2379318792401 
9.2567957523478 5.9726377764263 
12.343940411022 4.9988340124922 
9.7591858123609 5.7095158820199 
17.289272552362 6.5207084539458 
11.193928316269 5.6843439584517 
16.720565777944 5.5187673513754 
11.115190360159 7.0858969141841 
15.151154890371 6.0130799291889 
7.7364121938238 4.928404229374 
7.8065145538387 6.0908923323349 
10.756414526878 5.0881600322771 
10.916362557736 5.3080333665196 
15.401355593472 6.4564303309916 
15.508133927329 4.9604046560841 
8.4458397655295 6.8623478272278 
10.901746600402 4.9768612568267 
9.9865020702965 5.8653990775642 
11.687229607054 5.9246990847818 
14.808066922923 6.666625404417 
7.6742251147369 4.7520713049667 
6.9766143733559 6.3335604172536 
17.606372473891 5.3601420489475 
6.9944588715254 6.9498413956294 
12.733820915006 6.9163411314702 
10.40016827442 5.6310251861663 
6.9149233983382 4.7930644116393 
9.0176003045293 6.2215408648308 
11.592580803389 5.7566660970066 
9.8975134244047 5.7931375706894 
10.129998807645 6.9432057610273 
8.1929510997474 6.5822594370622 
7.4942117780076 7.1422187507885 
9.7873587983516 6.0893022489547 
7.302537395397 6.6779513212509 
16.478997334723 5.0317375067251 
11.692787540115 6.0896301940753 
10.713267600088 5.6932231056398 
7.7466692794705 6.5328200163574 
12.815515422738 6.4093089313706 
13.811552273015 7.2152644118624 
13.818587214963 5.5669701224182 
9.9219831822358 5.705054072877 
15.09501224023 6.8431861675879 
9.5661492528617 5.5774109768588 
6.8273832025708 6.4161359736082 
6.8808565801489 5.9658578275756 
7.4764733316876 6.3274125104788 
7.1425349210512 5.8193627082605 
6.6861289606871 5.3575917255938 
9.7344068113244 5.5915064173577 
7.6925820725044 5.631139535928 
7.1869933927357 5.46116676805 
10.187975156202 7.2568091279278 
9.3922581216303 4.6613867511746 
13.93521387479 6.2743441401794 
6.8312382692262 4.7525741243788 
6.8041564276931 5.2817221885354 
7.9353582530543 4.9152413699212 
7.7748344361023 5.314465371566 
9.756704525399 4.8600075306473 
21.364826514031 6.1965705250736 
8.0507854158631 6.0624841051175 
8.1079657992546 4.8875366556166 
6.4316017297024 6.4001559539874 
9.264243763196 6.3827317106024 
12.670439254453 5.577889982887 
6.6017821778678 5.485697222609 
9.0344621947356 5.0124422617443 
6.8692823268284 4.7565024451268 
7.6171393739674 6.2129802991394 
8.5057817283406 5.2228115045179 
15.153886410067 5.8047129302162 
6.6021666553025 5.7898196809411 
13.162586999894 5.2897397513 
9.9869273453569 6.9411233971703 
14.481013708379 6.0153732579298 
12.933859697261 5.2725193186835 
15.60637431903 5.2060429129092 
10.566466883101 4.7128644903404 
11.702987400545 5.440941022823 
8.6980375456151 6.37845451493 
7.7339833877862 6.1004764928748 
7.3736588856381 4.9694864376629 
7.8949644645783 6.9684631412787 
7.0293738112259 4.754617427992 
8.6918678143082 5.4690936086617 
7.6915263709557 5.9621793968622 
12.200523441156 4.8304360095427 
8.6747234653103 6.8954142609485 
9.4109738559652 6.8198324680756 
6.8504569759627 6.0293627667645 
7.2583869168562 5.8319889550832 
6.7303976421284 6.3114038900012 
7.7352213618647 5.4170602785197 
7.502149222695 5.6465287139325 
6.8839630258307 4.8814386703872 
11.860690889249 6.4886369010136 
15.691781056124 5.4207228293595 
6.720977229853 6.8087445802307 
6.6928122865754 5.6135466377408 
6.9843244133689 5.5022558652878 
7.808097796929 6.4449481845686 
8.2659807901798 5.1336631902788 
17.438198340587 6.9846993204405 
15.674335315583 7.165551313536 
17.995618619908 6.3870990970955 
13.321372079915 5.2046826842522 
6.4980700035122 4.7355069137724 
11.171520404251 6.3622206642381 
8.8019655913008 5.3793401468232 
21.869326429681 6.8890912975392 
10.61848045452 6.2126644491188 
7.8509467196788 6.2894073705468 
7.7372472292989 6.1699780378801 
6.959021157804 4.8984236552886 
13.765435189215 5.182985391631 
9.8899007751024 5.7032842385541 
8.4111290581068 5.3663708838429 
16.461542037717 5.7323139422622 
12.77471015228 4.7794998455052 
9.248036691753 5.3750861587874 
6.5347767086609 6.4229125507585 
6.6731146337231 6.4640312311365 
6.6957040989031 6.8004126959871 
10.413085792566 5.9497544297747 
6.5552212743503 6.4200445943516 
6.6451606706553 5.0877457159769 
13.468440144773 6.9926626746031 
9.5230803571007 6.3896055765394 
12.706962301423 6.632428111463 
14.111361148855 4.8927508825643 
9.3143978820705 5.7825144452833 
20.852469408184 5.3373101431197 
7.316919920816 5.5956573887047 
6.582075897632 6.4663445185395 
15.393634127507 6.7620168132756 
8.8461657888105 4.9262251832577 
9.4889470568914 4.8245552832008 
9.1178187777375 7.1947202889072 
15.67147118634 5.7561777997815 
24.097351455439 5.8050457060901 
