-3.4734321045082 -0.75892543915117 
-3.2202090403751 0.41475088139696 
-4.5832897654463 -0.29569606555772 
-3.8429834962166 -0.80560377200279 
-4.0099019708248 -0.26895513884038 
-5.6638950563958 -0.75216969501466 
-5.5562623373904 0.4329630989275 
-5.0946529108355 0.2524582936183 
-5.1179987635796 -0.64076307672821 
-3.9809518887995 -0.40902457576393 
-3.4987110477882 -0.49088622066991 
-4.6441750224789 -0.5327166163726 
-4.4751991335508 -0.49184310553911 
-4.4815285159763 0.44684821418164 
-3.633593302412 -0.56646871681348 
-3.5793476019777 -0.2346980235323 
-3.2574871468724 -0.54697526609302 
-4.7338435253822 0.31665060501654 
-4.1705176848695 -0.34100692723651 
-3.7359341095808 -0.14324678081331 
-4.2262740438053 0.6980795311788 
-5.0380803502723 0.64119175294696 
-3.3970966931684 -0.22093542332986 
-4.4436687580436 0.17092823872913 
-3.4636600203486 0.4729262269231 
-4.1438319766956 -0.72922116412529 
-4.8189237175613 0.07225027057285 
-5.6311930373076 -0.43979691032092 
-4.6649055742073 0.36342845528668 
-3.5845475547287 -0.46651328486736 
-3.4378660551604 -0.028296406206428 
-4.0379607004286 -0.18988885112822 
-5.6955580245012 0.31028774209259 
-5.3290253744478 0.30047923762471 
-3.9624107461805 0.12735211101954 
-4.3869011598238 0.47017852673172 
-3.8243070348833 0.64326682446517 
-5.5124682590143 -0.044697007350111 
-3.4942511334599 0.37548342018799 
-5.5877427509345 -0.87326769242498 
-3.4981340113047 -0.16582543446394 
-4.9472974931965 0.076950715006439 
-4.6771989227658 -0.026129826648857 
-5.8739066479384 -0.84983658587963 
-4.0761849442455 -0.3287411048023 
-3.5536148027741 0.55839724614792 
-4.8368174230294 0.46223187504591 
-4.5907631991252 0.71744649667412 
-4.7537724306071 -0.80341988600451 
-4.2137565867475 -0.2957956411434 
-5.1602478803069 -0.85505640105275 
-5.8728891145287 -0.22641141890123 
-4.4881556468468 0.30612877232334 
-3.3450598621336 0.68627504872793 
-3.3128194415539 -0.58658145287199 
-3.6802223479534 -0.33190599853124 
-5.7981993032251 0.31625131874663 
-5.7834526753238 -0.14875080808096 
-5.4912588438561 0.40006774114008 
-5.3521771748014 -0.64043198618762 
-5.5838847787609 0.7393123150754 
-4.3595422328588 -0.58624744910675 
-3.7030010689246 -0.0076673057434731 
-5.8599163310393 -0.51195123610983 
-5.177135619246 -0.24577593785615 
-4.1076698396007 -0.36800203805498 
-4.6993991171264 0.2689909062064 
-4.8828312517722 -0.87523170054413 
-3.6013994898248 0.25609783943256 
-5.3422212983004 -0.5978998866799 
-3.2798188588999 -0.29369274348412 
-5.6016241987746 0.089749952477338 
-5.3352702549562 0.23598430935492 
-4.0525431402667 -0.42941579051264 
-5.1905524128008 -0.32330656769892 
-5.3563687288913 -0.40334943829389 
-4.2534249817424 0.71229566019066 
-4.70494087261 -0.17804631221694 
-3.3911954322048 -0.25758596186225 
-3.7209067871543 -0.29535420226058 
-5.7615444721471 -0.32191507470848 
-3.3846949540005 -0.82690337863257 
-5.5101398851449 -0.78408827997456 
-3.9886482878752 0.45633129871659 
-4.2131890315364 -0.73386281058222 
-3.7089701662763 0.72935537342347 
-3.3686659074012 0.13922835164609 
-4.5045919042823 -0.44998348253326 
-5.1693842790357 -0.13815072222559 
-5.7722385195274 -0.66322949190035 
-5.2126837233544 0.044813300126875 
-3.4830754883503 -0.27056050940632 
-3.5964003308764 -0.24774548373866 
-5.9330636708001 0.70877131013558 
-3.7845093396881 0.13805491812244 
-4.7017366422305 -0.68773410090364 
-3.443148680155 0.23665951531771 
-4.4592207932075 -0.32534988552215 
-5.6576731374935 -0.43078810288679 
-5.7288440242109 -0.31355998088644 
-3.3820642771598 -0.070711737523959 
-5.0512863401634 0.081070063396453 
-5.5147253467299 0.43794138716413 
-3.7993265608618 -0.63373369594829 
-3.5827188809548 -0.0016708861305634 
-3.4915689133163 0.23643323909576 
-3.5430036066919 -0.88264998516574 
-5.7238897221753 0.30597881465096 
-3.4117622562988 -0.21515704417046 
-3.7934017183455 -0.75729034291297 
-4.3924384298432 0.51178625631948 
-5.0029139143057 -0.49213001399548 
-3.9824128561136 -0.71680599011878 
-3.6008442035796 0.67421157940086 
-5.5584195859546 -0.53413459831933 
-4.9250249813554 0.55291954608053 
-4.7443908065304 -0.78940161080534 
-3.5935356554592 -0.15847429296859 
-3.657760246598 0.22430488051056 
-4.20125843493 0.30235270347089 
-4.4724581661323 0.23825177751874 
-4.3583266351204 -0.41274123468325 
-3.4657970367004 0.4359897472958 
-5.4780752038473 0.42779507721558 
-3.9479419656274 -0.7101696831704 
-3.7472686203547 0.25211154428763 
-4.0518769295722 -0.10779294986396 
-3.4222193872918 -0.29977564304206 
-3.6487409294053 -0.70117302433123 
-5.0171861129727 0.39747276889277 
-4.5613599544489 -0.74970497231147 
-5.2533856844708 0.16053547433665 
-3.6020817477326 0.10123354183239 
-3.3416392567519 -0.0067624025277626 
-3.3389675373129 -0.3220951910689 
-5.2891245621815 0.74437618281543 
-5.4255017089805 0.60875705941975 
-4.8009603062622 -0.37813052874848 
-4.2736386963627 -0.70043781247777 
-4.3171316722257 -0.018903988551542 
-3.5719534117003 -0.16186896969941 
-5.3200606960955 0.28855256157669 
-5.2499676070056 -0.034980794982728 
-4.393847526705 0.58028732175739 
-5.1908168746897 -0.55562848378658 
-3.4094454558038 -0.46868118119776 
-4.5179816300716 -0.73534503913372 
-3.5998058024773 0.30032890662157 
-3.3541142677831 0.30438315987124 
-5.5046206022086 -0.62981438709234 
-4.1944579827524 0.23379536311969 
-3.2530000322996 -0.88242374967613 
-4.3058536252804 0.58410814214561 
-5.6229485021183 -0.83116750729798 
-5.8642377089979 0.40333934555941 
-5.6046561491475 0.36095160414148 
-4.566144615568 0.10139321557845 
-4.5304413953454 0.56594017051619 
-4.8219255761967 0.12053235228156 
-3.24778991044 0.0096396310390356 
-3.5585931815155 0.65078925659396 
-5.7273525283596 0.48964355687917 
-3.2511791934119 -0.81018020135593 
-4.9528268316073 -0.463360985461 
-5.4199759965584 0.55146980105356 
-5.765347716632 -0.8617916444631 
-5.227845809904 -0.28867307955986 
-3.5203129313814 -0.26964214847355 
-3.6364374680257 0.56848095768549 
-5.7222597756481 -0.088884496831581 
-5.4367240380795 -0.48337516340636 
-4.8035311488597 0.196994993964 
-3.8918972928706 -0.74189005218893 
-4.4869689207597 0.20825954664146 
-5.362012558571 -0.04981485938237 
-3.4888569395042 -0.45559183964818 
-5.5255979973772 0.00010598975397302 
-5.2987425097387 -0.31353442247104 
-3.7099166218025 -0.26708680188857 
-4.7661744117667 -0.26118289132107 
-3.60719634417 -0.35942900850288 
-4.7743467404332 0.36089072468633 
-5.077652281535 0.60371656483514 
-3.9826726086144 0.21712899980734 
-4.5932351941122 -0.07073399816827 
-5.2378997276366 -0.48332767617517 
-3.7539787852937 -0.57079363926731 
-5.28691192294 0.22509321201796 
-4.2401836043252 -0.41610419873196 
-5.2430486146754 -0.48410631675556 
-5.8110537593473 -0.28767254433512 
-4.8042000149475 0.71855334184088 
-5.4885236568075 0.69100319559468 
-3.3110574917276 -0.27099507947452 
-3.2320160912782 -0.28439941876288 
-4.1692660480342 0.27244698794166 
-4.9756572627621 0.31322176494106 
-3.992717345292 -0.56921675560624 
-3.974669774725 -0.14497981664281 
-4.2338628684429 -0.0081839920955735 
-4.8556905990641 -0.1030750446528 
-5.7245458804376 0.64592496114782 
-3.3634470169021 0.43727850294685 
-5.5718384512622 0.25500642196207 
-4.4584332821498 -0.060250931289743 
-5.222833225219 -0.43020507042221 
-4.3138964454053 0.49134771526125 
-3.2804301830671 -0.48273623309918 
-4.6980252491224 0.11691758147385 
-4.992825375341 -0.13940319621582 
-5.2960905540587 0.53844349755476 
-5.9247929398567 -0.36686796391417 
-4.4165637378208 -0.55437657534023 
-5.5979049564111 -0.17250921657246 
-4.4465996628025 -0.15463945258232 
-5.5945699966055 0.39539403002738 
-3.4000024811363 -0.72054849072945 
-3.8105982079283 -0.51079418350731 
-4.688706518959 -0.26627883824121 
-4.3655663925792 -0.57337822706597 
-4.7350332980387 -0.65592433377995 
-4.6570598414641 0.29852399148429 
-5.6877060109347 -0.39259504646949 
-4.8790014580648 -0.23102715186228 
-4.5890761405072 -0.13535046992809 
-5.2337548174071 -0.19872647034254 
-3.9858280503901 0.53783643394596 
-5.0878534934472 -0.28654692122148 
-4.9659809445018 -0.39602143567479 
-3.8657724725763 0.6521064724494 
-4.6304900864981 0.56216490197493 
-5.8483694495875 0.72274635865558 
-5.245693991411 0.43492934167124 
-5.7625754247396 -0.68179306511857 
-4.7448906374433 0.69581056996669 
-3.2169957322835 -0.81991027035987 
-5.2853525926686 -0.19661501941094 
-4.587141202521 -0.0098123831113346 
-4.2673172177514 0.24418405863005 
-3.3798540744963 -0.52093454943946 
-3.746452238995 -0.64092942349989 
-4.7981083500508 -0.015667358558252 
-5.1237372469236 0.21224584698752 
-4.0137164530625 -0.17407521673229 
-3.5875327164676 -0.14245606488651 
-5.4358589949476 0.22258046700903 
-5.204764178554 0.39122847161231 
-5.8046043437489 0.37538989500608 
-4.2505703596183 0.57961580526231 
-3.5220970168623 0.63050003442436 
-4.6374633853115 -0.58856184429328 
-3.4793570540723 -0.4312604546734 
-5.126849761405 0.5864031009097 
-3.8170601388178 0.021464742147911 
-5.3386438725184 0.53220290828496 
-3.9118492324311 0.66947117144103 
-3.634511265885 -0.46227619887863 
-5.7702831906485 -0.39858223690312 
-4.8926637136479 -0.83796312888195 
-3.5286616561051 -0.89708769426634 
-5.3408458558047 -0.21726463492459 
-4.8050689404307 0.050998824577495 
-3.828282629236 0.64325521045648 
-3.6793818543031 0.36184822310733 
-3.3693204081041 -0.80758619209191 
-3.9505494934858 -0.86957733880396 
-4.365717783503 -0.15039764787682 
-3.3869372498393 -0.41342597343447 
-3.4805327235167 0.071817534025105 
-3.4342125899992 0.2564084552973 
-4.378918869618 -0.12439903435668 
-4.2532720000084 0.12173546471954 
-4.229285956039 -0.68379650954257 
-5.5194884460246 0.55516083422111 
-4.9460863145191 -0.76881599908442 
-3.5461676228704 0.56938717136711 
-3.6477307175788 -0.53845799776465 
-4.8081347333801 0.68763478957096 
-4.7261652740001 0.65235596773063 
-3.6966271916221 0.65415440417928 
-5.523726862499 -0.078779688013884 
-4.8162173814427 0.25511155584819 
-5.5857124108095 -0.78158792994028 
-4.1163321449613 -0.45043814105473 
-3.2052820431066 0.69289087368872 
-3.2705757180705 0.35071576214802 
-4.5939660821895 -0.01897586649953 
-3.2401793777358 -0.086899241451035 
-4.1870051166787 0.39231242146277 
-5.2483166004108 0.42499833635891 
-4.4912830781442 -0.48171020669355 
-4.4772257731515 -0.025190721940775 
-4.333638467238 -0.49728855071075 
-3.4314435104223 0.55313553232729 
-5.0903446986208 -0.21922052917117 
-3.2436988176443 0.2797393932191 
-4.6671434280538 0.53779279723666 
-4.5663665532318 -0.5363329157582 
-3.7445189220943 0.26102902401134 
-4.1346772457702 -0.36307281022779 
-3.7352967234148 0.36886292230901 
-3.4410438398125 -0.45733039809705 
-5.6274027583292 -0.62163019631552 
-5.0524781428689 0.45703281572155 
-4.7059075925076 -0.79509496054486 
-4.0229312497681 0.56035888134373 
-5.6761142785031 -0.59236411299741 
-4.8560652430272 -0.43833608169322 
-4.3767722643086 -0.48583103508602 
-5.3109298868831 0.62716897501568 
-5.4819785515743 -0.14798359291239 
-4.382428967364 0.070825726092243 
-4.432099610413 0.045772400737695 
-4.4756009912814 -0.36379365975622 
-5.8435343010324 -0.3894278636059 
-4.516761138455 -0.58016953072316 
-3.500168435468 0.20618839803497 
-4.3838630973604 -0.68359942090994 
-3.4664941783684 -0.33973779364077 
-3.6293513686571 -0.48423721207732 
-4.8592803384309 -0.12472238827352 
-3.452527317362 -0.03410031327425 
-5.5870726100668 0.32494400690874 
-3.6996347373004 -0.0037796449260098 
-5.26611491367 0.17884480439058 
-4.7982178819201 0.70392484101743 
-3.6175483282579 0.2745535567632 
-3.2200436559902 -0.35124542785493 
-3.3992077709168 0.48721444821423 
-3.3601001167126 0.050442002324282 
-4.9505920143927 0.54764128405759 
-5.1093999853049 0.16202726451474 
-5.229302812491 -0.85359015346423 
-3.7457149385793 -0.23030214729856 
-5.8521663096438 -0.25949106397598 
-5.1938921161495 -0.71646778725022 
-3.752128785941 0.19885703655608 
-4.7427489061099 -0.63487850989899 
-5.6819202683031 0.53556649950798 
-5.7995097529959 0.070629864475132 
-4.1589328656632 -0.72219416104849 
-4.4263527346239 0.65314426697513 
-4.3314701466967 0.69608737131379 
-5.5602861317017 0.069670350477923 
-3.4125059886838 0.24377792220748 
-3.8830143648382 0.624735549681 
-5.2837045540887 0.56668747930052 
-5.5368504719263 0.29271395261679 
-4.0646017643068 0.19005326988923 
-5.2597909823122 0.3443076212973 
-3.8548679089028 -0.014340757830885 
-5.4812821965685 0.25872467333394 
-3.2355504552424 -0.52733055307452 
-4.3930695565205 0.34028729379312 
-3.373273151957 0.22789742921382 
-3.4420988182781 -0.14859446440163 
-5.007860458364 0.57258648374821 
-5.1067046282788 -0.75290407848898 
-4.5924492584854 -0.3423582811466 
-4.6387959131218 -0.4391917063313 
-4.5065066080088 -0.8796118639424 
-4.1729480833387 0.51972074286257 
-5.4913765591729 -0.37241659448023 
-4.3229332791673 -0.89274122116757 
-3.8899762154218 -0.038260794982398 
-4.9066724177738 -0.86693301454459 
-5.2868026786421 0.55533619907658 
-3.3529277394201 -0.14316532148262 
-4.1160401777235 -0.8915725935451 
-4.0943031455796 0.36888255755417 
-4.0104116234189 0.73663604037048 
-3.9134918923263 -0.50041948425246 
-3.3640114110884 -0.5989566982274 
-5.4659588690637 -0.87644286999375 
-5.699114622721 -0.75572042841653 
-4.3872921388922 -0.24717266949975 
-4.1053953642173 -0.76809230094821 
-4.3011039977139 -0.41584247059196 
-4.2261544566808 0.392620535326 
-5.048234750093 -0.7616486439748 
-5.6948139510636 -0.5926029613318 
-4.1366748184796 0.23503396235415 
-3.3451003849868 -0.50981637929913 
-4.7846704664158 -0.38609562532899 
-3.4064087100344 -0.088635818743319 
-4.5206068122633 -0.79254804470029 
-3.4916167519369 0.36522794623629 
-3.4208104655284 -0.74724497139752 
-5.8513481142913 -0.41119174999373 
-4.4128931549494 -0.10746931246111 
-4.0835761060677 -0.45403858870864 
-4.8664019321676 0.13340554714595 
-3.7378423473705 0.32221112143874 
-5.7401576718961 -0.019739689537674 
-4.4070168984245 -0.14482795158806 
-5.3147499622615 -0.36621611753214 
-4.1823122341215 -0.89320030145601 
-5.6548797407325 0.0154518080321 
-4.6460673588955 0.47292738490013 
-4.3801705808809 -0.054475319960903 
-4.312144877948 0.66577070126704 
-5.0272822688395 0.088313409524886 
-4.0101914720972 -0.76165626853437 
-5.0472630824494 -0.66608404726484 
-4.0098290565738 -0.20514922236258 
-4.9189971738752 -0.14559929892696 
-3.5198071410847 -0.027952775347494 
-5.7854145961607 0.66007889224371 
-4.0100776939844 0.54907873887736 
-4.2156954608687 -0.73847586542186 
-5.4633321036034 -0.74715485670307 
-5.040897476547 -0.30360965967908 
-4.8797416042577 0.60500253363163 
-5.0328158952917 -0.08373848969286 
-4.1594617676318 -0.09461273870702 
-3.4501793770661 -0.024901725758536 
-3.3727897091986 0.67950208830025 
-3.7953594144407 0.58752391499988 
-4.7130400046044 -0.49720800216702 
-5.0402856727047 0.26741680599012 
-3.2540802695103 0.092450843725161 
-3.7926890562209 0.63040816743021 
-4.0936931478538 0.24546803772164 
-3.9802199666524 0.2571395866863 
-4.6726294589519 0.36468895630363 
-3.7105396264088 -0.86827875651692 
-3.7472408301458 -0.23111261569759 
-4.9455829316794 -0.71720947120524 
-5.2188013442371 0.64518304358883 
-5.903933341919 0.6736823561779 
-3.611150926823 0.57599464495318 
-3.9184631915052 0.59082816420635 
-4.5034367476058 -0.80460825942401 
-4.4480000365318 -0.15287354073459 
-5.6691398480784 0.3333525331809 
-4.8605238995121 -0.52540287145071 
-3.3757019819331 0.59358340424372 
-3.6893758857712 -0.57190478955311 
-3.3391790553679 0.24797302487355 
-5.8745778128075 -0.84263757887141 
-3.7643796521673 -0.37707092789902 
-3.5459361424059 -0.72236762907659 
-4.7135122080155 0.62109292342631 
-5.2789917643294 0.46934957381643 
-3.6814697110906 -0.18829481336275 
-5.6569853006246 -0.46375669987088 
-3.985814663885 0.0050232310478027 
-5.2207201034122 -0.57313221254754 
-5.7649905978937 -0.17261023545379 
-3.8608189741561 0.11601925836267 
-3.7921656773493 -0.81902174358549 
-4.1404361407935 0.67259272351896 
-5.79260892847 -0.2794676796336 
-5.6609642709315 -0.27773117065662 
-5.1654748257365 0.1402229369329 
-4.5635984498855 0.63518094384107 
-4.1002437764524 -0.54026003664659 
-3.2871273555891 -0.22358270461706 
-3.6465042604116 -0.26473938132391 
-4.3079273415393 0.69066242263174 
-3.9879791605412 0.43303510607787 
-5.5847979939566 -0.68494759874601 
-4.2920359310663 0.69660889181924 
-5.3023492424505 0.40511690078263 
-5.8575056118131 0.45961502706193 
-3.3830125646485 0.086945097802041 
-3.7638749453944 -0.44653853123675 
-4.5727699832151 0.68712611541531 
-5.7597390301523 0.52653714431892 
-4.8875889580243 -0.28185410036264 
-4.6567899587453 -0.38975728678635 
-4.1596615012047 -0.67966415736039 
-3.6063219376866 0.16137010724469 
-4.9574353522119 -0.6666396774138 
-3.8666094313174 0.06160242492311 
-4.3745868110178 0.35604158626551 
-5.9259154943664 -0.6418890766157 
-3.4758109797793 0.12122330247067 
-5.4455721432436 0.6550708960749 
-3.845379611308 -0.53043305752998 
-4.7949455817685 0.64318965630678 
-3.7097292131474 -0.2031992572401 
-4.8420527513239 -0.126739853136 
-4.972164417067 0.58006007101962 
-3.8439545516081 0.54683446383208 
-4.6254077209784 0.27406187908526 
-3.881381265677 0.73587608188934 
-5.3534190321892 0.46190768232969 
-3.7196354793557 -0.78342775327467 
-5.1435511826177 0.45494264735479 
-4.0068185206626 -0.0028743685617119 
-4.8874496789329 -0.32361376727259 
-3.2975009778582 0.015484360850734 
-3.8776074499552 0.095748579673637 
-5.5219673518123 -0.51714167300459 
-3.9349020630651 -0.39720333284157 
-4.5437168336303 -0.20304338923385 
-3.2223480997698 -0.48636493763445 
-4.9375431897885 -0.38004724459157 
-4.5305416134015 0.29088305712101 
-3.4088742341944 -0.36856462315634 
-3.3809925000086 -0.11648623460475 
-3.3464873739077 0.079891083017969 
-3.925290859344 -0.51464659440972 
-5.5939681148585 0.33485748535098 
-3.3072739955059 0.29190410733248 
-5.6668538482058 0.56066512981358 
-4.3734530645867 0.099388735179464 
-5.6841150638699 0.16718106290248 
-5.0049091032675 -0.81337466175955 
-5.3767262450015 -0.14931706312374 
-3.7714095778863 -0.50081065703772 
-4.1631099853598 0.13737834551665 
-4.277897616689 -0.13835128776998 
-4.9044413816354 0.078423132282472 
-3.2610696901572 0.62544137176314 
-5.8527211319173 -0.25134913694474 
-4.6776428991959 0.36513408555166 
-5.1521730587334 -0.12317315080111 
-4.9431719849356 0.26131784709486 
-5.7103724648409 0.42379682122198 
-4.2820098953441 0.30430256122904 
-3.8972133265183 -0.5584106047264 
-4.6258932471055 -0.47883090755457 
-4.3340396201255 0.4149429777691 
-3.8445077117129 -0.48902623648763 
-5.400848976365 -0.66160390049338 
-5.6407995191702 0.027184651343519 
-3.2148813249472 0.69690699305591 
-3.4148434218901 -0.18979833488517 
-5.7793482523184 0.14241265391828 
-3.9369105186505 -0.047698387573386 
-5.2800262822762 0.31437982513051 
-4.8581264105357 -0.51574689280947 
-3.3618962293635 -0.069166380894461 
-3.2141542559721 0.020541808845652 
-5.5270921396064 -0.47209958117495 
-4.8483809825799 -0.49280998127114 
-4.3147961748774 -0.3090753490936 
-5.5523443652695 -0.45752785013195 
-3.990267187644 0.65267489049568 
-3.8460525030666 -0.22361662786515 
-3.3841462877207 -0.43316740148477 
-4.6404958576426 0.6960418906885 
-5.7272467693469 -0.1481616949914 
-4.9485865715877 0.69686718006129 
-3.9428271984476 -0.17046080996875 
-5.6253970662925 0.61636683898105 
-5.2733574636377 -0.20576320656391 
-3.9443765673435 0.35231178232861 
-4.2467197677871 0.23882652164311 
-4.8551289287016 -0.2518581980515 
-3.8121625752329 0.18583572857134 
-5.4898168109198 -0.061230475608208 
-5.7197987774761 -0.042114377390309 
-3.496836641631 0.64503617878001 
-4.8194072479863 -0.8020459821853 
-5.737317871845 -0.88389166156762 
-3.7500497686037 -0.6585586607175 
-4.2045700775025 -0.5489617599393 
-3.5753415155309 0.66025769072406 
-5.8951525138962 -0.23003465764934 
-5.7277447497187 -0.17168977973056 
-4.5849090303744 -0.32455058155228 
-3.3963475628254 0.46179086477035 
-4.2036130058628 -0.89741980262214 
-5.6776017366942 0.08505415467287 
-4.6296209030039 -0.7876920886614 
-3.9979586951992 0.08285388614479 
-3.8950420851447 0.079644086667876 
-5.9133198475608 -0.63823064330968 
-4.3010920201362 0.67059398307826 
-4.4951708496909 0.096914974189558 
-4.0996302604993 -0.17018442377903 
-5.3313407968918 -0.39702033374749 
-5.1732937658099 0.68341070907982 
-3.3364945799041 0.24012917217373 
-3.2384363351838 -0.25049375452279 
-3.5148630451204 0.23044591469486 
-4.5600646248094 0.25182093897352 
-4.645259271187 -0.16869860395975 
-4.5936612368727 0.65872188867139 
-4.0736549192801 0.63776510373743 
-5.886727740458 0.66406472173669 
-3.6969091197765 -0.61282744152023 
-5.869138237841 -0.55430005026755 
-4.5356417389118 -0.074300084159719 
-5.0585762032564 -0.36031064467678 
-3.2269796282808 0.099101181758856 
-4.7193470572588 -0.29322049499958 
-4.8879966766755 -0.87241144824098 
-3.8226173178328 0.53409106234759 
-4.1014397982321 0.61030078085214 
-3.3533448400748 0.60234593588766 
-3.4856279008797 0.10455508567306 
-5.5164770359688 0.17476789596082 
-5.6934111648901 0.47849403955393 
-3.9869382807867 0.17004664628402 
-3.6464513979645 -0.65145778752112 
-5.1132413192596 -0.34667586948427 
-3.6980740158153 -0.09973305059393 
-3.5274826091689 0.379555950779 
-4.3005891640797 -0.27955292533241 
-4.9540815304435 0.57185877442628 
-4.5103481171009 0.010278288841765 
-3.5724558608176 0.29277353008136 
-5.4304171528541 -0.85321699169576 
-5.0748690346846 -0.41016156918175 
-4.4299364831862 0.53014192714718 
-5.6991064680813 -0.20631991374584 
-3.7609736324708 0.44404388065934 
-3.4426156992252 0.61068246811276 
-4.7078966901068 -0.69631841117289 
-3.2782357788873 -0.49520064869595 
-4.1625020762119 0.69796584145553 
-4.9947472345099 -0.36158317607822 
-3.6249738345239 -0.077129875401242 
-5.5964781860839 -0.038880930544809 
-3.3147089115393 0.17896352431995 
-4.0368440466629 -0.11854517456769 
-5.2682586781141 -0.60689364651782 
-4.3008723914294 -0.50784609142003 
-4.9007657858151 -0.047170410441721 
-5.4068106296945 0.49859458788621 
-3.2066543662227 0.53606975737321 
-5.191605865726 0.26940513349178 
-4.5845863259247 0.54028851183136 
-4.6902619667844 -0.76778534478741 
-4.8834359517298 -0.85594094269745 
-5.671008938074 -0.50994101224229 
-4.9140594053515 -0.48312778875851 
-4.4006833299885 0.64094067209373 
-5.5280534608986 -0.2215852187964 
-3.5423655298618 -0.22798972201481 
-3.8910140186147 -0.64299599337193 
-3.8291155704884 0.13564379071677 
-4.5488300257918 0.060455824851052 
-5.7422540741999 0.16111149259424 
-3.6098854027848 0.46492794387818 
-4.7608909423545 -0.29471991739645 
-4.0035789436664 0.68690701653765 
-4.2012606088851 0.44294142531643 
-5.220530495052 -0.89081386711099 
-3.8086851379403 0.061946306155078 
-5.0515018191505 0.73990767474048 
-5.7697871250995 0.52768547516771 
-4.8862924669999 0.54179010165232 
-5.9168023683688 -0.14637017410925 
-3.340084375127 -0.36325074964585 
-5.0754519459438 0.29849269876247 
-3.6972809292491 0.70515039940827 
-4.5185053002081 -0.084115986628059 
-5.7582996792255 0.18572898268703 
-4.0703618207158 0.19710698744968 
-3.5117303472542 -0.3804999010265 
-5.3230779631094 0.22683798752546 
-4.9042107052719 -0.30763760373097 
-4.3570657235871 -0.53606934374468 
-5.4733258947513 0.18264542336827 
-3.9714239874757 -0.71499973773095 
-3.4506674008042 0.39236622991171 
-3.5253191793318 0.02622389108884 
-4.6375290388529 -0.042169001605216 
-5.0998892138601 -0.65174000966363 
-5.5425130341126 -0.27853650911095 
-3.9768375707262 0.39210965835625 
-3.883865996313 -0.77849199636294 
-3.5843361269514 0.22601084908645 
-4.7750287482694 0.019003919398913 
-4.6157002765945 0.61166825697386 
-4.8604975966754 0.1155334947207 
-4.0550685554917 0.75196391829595 
-4.7698518403015 -0.16663176233236 
-3.5590439312421 -0.020902864823426 
-4.8888802426561 0.33025491982563 
-4.6937570530045 0.34930059329623 
-5.7780449826743 0.4215026228223 
-4.938055043802 -0.73795208537478 
-5.4606252837032 -0.8871306998322 
-4.985659910356 0.37551830124039 
-3.4766280594248 -0.25371238285332 
-3.4723595675468 -0.61782875268186 
-4.8562525474185 0.29961333850532 
-5.3040306035687 0.095749011381955 
-5.1445690647019 0.21361598870146 
-5.3164134420575 0.1688637636871 
-5.8763381663122 -0.094358161971732 
-3.5157953525194 0.34355995706984 
-4.3808264168037 -0.83612687417799 
-3.973662646515 0.62070290788893 
-3.3930413658197 0.40366914479446 
-5.5160675944421 -0.57121123057218 
-3.3751130737212 -0.59335201648809 
-5.2953911604665 -0.55408874403817 
-3.2957821309138 -0.14232705116011 
-4.404215380575 -0.35526344551465 
-4.4331260092373 0.70519308827418 
-4.5316232395106 -0.39001926295814 
-3.3501574753706 0.080202146366548 
-5.75567701693 -0.39817818358001 
-5.6851883843421 0.47896634691868 
-4.9332970265251 0.20409034965157 
-4.3092029736176 0.28150017786518 
-5.6092558157459 -0.14290509376788 
-4.7261675901824 -0.62743603454584 
-5.073813376567 0.035431852773059 
-3.655353631308 0.1423311911127 
-3.6329791773597 0.038472055051194 
-5.4310151506018 -0.29109629359778 
-4.4268855824375 0.24872330302829 
-4.4299200559776 -0.11357550216847 
-5.6652839356001 0.48213001126982 
-5.6391802309517 0.67573442197399 
-4.5795769645903 -0.82604346517421 
-3.3493596599885 0.47158619701883 
-5.2486561617522 -0.87899156054107 
-4.6292915663803 0.038227795171582 
-4.3157935520955 -0.83887004201333 
-4.833383034227 -0.060062680858404 
-3.8410477437359 -0.10057521718073 
-3.7632786956994 0.43204270690685 
-4.4941739255555 -0.63692937432573 
-4.1489322270952 -0.50059927202011 
-4.1701657443836 0.70687605621639 
-4.7552765616202 -0.49154861763068 
-5.9007397045248 0.34619350149663 
-4.4872167727091 0.23914583111804 
-3.8970590502921 -0.65143408464913 
-4.8292724114422 -0.10336923164258 
-4.6798308868239 -0.76983594433404 
-4.0284201147368 0.31149010184475 
-5.0633426216841 -0.68880804141707 
-5.2160488275575 0.25808023876206 
-4.7256642966834 -0.85104036018016 
-5.6857973843105 -0.69961392884378 
-3.4996175628291 0.55267872513641 
-3.6531188922324 0.047874719750609 
-4.1779936701705 0.34473553178871 
-4.2386697159725 -0.43744116056869 
-5.8817040507515 -0.34907762814871 
-4.446384867631 0.46147198833204 
-5.50436297816 0.093457672802384 
-4.8064701005243 -0.8528197820222 
-4.1827704068488 0.39914623452824 
-4.4879441255198 -0.86118821685685 
-4.6435321157489 -0.5323954381104 
-4.5897500597236 0.71361984077066 
-5.732799832338 -0.86969542308325 
-3.9920916359316 -0.27532223723447 
-5.4140021829471 -0.7769547738455 
-4.8793592650143 -0.41399761586394 
-5.4188368374729 -0.88248015107761 
-4.5867472350741 -0.83781508962122 
-4.7211117271537 -0.5958913905656 
-4.025354568711 0.1596964172326 
-4.2043467445411 -0.4111913583706 
-4.5710263984074 -0.65715800789483 
-5.6359327568968 0.30048045010995 
-4.251608130225 0.2759474645295 
-5.5327625414269 -0.42948109510534 
-3.7356504227401 -0.55174001527397 
-5.4981586276132 -0.17610347430251 
-3.2025017841855 -0.11038915923973 
-3.3191062374445 -0.3214836769076 
-5.5117687455043 0.40027150175426 
-3.3451231249936 0.64414469803068 
-4.8850177828118 -0.095599623765823 
-3.9625694284891 0.52745909066539 
-3.7514066869781 0.37517710555395 
-3.2837593348913 0.37806865382677 
-5.1636721493765 -0.84150728336142 
-4.9254272804548 -0.75285221870726 
-5.583827027973 -0.26423057040163 
-3.9975089751342 0.66634296013312 
-3.8240113137582 0.20639649917087 
-3.6083852670243 -0.62439748226416 
-3.2136281171685 -0.80352392163432 
-3.2948953099097 0.087275693338666 
-3.965472546703 0.17723035656509 
-4.9538442638209 -0.089626667586853 
-4.515673498615 -0.24737685250569 
-4.1787535315029 0.64846592983563 
-3.5905145858065 -0.88211315251366 
-5.5706639244996 0.38761122525339 
-4.9165893269768 -0.092327726239213 
-4.9326443772353 0.013938866269352 
-3.9575688845147 -0.12325576255257 
-3.5899812123927 0.66435847924367 
-5.7684686352198 -0.10558689262138 
-3.3887180330313 -0.54090708424648 
-5.7416513650436 -0.47091954164931 
-5.237219623304 0.51715052258389 
-4.4436056971616 0.13897140632698 
-4.0712806000197 -0.079142710433623 
-3.6377466364286 -0.11204461462761 
-5.7481268467623 -0.46546496246921 
-3.6964680275287 0.23300119968203 
-3.7319525780271 -0.50659604662249 
-4.0360457149855 -0.061532381659308 
-3.8958782136406 -0.358283639529 
-5.4944432389263 -0.26512651068611 
-4.4904788593487 0.68444480113501 
-3.4165097022346 -0.54132710978347 
-3.6676623106681 0.24626684733451 
-3.8670899432774 -0.19934607505691 
-3.5642440373004 -0.23892259134369 
-4.4628286305837 0.30923697088192 
-5.2978936382644 0.47441265252811 
-4.6469012605354 0.72717568772674 
-5.5403601743953 -0.70471978906023 
-4.6172434341279 -0.53502090605939 
-5.413130900836 -0.21510117177603 
-3.8678549187711 -0.63191177969367 
-5.1759167000939 0.10617326985562 
-5.0146287802627 -0.80754836776213 
-5.8655714848542 0.68733833858985 
-5.0446619442439 0.46022040704853 
-3.2620251747268 -0.088486133144291 
-3.4468261687387 0.13965033409706 
-5.8072146082803 -0.10495630321287 
-3.2914438950239 0.6773047656983 
-5.7396693799757 -0.85315881026499 
-4.9118628596249 0.65360048399521 
-5.7028610823099 0.32736102527269 
-4.4383742212387 0.50207165578548 
-5.4785885547376 0.0079029364131893 
-5.2641343669172 0.35263049208282 
-4.4779452322585 -0.0080624056230393 
-5.3996317020834 0.23265877450183 
-4.1699965419555 0.12264279145421 
-5.6118908308483 0.51009365608156 
-3.7995063143461 -0.17732862516566 
-3.9006063582058 0.4692081692431 
-3.4032016848093 0.37003028961254 
-3.8904709022494 0.50990742157833 
-5.5317283426973 0.52689238706241 
-5.4536417739265 -0.36870917091519 
-4.529735998189 0.46074628978106 
-5.8176554394887 -0.61191288826484 
-3.5031554567517 -0.76868646920803 
-3.7532671627353 -0.84492978812682 
-4.0473520037981 -0.36062013140057 
-5.4747097253735 0.74693503535417 
-5.6811390890977 0.58784677660801 
-3.5587287806638 -0.42502180658089 
-4.3407252156343 -0.1096964265708 
-5.939790376526 -0.88655345228192 
-3.2281056258488 -0.10789417012511 
-3.2167476285762 -0.11853765501018 
-4.5415050999482 -0.75136378187413 
-5.4242175539919 -0.057349222499655 
-4.2167627594226 0.42459964997862 
-4.4670600762347 -0.33385894819068 
-5.1168839520911 -0.48736721181747 
-5.3319492056745 -0.86213874755811 
-5.5171726062792 0.7537668762273 
-4.0403039916639 -0.33115850742156 
-3.2935742375212 0.37031442133355 
-5.4600060088555 -0.50515932117111 
-3.5042657508287 -0.62071603998046 
-3.5185384121815 0.6776665420368 
-5.5332767993072 -0.025667605469403 
-4.1239740914533 -0.70292962556161 
-5.7264810282106 0.040037865453426 
-3.8775211493841 -0.45988676145466 
-5.60486701308 0.66709970750099 
-3.388731571952 -0.868061228246 
-5.1866098252302 0.21737226820103 
-4.9119660072036 -0.082593628250332 
-4.9353555434038 -0.56166915648941 
-4.3418733470005 -0.50359460795757 
-4.8728122113551 -0.59396014862699 
-4.2800506701656 0.39559274423758 
-5.4235947806931 -0.65670868937652 
-4.0480394708079 0.03150258498102 
-5.2569937096288 0.43389447918174 
-4.6771766713852 0.38643331359753 
-4.8966862117576 -0.21366796986378 
-3.6976051551556 0.72992912067171 
-3.6060349763457 0.44863961905968 
-3.6890924719582 0.74372383118312 
-4.6322795204578 0.17235543303253 
-3.2967749591418 0.31387995845278 
-5.9313600082487 0.55179150194385 
-3.9063267388375 -0.60798998108478 
-4.8398669702704 -0.33093367069421 
-4.6810620602568 0.099225974664797 
-5.4877358281997 0.31556000945829 
-5.0358035493465 0.72149385055837 
-5.3827936631875 0.53931505054833 
-5.6866884419172 0.5476236268666 
-5.1398521190957 -0.22426255773329 
-5.0086204291325 -0.50582998857549 
-5.7632620507281 0.73143854294419 
-3.5079303506094 -0.35001871769619 
-4.9797902639725 0.55232904727531 
-4.5015470891031 0.27604908437029 
-3.6664128054171 -0.035363636051265 
-3.2870185940765 -0.28344134583911 
-4.0483372340206 -0.77871976100412 
-4.9244699642264 0.16042932006407 
-3.3048231443218 -0.14559635141393 
-3.6145304464849 0.4384494041159 
-4.7056771818014 0.41801327261136 
-3.2131012596778 -0.50312549297193 
-4.4448329602797 -0.039899445359545 
-5.1796000811241 0.46972254322816 
-3.5101068223371 -0.42026571688509 
-5.8622336907974 -0.20289745594085 
-5.4929952733921 -0.55143002520889 
-5.6768123945354 0.0041038714341694 
-4.5132129487455 -0.4281104782908 
-3.8728565255859 -0.28962618921609 
-4.5735658323835 0.53858483739604 
-4.710675670588 0.68486914702673 
-3.8576718186857 -0.81829341576771 
-4.4821252363585 0.20415269725817 
-3.548643916224 -0.36009977477155 
-3.6732733109647 -0.16739877182301 
-3.9070667064127 0.1799476886478 
-5.6836189505397 -0.30476300976083 
-4.5178301069828 0.24576487178418 
-3.4445061888327 -0.44388868713919 
-4.5443822101982 -0.30116240576824 
-3.8814344883352 0.51082697989162 
-3.4871855353 -0.72018697185314 
-5.3841863204464 -0.38896118184994 
-5.3338869075777 0.59804135095957 
-3.3861213658842 0.45527909309941 
-4.7572240565611 0.32352207455666 
-5.2310261336035 0.45314706582518 
-4.3231195236183 0.48206804869883 
-5.7280974895332 -0.69455234594116 
-4.9849670329462 -0.028626330217662 
-4.0755922679211 -0.70394473705934 
-3.8719880395396 0.63206664510393 
-4.8397960147304 0.61946692188179 
-4.2273557458511 -0.67176007412566 
-5.3103074654255 0.46877283337605 
-3.4867813150733 -0.64532507557685 
-4.6719007040162 0.52061118072275 
-5.1698515226716 0.51448008484289 
-3.4811280141717 -0.25650970957691 
-3.2259978937728 0.026481746401775 
-4.8823110645275 0.2482065823995 
-3.7427351275322 -0.010057280989074 
-4.7910877733736 0.19980347244455 
-3.2445851736421 -0.10943423968313 
-5.1895876261148 -0.36892221409542 
-3.4758747044316 -0.41201366572921 
-3.5227407575103 -0.17637266819957 
-4.0743482127002 0.63546567642602 
-4.4543961560775 0.56584356833803 
-3.9756204424925 -0.35326903417951 
-3.9603234996745 -0.41734881080955 
-3.8945370919973 -0.67063391095489 
-5.0785253560051 0.35115102212602 
-4.4503563084259 0.033376419980609 
-4.1318359070363 0.69623438385544 
-4.6217942556294 -0.084274170620961 
-4.6636318887157 0.020860298437373 
-3.910561383465 -0.27332886496898 
-3.4717731327805 -0.12393175326158 
-5.8109663379527 0.36388893487912 
-3.4049676939605 0.54638113122169 
-4.8609724679555 -0.60826961784084 
-4.0066366933798 0.5360722899383 
-5.0233653040989 0.32303114596591 
-5.8899175779917 0.19851447157747 
-4.8493928226125 0.42302496401667 
-4.945056147226 -0.15081990550158 
-4.127385136489 -0.11277588820673 
-5.7157944500747 0.61277320265489 
-3.2746387682763 -0.079999794311307 
-5.1351007224988 0.19114046746547 
-4.6609899774019 0.75450570650875 
-5.2028627788779 -0.047938358805228 
-3.6886640762379 0.30431197526717 
-5.3963953098115 -0.22187452477423 
-4.3190175409076 0.13746014837064 
-4.2319775233742 -0.57351459303676 
-3.2482751676197 0.37468916953419 
-4.6502311102007 -0.63678599095695 
-5.5978260521974 0.051770916538647 
-4.1584132028578 -0.007476343856589 
-3.252448004855 -0.041826520922047 
-4.6242947977906 0.046402858931032 
-3.7524587924566 0.34090189380591 
-3.4200709082513 -0.30789879872323 
-3.896132837015 0.24094927444128 
-4.0915636563941 0.71734323676378 
-4.1428657635445 0.11441645335839 
-4.0554148313234 0.38498639523187 
-3.7245407420914 0.64683102399431 
-5.5665915795403 0.52340886257865 
-4.9205050185535 -0.82885986161244 
-3.3379372660693 -0.51249580627221 
-5.4312448376737 0.4489040472134 
-4.7466024413772 -0.67467896305653 
-3.2801724835764 0.52858323814473 
-5.7866374265605 0.0011643372330515 
-3.9203622724252 -0.79403430030813 
-4.3376376428871 -0.15158276867989 
-5.8129195669528 0.71624503851805 
-5.9122817582034 -0.39550309412019 
-5.3479084068646 -0.82720554133047 
-5.478405715876 -0.13987953836638 
-5.2831553106055 0.25020731050703 
-4.9610357586238 -0.40142790863905 
-4.1824795233885 -0.30601351107044 
-5.6685233626912 0.73508213066555 
-4.2705661724256 -0.18998071561226 
-3.3328766203671 -0.23560136558779 
-3.2451017110236 0.59624571006321 
-5.6026756417819 0.35623239951882 
-3.3769861991206 -0.88357973608007 
-4.364482911029 -0.50811061329536 
-4.5409825379298 -0.17935377561262 
-4.745881045664 0.68418443642179 
-5.3482747188872 0.31126896275745 
-4.2013531859602 -0.80354417347296 
-3.2183285083548 -0.037264486135724 
-4.8056874591624 -0.2834491353166 
-3.4745569906773 -0.30093386313014 
-4.8298454131968 -0.65322363882998 
-3.692491210483 -0.097709193322534 
-5.8347484828609 0.23337137472406 
-5.32383230103 -0.0016303272050739 
-4.6951422643512 -0.47846999315447 
-3.8180420221747 0.61264988328519 
-4.0469850232547 0.50891655549881 
-4.9512463391017 -0.78067131906923 
-5.7443691923867 -0.77743023567622 
-3.6950449858019 0.31599943536014 
-5.1887013044329 0.21636179714211 
-4.9654237285551 0.69589244909249 
-4.3523902163057 0.50080087826512 
-3.2499968582054 -0.56080537380062 
-4.7820010416639 -0.087225927713953 
-4.9822399979861 -0.22288941419806 
-4.8525573281252 -0.22877895893414 
-4.8863127781805 -0.37719125230341 
-4.8869211945489 0.30855598530379 
-3.3972139947389 -0.29203290032455 
-5.4915550152928 -0.49698588663308 
-4.0639759249521 -0.25630853425587 
-5.1602917459207 0.69286433858285 
-3.4308619753959 0.39324742043608 
-3.7267903728398 0.3915231482563 
-5.3530859433847 -0.12956313225221 
-5.444160437233 -0.50566500504607 
-3.5128027284191 0.43323153710029 
-5.1707541511933 0.095057515879597 
-4.0684487677116 0.12125881992807 
-3.4796611238591 0.37424165410877 
-5.6768581016047 -0.19270243438383 
-3.9211083803883 0.1077046515143 
-3.3988562006581 0.40373644822941 
-4.1614469978306 -0.68652987901362 
-4.0647725040075 -0.38081445443463 
-5.5586531259518 0.48296377565368 
-4.434510002395 0.051922286959034 
-5.5294041522766 -0.55498654131269 
-4.2460669953056 0.51469398491346 
-3.5197124168364 -0.11363223755316 
-3.444523124616 -0.4632238039021 
-5.5742917035982 0.53855941463489 
-5.9192325154577 0.0941622094642 
-4.8679597730117 -0.24677650484118 
-4.2010133640064 0.070600024113997 
-5.0549234881134 0.26008903126917 
-4.1074272435395 -0.13112022128086 
-5.1921967660234 -0.68831347964624 
-4.5004664755317 -0.29673949229041 
-3.2084170764756 -0.80958427753034 
-3.2275975578407 0.61192113759425 
-4.5073138413945 -0.63093702555147 
-5.5675985173609 -0.65776011532242 
-3.4936315151388 -0.23828835893645 
-4.2598362563586 -0.043162755645976 
-5.0118724189405 -0.67182203217474 
-3.3198515459102 0.16667482075145 
-5.1505074146161 0.52918865665057 
-3.2294194425748 -0.81030687402758 
-3.2340926691461 -0.13142860487454 
-5.0920679793809 -0.725111372131 
-4.6236687244206 -0.5572864492648 
-3.2471417862057 0.090524996557544 
-5.2521903518326 0.62826024138528 
-4.7721807702296 -0.79436262197937 
-4.9789985913332 -0.80457964037301 
-4.0480534404779 -0.88308739316019 
-3.5527260498328 -0.2885738406394 
-4.7558190509949 0.59607158217159 
-3.9433655613365 0.22322253854175 
-3.4758691487769 0.0074196432730953 
-5.3545038855318 -0.43533356213555 
-5.2465745286794 -0.19068000871913 
-4.1486152185749 0.24123514242759 
-3.959638058048 -0.38962784134173 
-4.4526870976477 0.41178264544683 
-5.6434058053413 -0.1675024918289 
-4.7325603904896 0.66114413047562 
-3.8886338148391 0.16753233258131 
-5.4043026356576 0.50927756348168 
-3.8193650024464 -0.50422867086606 
-5.7598658911171 -0.074316179174151 
-4.8079323253483 -0.52282888055429 
-4.7380688597121 0.1824107952521 
-3.5358858755329 -0.85741673723425 
-5.0145939472553 -0.013768952029042 
-4.6019811381171 0.41981472356476 
-4.4537830904622 -0.085505487747998 
-4.7590639088254 -0.31924960030026 
-4.7595333182226 -0.43139023505189 
-4.0610171979499 -0.56273367009961 
-4.5624510622389 -0.87833292573571 
-4.1326334604519 -0.25666932579547 
-5.2072742909477 -0.045640982337637 
-4.6490301109169 -0.36708753157131 
-3.8544840582609 0.68487307573681 
-5.1688300020329 0.52659643933825 
-4.8159932324093 -0.25134532707509 
-3.7713672640146 0.4280527130241 
-5.0995626744741 -0.28829235200089 
-5.917716530494 -0.30820287644272 
-5.3022820198727 0.39238862246028 
-4.3444807683042 0.58502854984706 
-4.9203695199615 0.19786303509816 
-3.7323573423959 -0.75978149339704 
-4.6897841536262 0.14896591655075 
-4.5821137529238 0.72948294429683 
-3.5263147442686 -0.64708995840044 
-5.9065398375786 -0.05626230117805 
-4.5303295092812 -0.71494184405327 
-5.3863907369502 -0.094252376616156 
-4.9572333107611 -0.53745856435239 
-4.2410911631522 0.66868726921848 
-4.1003622168873 -0.74062177544599 
-4.2869749079979 0.2654839775591 
-4.0875721118693 0.67084342466531 
-4.978964162253 -0.18513295446349 
-3.641647094747 -0.44302612664569 
-4.6557252886184 0.45075122791961 
-5.0658351764911 0.046270781610856 
-3.7517848859275 -0.21979289101025 
