8.5192599225625 -1.781609846868 
6.7266811039354 -0.98768263389853 
8.3707228978773 -0.68365287376933 
11.903735880861 -0.56504433633375 
16.46826024795 -1.3170779910324 
7.0804528536326 -1.7932458816961 
16.501938172838 -0.46037164046259 
6.6997817204243 -0.80152660817218 
5.6574549289422 -1.2416495754305 
5.8677244956588 -1.5464287591529 
7.8383636231247 -1.0847408085657 
8.7869293324912 -1.8696073610164 
13.61892426284 -0.42927878209572 
7.4300452756736 -0.55986556847938 
7.6174740991712 -1.8045652259789 
15.679922026524 -1.3641802059066 
11.749910519111 -1.3269515064255 
8.5144645913072 -1.9325481488407 
22.965362866278 -1.7717455133043 
8.7354844787679 -0.60219668651804 
7.9775280415147 -1.2356243552622 
14.488144910456 -1.1813782507969 
6.9911757763973 -0.99317178299514 
9.9110101812824 -1.8263669331714 
27.756946611035 -1.0925441639702 
10.41383906636 -1.7382869006397 
7.9595074866752 -0.48635641993166 
9.9305483178697 -1.54168181056 
7.939373532946 -1.4933765415278 
11.471114672472 -1.2671315946393 
12.848273305436 -0.69742112095139 
7.5407316814294 -0.76922624262112 
16.491965079311 -0.59476869341543 
7.6501812526407 -1.6793696806496 
6.7043412607817 -1.4421042523213 
28.532804746016 -0.90755271712665 
6.4982564085911 -1.8349407277676 
5.7691602524639 -0.61302985033814 
6.3067601157375 -1.0762745704927 
8.9967426742881 -0.97620539140416 
7.8528668237682 -0.92786235274843 
12.156902405435 -0.51520040745118 
6.6628525658447 -1.8879297494662 
12.308487263327 -0.59613588256221 
6.6749386733899 -0.94876464933366 
15.220032836835 -0.67027527464346 
7.135014339229 -1.7123875773766 
12.223096740525 -0.56030066637213 
8.3411406684326 -1.5760060127033 
5.7224524073708 -0.87626122658137 
5.8916064472538 -0.64849369353377 
8.8840975856882 -0.83000016619221 
5.9545402573921 -1.6109365698248 
8.0445389757135 -1.0309725627128 
13.653466628082 -1.6677689436919 
8.5701917405792 -1.3397321668819 
6.1121484398082 -0.67278077647632 
9.8052004574575 -0.96212916997243 
5.6699129843776 -1.2351366185544 
11.973741443105 -0.92345874047304 
9.7070624344664 -1.4470468231518 
22.764504269273 -0.46394531341864 
5.6028736434191 -1.2082432394968 
11.620817774987 -0.57592258473342 
14.220210043011 -1.3148493652754 
8.9623912092731 -1.1812374039382 
10.181222512487 -0.58488886178882 
11.090508819073 -1.6786177858541 
17.728173627479 -1.7539596897486 
6.9123943382563 -0.37344138363895 
5.7812929693806 -1.5032388565404 
7.6681699546297 -1.5024765101986 
6.1688630451064 -1.0324535646966 
7.0083668948236 -0.86718734354034 
7.7384345648366 -0.63664855357921 
9.2229150149901 -1.3660504283521 
16.284581622029 -1.1201764388896 
5.8564430913441 -0.45809204574041 
6.0350042343987 -1.4373027527796 
10.500002845347 -1.0331152082223 
16.109964375042 -0.60047636912173 
7.5232659831179 -0.79575524360501 
12.842932300929 -0.47917353781817 
14.717729164436 -0.60577375966693 
8.3256662641831 -0.59825557358988 
6.7176657659377 -1.0103254940346 
8.0092090551397 -0.63052844444118 
7.7750368081368 -1.2581695724482 
9.578529745739 -1.8484458946927 
7.1088311486501 -1.3136441269427 
7.4559826258315 -1.1673603385637 
18.414285856836 -0.58982691970432 
9.6873643647852 -1.831210707762 
5.6694222179439 -0.62193709201949 
6.1354815926325 -1.9233745671525 
8.5210348003457 -1.6542618805466 
7.267303772796 -0.55566176835007 
7.1994523479632 -1.4442706093083 
6.9491407636837 -1.0773597714395 
10.600941353696 -1.8502046961758 
12.286308646824 -0.5474619861766 
6.0857149884043 -0.3989215111247 
27.854097917163 -1.625603711142 
9.240696450549 -1.6553957909034 
12.567003398688 -0.95402439932617 
24.269677520699 -0.86165439362888 
6.6856579587474 -1.353524909182 
5.5811121577129 -1.6835758877802 
15.330890378653 -0.46426957219312 
5.6796997417014 -1.0688698457262 
12.318723021247 -1.0855902048199 
5.9342473884322 -0.48837810164088 
11.253304461534 -1.314579665485 
6.1806522161366 -1.4474328357758 
13.246801760143 -0.54646487957728 
20.609233646065 -0.65864623967558 
6.6656602305611 -0.50531880725369 
24.412637623651 -0.51576924158081 
7.3148479685355 -1.3142759996843 
7.6061047669399 -1.1496435244512 
8.6736941230727 -0.9303311009669 
6.3995346408013 -0.6906418799842 
17.005391690676 -1.2587416366741 
5.9082326319236 -1.4557744264645 
11.514884960257 -0.49518978860523 
13.952319541095 -0.93262789372537 
6.0860822548125 -1.1459473534963 
15.28118755006 -1.5598497198675 
6.5436863960145 -1.9276714658282 
9.9765463111841 -0.7635549069484 
15.572743718966 -1.1454334895336 
17.382922814492 -0.95942843449222 
15.904747802539 -1.7618248825579 
7.1688880969316 -0.80340556010444 
5.8004131060659 -0.7293933090408 
6.0482017537561 -1.1933899982525 
7.2311134803781 -1.7593144174357 
6.7131096274071 -0.3768948294916 
9.0168804696774 -1.8642734974647 
6.0383522674957 -1.3125616117138 
5.6790136988372 -1.5837522528742 
14.125135492644 -0.67737561968231 
7.1966276321878 -1.5784630528678 
6.6033724634735 -0.98174560598066 
5.776491495663 -1.3139888385869 
8.5379140623114 -0.54720103190241 
7.5930635546983 -1.0444673355397 
6.8348355154831 -1.1551944786231 
8.9415236672218 -0.89862986169518 
5.749044767673 -1.0234668977769 
9.3745589732664 -0.94028428093169 
26.414752179142 -1.4911138786145 
10.797117628001 -0.506018839927 
20.424558076991 -0.73626059821319 
6.2898140352637 -0.54720064506796 
7.3484321334758 -1.7968896284729 
8.8481340296786 -0.94302680957754 
11.222907288699 -0.92400302835779 
28.458389280237 -1.0946680820738 
5.7529564653046 -0.69875193943211 
21.056728227572 -1.4033693650076 
7.0761346335639 -0.54229165419452 
5.6424345028763 -1.6128018763836 
12.45528337717 -1.1343410219014 
10.23677018987 -0.93990606262825 
8.0602149850454 -0.47287872899042 
6.6146662879042 -1.4102638782299 
8.3354365784724 -0.46823006861411 
16.286575672434 -1.4669466302121 
10.426812625528 -0.76452110038147 
14.155131614927 -1.7201744485125 
9.7651351552645 -0.49017632984678 
14.874583307646 -1.7682231010854 
8.1997741595429 -1.3348104425242 
10.887015842498 -1.680379376603 
7.0061565705239 -1.4445959651992 
5.5802700744585 -1.1419389230767 
8.1343051714866 -0.43517528704218 
19.129836426471 -0.73584000644385 
9.3338090252918 -0.87039562825913 
6.750368383577 -1.6757186422051 
10.271019883089 -0.64364872380554 
10.205784325723 -1.7585079536079 
6.2618293513554 -1.8575779279369 
6.3326056800884 -0.40379844040066 
11.900724561552 -1.4968107419931 
5.6924423621412 -1.5734914875518 
9.4489314153779 -1.8767733540736 
23.661518035717 -1.4203089255786 
10.139276695054 -0.81897577530263 
5.6398184125246 -0.83407313770079 
12.363457154277 -1.1348677125188 
15.802145272341 -0.74868347791594 
6.8061294074813 -0.73003034385839 
10.685149507275 -1.6949894592505 
10.138326836406 -1.2647843767092 
10.818274930617 -1.8573506898985 
7.3936435689771 -1.3653052596065 
11.255550738436 -1.5528420359916 
7.7589188318151 -1.3018439813752 
7.4783815312499 -1.6190570041369 
27.866041471303 -0.67587081113125 
7.9465009634344 -1.3800158376862 
5.8682198040711 -1.0232550831223 
6.442692742423 -1.2182597388043 
11.767824301328 -0.69199860717205 
6.714177219398 -1.8631514989476 
8.3562379371393 -0.42480110814784 
7.065913829926 -0.89119898876587 
9.6586031319948 -0.95893917993027 
6.4992547096369 -0.39336670329459 
12.491313057778 -1.6085514057073 
7.6473540673918 -1.6984823965719 
7.8574399565937 -1.5633261752738 
12.008837384474 -0.94650369434551 
7.7625152433547 -0.5485262077959 
10.038624542607 -1.1912134721628 
7.1513719821944 -0.67346813303541 
8.4212533211044 -0.47421213520819 
6.4929220970138 -0.48976346778906 
13.839883793595 -0.96087168165161 
5.8989218092641 -1.3434248135702 
12.374622760728 -1.5673323748038 
28.61596618655 -1.1007293671351 
6.1119057484881 -0.4551558742981 
27.254769181526 -1.2783283268571 
6.3391061057001 -1.7853941834791 
5.7171219480375 -1.3275957385257 
8.469061834963 -1.2070998283401 
7.7076112964639 -0.86406087246738 
28.245980253156 -0.89838897642621 
9.174111104133 -0.49665808062063 
6.5205865262542 -0.84803264750483 
12.025684107737 -0.80949330402719 
14.867802261155 -0.83645352759691 
6.9270008157036 -1.5355121368928 
7.3475961263976 -0.83127331166428 
6.7855014038106 -0.73482401943926 
12.772509219406 -1.3841712912475 
6.235595860958 -0.91814896006794 
22.190905803037 -0.85055637166997 
24.894252409373 -0.51571428741739 
11.919581472256 -0.52442202064583 
7.4929207610396 -1.2087075183831 
15.117840900728 -0.3725133270555 
6.4732325806223 -1.9053538159284 
6.6603837813329 -0.83964296916647 
7.3712602931786 -1.4554595601048 
8.7795207576254 -1.6465405572275 
8.3016265368984 -1.3002217614109 
9.6281675993132 -1.5942484338227 
8.1246864298279 -1.0862597553751 
8.5762902268888 -1.0325193809109 
9.921607196394 -1.2939015479809 
7.7021435337603 -1.8525768767557 
10.783869164863 -1.0746194322657 
7.649334870925 -1.4764801809512 
21.885175374902 -1.6109961271507 
7.6240124986824 -0.72850953772195 
13.944194632007 -0.59591665436509 
6.7967945976149 -1.0898949746587 
9.4325237376462 -1.5169154231833 
6.3036594589383 -1.4671213182173 
19.985019807367 -0.6006170854991 
11.936669454848 -1.6516046723632 
6.9082569894522 -1.4872863964423 
10.798143771318 -1.6926476851734 
9.1738211012973 -1.3786553620987 
10.266660048177 -0.71652086837626 
22.744549914067 -1.2139636497718 
20.606277323273 -0.65709394770842 
6.4843382389248 -0.92196861092025 
11.40390882716 -1.3681611084454 
6.5934636233906 -1.6599674942852 
12.298370466721 -0.49054796829866 
10.906373074828 -1.3043323809327 
6.2431846876872 -1.3494086960949 
10.643548944416 -0.77753442162694 
7.6285726909672 -1.5797828094055 
26.499081006236 -0.82303042313667 
10.305318056933 -0.48671943449076 
10.414721604283 -0.46632450484378 
6.2990759918876 -0.36930123741902 
10.784131236912 -1.3533919692227 
13.148461159681 -0.44060962125135 
21.475767155571 -0.75646552629834 
8.7115781255203 -0.79596026820953 
12.371066313713 -1.5557927068182 
7.9538553333176 -1.5525370688703 
6.9577925329752 -0.7305617267138 
6.4634397121266 -1.8642641682406 
12.583106369116 -1.4096353737729 
10.465448000608 -1.648208915533 
8.3015866781986 -1.4921266636173 
23.865870653236 -0.58492767949968 
7.7210012447881 -0.63001919289101 
10.123277689282 -1.8450753146593 
8.4915340815599 -1.6891901759141 
6.6426661837299 -0.97157023792229 
9.5321020669939 -0.65038378046678 
14.422805118377 -0.51238039756088 
17.200166876236 -1.3638762094253 
6.5103465567508 -0.44623487385773 
10.602457748407 -1.840444636561 
10.745769362483 -0.71792322408358 
9.0327171761229 -0.98704011254886 
6.3135982591163 -1.6950109678283 
16.863996023319 -0.93044935961362 
5.8971927014294 -0.68996686686858 
11.958269939354 -1.6430534540121 
14.170037270645 -1.8809334685753 
16.596517038062 -1.4857834390207 
9.0847209066124 -0.48758068260399 
7.3101485821182 -1.9054474063692 
8.3307700625709 -1.7111025436464 
6.2368906572878 -1.3276677252494 
8.1559314731976 -1.3305546545128 
22.164643045208 -1.1277723520762 
8.5104970980976 -1.8181336998253 
8.4779114929055 -1.1796033697926 
12.525459045462 -0.77998261474101 
28.563272532017 -0.96348883533221 
9.2946407542464 -1.6282502907404 
8.9365578658698 -1.1683282117503 
9.374097747166 -0.51040714708621 
25.016989157592 -1.0260653625579 
8.3311193004616 -1.6170351675583 
5.96292873973 -0.54299708898483 
10.169969388979 -1.6269355289586 
10.211104608827 -1.3099663481085 
9.6705909642756 -1.6615183629235 
7.0339994530759 -1.2022117109084 
27.696001978914 -0.90236734795438 
7.8385086182667 -1.0441009438952 
8.0094252023988 -0.8230958833594 
5.9774082521718 -1.4099572194726 
5.9746321506701 -0.64732854218202 
13.253175629993 -0.72352864251978 
6.0533903855875 -0.50937418567579 
12.412054050106 -1.8467030037129 
27.34336312582 -0.94274988003597 
7.3014175239859 -1.4933253138206 
13.132931631628 -1.6078323452894 
9.8105602917068 -0.97850361173561 
15.165350233511 -1.4184616805105 
7.0474965026924 -1.6912498708838 
8.8123086075132 -0.64418600681874 
26.863986614527 -1.1401248834174 
22.106323323897 -1.4069168617579 
6.0354057633848 -1.7927300448558 
10.610029906392 -1.5025087870552 
9.2177205658438 -0.80059336894537 
15.630799055444 -1.8532938471958 
12.429273034043 -1.7878465649217 
29.236579231673 -1.0159847092197 
6.3363287469501 -1.8761396168745 
10.976883413825 -1.4106544077669 
27.192301083907 -1.0448320851064 
13.189624442021 -1.0864715866253 
18.631533280689 -1.3473469756757 
12.079663406124 -1.6699889163895 
7.6048265207116 -1.3179099738897 
5.913274867725 -1.642230715702 
5.9397895265355 -1.7909490002013 
7.3588455240101 -1.193770498938 
5.827594560226 -1.0886009519126 
9.1013072299007 -1.462552892929 
13.107897130733 -1.4720453090459 
14.744400133101 -0.77383019981634 
6.985523446075 -1.2557660973094 
8.7935951136145 -1.0277835094648 
6.4275245469338 -1.7263279864514 
24.787337716494 -0.89941639818174 
6.6208015829344 -0.51856054413878 
6.149968533611 -1.3488375631047 
7.5209759391048 -0.58448120192664 
11.21391035679 -0.60932918738769 
10.84214125349 -0.96044142608682 
10.451948154192 -1.5806236883322 
7.8322975230478 -0.83288347111417 
8.9078676376861 -1.7910224254033 
10.211295477788 -0.59803926651278 
6.0754063437483 -1.2376205775381 
7.6091865715987 -1.7193208792626 
5.5745129892017 -1.3522129517752 
11.362020555691 -1.8264398480733 
6.4657215121928 -1.7195234200903 
6.4256431241028 -1.5670347231713 
7.4107048685114 -1.6891105884975 
6.9158736947492 -1.0732298106076 
6.5632907360511 -1.0823495174976 
18.676639817239 -0.40706991756535 
8.200673643287 -1.1300328206772 
9.2820589990091 -0.3700826949389 
8.4748625169218 -1.9011673915832 
19.762383375319 -1.3267298652393 
9.0992435902325 -1.5155500172095 
7.2483878329542 -1.0834440513587 
22.208285604914 -0.96485831712792 
9.9237038850608 -0.8915773110572 
8.0721952157466 -1.1423845666388 
6.6608555152297 -0.50623223750294 
22.376659617016 -0.96215903261106 
5.6100214166295 -1.0059874396512 
7.7258816527841 -1.6004774104229 
14.710311515354 -0.49140696814079 
5.6123588496815 -1.5661625675201 
6.8806975296665 -0.55644101247593 
6.0485248135959 -0.69185280923231 
7.3055851879742 -0.73763800131464 
7.1100705258633 -1.5737348367006 
5.7230724250331 -1.2855641335444 
5.6679510498061 -1.0816979695526 
8.2547960306033 -1.02861424787 
22.128676072071 -1.401101625741 
7.2380379405237 -1.3007506090294 
6.3330862661842 -0.9656154281196 
19.55897780121 -0.74220268432617 
6.9850006267645 -0.53401502937853 
11.240936880925 -1.105174861177 
10.432158422924 -0.84186797410942 
10.52323039934 -1.4677585487287 
22.769578787284 -1.1561974132916 
11.062046318468 -1.8339369450338 
21.986015772943 -0.86841911063574 
13.537239271914 -0.53397028647201 
6.0280840134363 -0.41676493380333 
8.6204471051763 -1.3210032028303 
9.2441895886249 -1.8373867635787 
7.8074122067053 -0.77331496237831 
24.46663329363 -0.98036374887365 
7.4756675542271 -1.8562948685963 
5.9982620671378 -1.8462339093248 
13.888235868861 -0.92897290877646 
7.3262411067737 -0.45483534833619 
6.3459860765871 -0.73572590288076 
12.606303863105 -1.9224580058135 
6.6939374388585 -1.1248822929939 
8.5475482885483 -0.76657397803562 
6.6281837849482 -0.92667072141063 
9.8160478268886 -1.1105161130779 
10.500025943136 -1.8839487567529 
28.27201831333 -1.0733363423763 
6.8244023518976 -0.57136118286346 
9.0824491362981 -0.78594492053329 
12.813234208906 -0.95926056565709 
10.792272160866 -1.00826794436 
11.412601210341 -1.0437677164989 
27.184518212299 -1.7162409303644 
7.3232491716026 -0.55460958003554 
12.171757595915 -0.9433475858671 
23.305888009441 -1.5628414820759 
9.7745583369746 -0.85186644662723 
16.339157680603 -1.9327549355049 
20.807060538843 -1.8223112064699 
9.391409249574 -1.5858333004367 
9.8538779581149 -0.48107940970069 
7.0386144659531 -1.4143210342253 
11.033524393845 -1.5819198336237 
5.9808608817101 -0.6177698038392 
10.793598784074 -0.77328165779739 
7.7553006217866 -1.8538644428041 
6.8163334869571 -0.96231012098392 
12.818422632716 -0.84043649780122 
9.8212339695822 -1.1664713538758 
9.4315743524968 -1.8834686902473 
6.851881964102 -1.3114837618188 
7.3454357301355 -0.58462670914368 
10.311395001786 -1.1997214787001 
5.9350539382091 -0.84042298051791 
9.6648974178361 -1.6966774747509 
6.6834375397633 -0.58711310611705 
24.095249611939 -0.94731072001835 
11.935947494733 -0.99268602058564 
6.3843673906414 -1.5498521720621 
11.297072416114 -1.323608992025 
10.599056839148 -0.42586838837208 
7.2695780947719 -0.57688606043092 
9.6619200475162 -0.54804297111526 
11.756260054206 -1.1281254213733 
5.6209475318394 -1.818464803967 
10.384315062839 -1.3889949346159 
7.5300911648183 -1.1219042297592 
23.946660667016 -0.97642389106127 
6.0802389870114 -1.5058438630978 
7.6131930683295 -0.73752272421304 
19.684042031563 -1.5418809657398 
8.8898607929728 -1.1793649415344 
14.764407484918 -1.7288946259952 
6.3751437188988 -1.0417014602676 
6.5892503187576 -1.9097535460186 
6.687803124126 -0.79466537309836 
6.7071338934278 -1.0637396208768 
12.445935870936 -1.2266839080706 
18.226748264885 -0.87191902394914 
8.3832897858137 -0.39227427084028 
13.475851968016 -1.0921726833477 
19.884018792549 -1.0679068715723 
8.3943897044735 -0.78540355944239 
8.5892183556686 -0.81847336067392 
7.2718594401523 -1.8875604368608 
25.775186971278 -1.4116264003064 
9.1573255143434 -1.2958155212353 
8.2142146469402 -0.6471385622846 
9.484190815896 -0.39040035301207 
7.39173598142 -0.71253467284132 
11.824670735854 -0.45205846385378 
23.015847233124 -1.0154227411832 
10.472243205522 -0.66093848363882 
7.4137907906544 -1.4913906304354 
6.4165737154197 -1.7468645728445 
6.0328327175366 -1.5632136148502 
8.3860090099787 -1.5588902592726 
8.9667400706744 -1.1420561598365 
7.2207589230349 -1.0535961394944 
22.260374086046 -0.8721440976153 
18.708244239083 -0.47623960048139 
7.4851575449399 -1.8254921446956 
10.975634364004 -1.4212822782879 
6.3415838634252 -0.58733672578636 
15.673934364163 -0.89704712533936 
5.9297811767669 -0.62601858680682 
20.50034107503 -0.80339438115645 
7.1834148418682 -1.4515550234437 
5.9213305345807 -1.164720534363 
8.6835547282786 -1.2612987490475 
9.1180112420831 -1.2611030015301 
9.8012835727061 -0.3770119308139 
6.4181305263362 -1.5022292643182 
12.221182026953 -0.79610038099094 
6.4859728680762 -1.6032032163882 
7.1988577626055 -1.4052511713013 
7.5457823137135 -1.7927970009683 
7.1898074449759 -0.60780598220738 
13.791757628034 -1.6133489308365 
6.5397544762964 -1.8844832629882 
13.643441571942 -1.7456317046451 
6.0302215700472 -0.55761969486935 
21.818305356203 -0.77537831227989 
16.343279108766 -1.2087833444167 
15.099409805515 -1.098187353645 
6.8032053675739 -0.9846540193248 
10.443409780085 -1.9055643522426 
13.147341176452 -0.53048231194384 
7.1759027363232 -0.89111992576547 
6.3132989296363 -1.2970268248958 
6.5456873415684 -1.413480921485 
9.4476204052593 -1.917514834796 
8.1203393215691 -0.37952507435655 
6.571684548018 -1.2213688420749 
9.1329045512821 -1.1298316413319 
10.759772018389 -0.55036095556335 
9.0882521816868 -1.7296681543733 
27.984776570477 -0.61425461025344 
16.170083004564 -0.53863364814457 
8.9027047330054 -1.0417372976327 
7.9130058258615 -1.9008356543269 
7.031336614206 -1.2282223161406 
12.704600177517 -0.45990282708425 
29.463490677961 -1.1571918282033 
8.960043023212 -1.9283468571524 
6.7432653564775 -0.82596393418323 
10.46285181875 -1.4028107478476 
8.449837700745 -1.5995784717611 
11.303315796596 -1.041331080891 
9.3418272430706 -1.7011605345215 
11.75452786561 -0.41626044790795 
15.99742963149 -1.1170406490967 
7.4395446393466 -0.37802434822473 
12.397480115124 -0.92253164753223 
13.225670949516 -0.82222888663247 
11.736472857352 -0.46057479372247 
7.1048276142508 -1.3747249860673 
6.7875371969733 -1.2833897613797 
16.4401666463 -0.59019287888208 
9.2360732563205 -1.1815602587364 
15.78902155364 -0.44874182338414 
7.6021703997644 -0.88696587564614 
15.103182818142 -0.64947352851967 
6.9755649095515 -1.4515622683921 
10.218151490141 -1.2975732143626 
18.806686343028 -1.0886530896179 
9.4376244574511 -0.74274743961621 
6.54479986342 -1.7912932510969 
10.929642293975 -1.6225388849001 
10.030762637894 -1.3400078772563 
19.170462057029 -1.619156483861 
8.0617325962972 -1.8628750941436 
6.4711192441816 -0.77845652120877 
5.6519043206309 -0.9179347158377 
8.5100514230416 -0.96268003937511 
6.1045808393566 -1.8393466758271 
7.0272731307015 -1.2428043334686 
6.0142608076678 -1.3967293965277 
8.6656148684398 -0.81512297923781 
8.7973411547741 -1.6509156671413 
13.123644264992 -1.3316010899505 
21.010971317047 -0.70730640055656 
6.3432533759417 -1.2775149769586 
14.19802701919 -0.65961537684932 
28.2884004477 -0.90494863626358 
12.096444850228 -0.40586745873821 
10.263510918782 -1.583623234586 
13.962599577961 -0.62886283153362 
8.4024985488807 -0.92917336701125 
9.2365755181591 -0.79266963805271 
6.9579870465028 -1.7299671983373 
10.151681542193 -1.74693899726 
7.3150812697726 -0.54616211035144 
19.964816793552 -0.88869797468895 
5.6632106659579 -1.4410645321853 
9.7401801246404 -0.72016570182848 
7.561362407084 -1.0641430021001 
14.18127364117 -0.47107616300664 
7.8083420417025 -1.8927144395733 
7.8020297104637 -0.64810751081748 
28.300812373923 -1.0886067970125 
11.319657684982 -1.1719982322026 
8.5773960381704 -1.0372638463213 
28.613455015226 -1.4938038185731 
6.1595419356676 -1.4264758422822 
8.711747673157 -1.0721393003629 
15.043869699447 -0.51379193996303 
21.473142454866 -1.4986832055339 
6.0292534649063 -0.7403972086658 
14.541163287809 -1.051439021273 
8.8900143571384 -1.5670655809015 
8.041411762319 -1.8276414207644 
6.3857819621472 -1.243283545277 
9.9786779978788 -0.43863274634512 
10.068534873645 -1.5485991973199 
6.9431152875741 -0.81120704788737 
5.5851789386353 -1.6929007653207 
7.4008309051614 -1.2595329013162 
7.0925918420854 -1.4029005928538 
10.637245453873 -1.6227355592789 
6.7189075038436 -1.1216226703471 
17.392498615784 -0.87998616721291 
8.0653252719878 -0.64622535802707 
8.6254721110946 -1.3711274786022 
6.2670830284998 -0.88949221678943 
11.184093058623 -0.63201687332405 
19.089363146694 -0.92216247366118 
9.9725766996287 -0.69866195171003 
12.394972869992 -1.3167912703535 
6.3164303575816 -0.77678748491115 
7.4733705347808 -0.51514572919727 
7.3306072119483 -0.37920390158798 
5.6381033138461 -0.68362585129643 
19.787168132738 -1.3028342576061 
10.688387844453 -1.7017083908397 
6.67571557425 -0.40681160245091 
11.014763548345 -0.43369860770983 
15.564386126176 -1.2134042540747 
7.2593536457838 -1.2283795530902 
16.681920901874 -1.1955851890305 
11.914607684886 -1.7928766010197 
9.0782979832233 -1.848912628136 
5.8425156915477 -1.0205636818722 
6.1389055673129 -1.7436530807159 
17.20707146489 -0.59740975722534 
8.3632176356592 -1.2103967191842 
5.8603726020146 -0.57400143315619 
12.991750117884 -1.5326812784738 
18.01118231642 -0.90257820141175 
11.678738410217 -0.85550356279227 
10.262629523495 -0.4698163655561 
11.412331207927 -0.91018938231087 
19.988051233163 -1.1713161661083 
10.010883152531 -1.5950694358786 
8.496538337198 -0.65938078747451 
9.4982960446634 -1.1084401419574 
20.012915145793 -0.84708471422642 
12.936505182441 -1.8489433164241 
19.577712157611 -0.9252947454545 
26.165033216588 -0.46483188078245 
5.7219018067059 -0.39440158323179 
5.8590128554477 -0.7494368152065 
7.1935602638339 -0.75082319886641 
8.3239410317349 -1.1852989871876 
6.261516809759 -0.73887422558059 
8.0485646479682 -0.54202542897442 
14.961823631831 -1.5140029144629 
8.5512737307357 -0.52953521993067 
6.0912325091752 -0.82042421022181 
6.5001471877237 -0.61863906477991 
6.8943804180314 -1.6626253307779 
7.7964875207826 -1.4701027467476 
9.5752398512491 -0.55030950624748 
21.025500937614 -0.65093768164471 
14.863526346707 -1.4767522215908 
7.1752844628329 -0.94963234369434 
7.8143403798615 -0.79674167862801 
6.0145033948325 -1.6947351417485 
23.479110504784 -1.8923896097722 
8.5281744272642 -1.7768946185857 
9.038257560213 -1.445912496009 
8.7001342174541 -1.5684939766795 
25.818170941224 -1.1590198886447 
23.100774465574 -0.88858438998904 
21.320234668079 -0.59160301933485 
24.327526136238 -0.54331537734813 
16.627067328173 -1.2823236272225 
22.16916928915 -0.43492220648323 
11.851220540985 -1.1286170451014 
24.14621828402 -1.0984790218295 
11.898966893895 -0.75046699234313 
9.558032903456 -1.3740592295503 
10.524187638475 -1.2932382987903 
17.40472786747 -0.55294427786466 
7.3782128521194 -1.4534752298641 
6.6310200331591 -1.6653934777598 
6.354520176148 -0.40187022210402 
6.7365506189158 -1.744331399316 
8.763694270275 -0.49518179776928 
13.357602253456 -1.7821577251209 
5.6536136558926 -0.91159530736888 
9.966157892992 -1.5846274352525 
7.4647952325977 -1.0180397260548 
8.4110699798626 -1.3321351357835 
7.8535775282739 -1.0843188310136 
5.796363228952 -0.41791535531521 
28.473732534498 -1.1100954052591 
9.2802115173495 -0.62219261197341 
6.1266392608254 -0.5403930401757 
6.4852927522515 -0.59136077623379 
7.3370124281766 -0.85558627444973 
5.9735998683093 -1.4802643356076 
7.69305392281 -0.76951726773008 
7.6861338701929 -1.3830150401112 
9.9349695405213 -1.2061552626653 
22.402674655262 -1.2397903023142 
11.022072727265 -0.92402576335892 
6.848572364957 -1.1422194460769 
9.3160102918736 -1.4235131408682 
7.9583113622434 -1.5490155167226 
11.693283788666 -0.57855700948543 
17.4480415193 -0.41743826399519 
6.4949082659095 -1.1810212931532 
7.5183097564554 -1.0426185961989 
22.687210746896 -0.78356987359816 
8.8415616411168 -1.8037105725937 
9.9347964070811 -0.45498434808065 
6.371425670817 -1.0308137120852 
8.0444687018081 -1.301951881085 
21.230691828442 -1.6505785417452 
21.574015463661 -0.54201629671638 
7.9131306120079 -0.51625760816719 
8.9947137916794 -1.2502939552394 
7.6136943919677 -1.2747172987475 
6.9113850654769 -0.71677633589531 
6.0218501783781 -0.72953218599995 
8.9518060082745 -1.7418712191251 
11.874142576395 -1.7944587165685 
18.680695763399 -0.99502211157432 
6.9718931131027 -0.96816752852375 
11.551694175748 -0.66363391168189 
19.503294605291 -0.80658640467054 
5.7050417316128 -0.74048278927841 
24.761294055761 -0.59874721592589 
23.455264316635 -0.50187365343926 
8.49135142342 -0.68353937967143 
16.641666271068 -0.37518079736402 
7.0113118334398 -1.7896545830666 
28.648850235518 -0.8686389255886 
25.660589168943 -1.6538645937883 
12.722891518866 -1.5741583526914 
7.4195465124104 -0.64133413366861 
23.765987430389 -1.1324209024377 
7.4652851895728 -0.54722249250999 
19.870047219462 -1.4633341189855 
13.486973623948 -1.1226752269469 
11.601755050901 -1.5542531728473 
10.413620556525 -1.6880086988169 
5.6699298692838 -1.025347469067 
21.469639563858 -0.92933903150753 
8.1063315451051 -1.5858498665831 
7.2782647955748 -1.1001439745067 
6.7747604504514 -0.38580780336292 
6.6282682383506 -0.68901494501028 
9.4428979895952 -0.83675287248978 
22.434048200159 -0.5334358047156 
20.892468672679 -1.4523381632799 
26.505702910231 -1.8269775384385 
14.686167668428 -0.56491176771472 
27.741098798035 -1.1097290775685 
12.926130374439 -0.91426644377917 
28.631309440811 -1.1161566903204 
14.554143472033 -1.7845993950045 
5.8605046850599 -1.2921165377649 
6.5903231145995 -1.7548272246116 
9.8625157090986 -0.6498323978417 
7.8469900880023 -1.0872469668553 
9.6334158732137 -1.3299994443604 
9.1887549803542 -0.81595238727751 
9.5879487179405 -0.80024304994768 
11.852167669097 -0.8786566969191 
21.998564994119 -0.81651300520153 
20.79961835265 -1.8926723211459 
9.3609058528383 -0.64836751399671 
9.1530479040317 -1.5607421324832 
29.014220412297 -1.074504460388 
6.3954699071568 -1.1529674896414 
10.722417697047 -0.51509249239005 
12.466631767351 -0.96476869469017 
17.922602218671 -1.7623295494269 
5.626863512757 -1.8219906975191 
21.863938957432 -0.81018633986037 
29.096808938494 -1.0591078971366 
11.457640627765 -0.6502357041186 
6.2805603789507 -1.6929836449498 
8.052294193028 -1.7449736297554 
7.554574490327 -0.385370750005 
6.5484340150398 -0.58820749202091 
6.9967602346013 -1.115128969802 
6.0187749803328 -0.9563562628026 
15.431896296362 -0.94133729113534 
11.056195706387 -1.4934260135183 
6.4079339509524 -1.8870305556755 
7.9577158184235 -0.62930213210834 
5.8072037399113 -1.8156645848909 
8.6785485975777 -1.1082202107888 
14.07452939752 -0.91293846228123 
14.948422677897 -0.70279050661931 
8.020925804781 -1.4045038119344 
6.360199468121 -1.1135872330353 
6.7237802677876 -1.4377692169189 
23.005983176502 -1.2005378569148 
7.2501831278387 -1.7396638835115 
9.2420966763476 -0.51282544944082 
10.598646527462 -1.8617122140581 
6.6959960671478 -1.1737163553925 
6.2056985456511 -1.2441403670939 
7.2714575012033 -1.0502719311684 
9.7075085187493 -1.3121369719487 
7.1957634881718 -1.5509829942307 
5.6219062664922 -0.8128343904134 
10.172967467561 -0.55712525069386 
6.4112096456759 -0.56389167549479 
10.560136815028 -1.0530583788895 
6.2354289027062 -1.0587633967803 
12.918194660862 -0.59068313507736 
12.987739300428 -0.44559949470164 
21.400990268094 -0.40277619608314 
7.7456348545526 -0.51336240292713 
6.5398784411356 -1.233693490096 
13.413073869197 -0.61274495231383 
12.299189677967 -0.58916179964636 
10.518832671941 -0.79238176036041 
21.305085804976 -1.436560420666 
9.9590763709747 -0.76902790886439 
5.5731881299133 -1.9013766771549 
8.8792345602414 -0.68381043420968 
25.997857685269 -0.73148748177883 
6.1665823795062 -1.8216258501084 
10.692841104686 -0.88164709194771 
11.394423955504 -0.81693869135781 
9.6133557395589 -0.8791993222824 
5.9227588582489 -1.0342739787554 
11.43360556374 -1.8184209830597 
5.8293507648001 -0.46443949376105 
5.973428323015 -0.85246279674154 
20.028529717403 -0.96253035546032 
7.3247541326597 -1.0823993921424 
23.954054338188 -1.2954948434054 
11.438665422248 -0.65985478724339 
8.3725390845463 -1.4171393224458 
7.6469708678562 -1.1121213198886 
8.281234010567 -0.45280705085127 
9.5815349035037 -1.0073530098314 
7.3720076875878 -1.0657620999714 
11.297004050387 -1.5741838434985 
5.767337277962 -1.2615743277056 
6.1586259821279 -0.60755904906607 
7.9031501952251 -1.5956852406524 
9.6200086064481 -1.8730113112117 
5.7214633938595 -0.49100591532382 
19.60898973107 -1.1227402941015 
12.534061851499 -1.4531573066844 
26.58651591845 -1.3287052874557 
6.5961478621793 -1.0240080428638 
7.4448159408906 -1.8539276779787 
11.5728097017 -0.57067682982781 
6.6763822149035 -0.95916012095483 
10.118307419017 -1.2245552441622 
9.209792695681 -0.54417524227887 
7.0197562868871 -0.56378914834788 
15.417876694302 -0.78952511893717 
5.9014460436089 -1.6866076126453 
6.6947724836304 -1.0138834676285 
6.9190309124281 -0.80169541988291 
10.929816846226 -1.7309975752958 
6.576753406378 -0.5008260949329 
6.9280831219012 -0.92184763699991 
10.111270273024 -1.6285115924284 
5.6761534281031 -1.4065056095503 
17.304045313981 -0.64301342407021 
6.6111931335125 -1.3616565550641 
5.9693605967625 -1.3552612585918 
9.9799332108351 -1.8230192908051 
11.678173686707 -0.76447749902542 
11.466569249776 -1.121454289253 
8.1548469496521 -0.41024198429393 
25.15835730534 -0.58787298020548 
17.499022974305 -0.8079729674028 
5.7764735118102 -1.67734066319 
8.6129820649696 -0.84697085373906 
29.002001459361 -0.92031009131138 
16.401156124131 -1.7279751236012 
11.359114794067 -0.58051257546311 
7.4103181282111 -0.38637452848167 
26.142825395554 -0.92527368779063 
8.5572228791454 -0.75821925828804 
18.60689205683 -1.2914565971836 
12.397548507549 -1.344499154867 
10.686343597125 -1.5488085120119 
6.0285645460142 -0.91237030262526 
13.628267175871 -0.9744723249034 
15.461197781493 -0.38570586413054 
5.6541747050685 -1.4903303787676 
25.838212247936 -1.3223338317729 
9.83921597655 -0.81786732635977 
9.4137230990201 -1.6156136502288 
7.0474025154263 -1.347004383037 
12.14900258544 -1.1597895077571 
5.762611531091 -1.6349647750123 
9.2688029514316 -1.1623377263002 
6.8685330383663 -0.92022120205612 
8.1640538075843 -0.47099662387435 
13.763848566188 -0.54419896405379 
14.112624621243 -0.57456847804349 
9.7247044117283 -0.64209233527034 
21.662331305551 -1.8045635801204 
11.843816730271 -1.6569945616083 
14.982578505644 -1.2809155329692 
8.8288692991043 -1.0969252884175 
14.916557616344 -1.2549222527996 
22.916879872348 -0.4515579641022 
7.7468694975956 -0.78648599046075 
6.5461757439342 -0.99951552241709 
19.080317348311 -1.3676828080545 
6.1638585311791 -0.94910018818609 
6.3244268036783 -1.6741003996354 
13.034900720696 -1.8923205698122 
26.447389025377 -0.78271364238143 
11.592710331583 -0.63119058251072 
9.5713248232013 -0.47880255869245 
6.7207395068012 -1.2882493740504 
9.1911376933767 -0.71840789057841 
9.9225037276609 -0.74720636160267 
5.7504685519286 -1.7207392116976 
10.013173665625 -1.2052891274719 
12.592422858801 -0.63986929350389 
21.885451907465 -0.75653155156365 
10.864023666678 -1.523650406815 
17.253582679368 -1.0274841337499 
21.450672661841 -1.778085245536 
7.5277513121129 -0.95437068181815 
6.8038725336258 -0.51396019582029 
12.348476572901 -0.58748885400565 
25.69188644122 -1.9058952358992 
7.311261093786 -1.0974685078105 
8.4106124789984 -1.7142986877234 
9.0811246862529 -1.3408245031103 
28.300812373923 -1.0886067970125 
7.1194791677627 -0.48386955081557 
7.0406229784454 -1.0561735934862 
6.0238169306567 -1.8859629091965 
5.8240591677936 -0.71213566168861 
9.5311419712805 -1.8352459366036 
15.075770023068 -0.66074629761863 
20.108724367774 -1.0585138796938 
21.069017833882 -0.68065584758224 
12.056947760119 -1.703547798284 
9.3926624118593 -1.5778850853388 
10.43509562819 -1.6727799014822 
15.160870251611 -1.8551067724702 
6.7030815573841 -1.1139405491203 
18.311145730985 -0.70691773756772 
5.6280853543655 -1.1692080170005 
11.099882809889 -1.2430570013925 
21.210773878539 -0.63401453525737 
8.4013962404431 -1.3667000254436 
23.131411665352 -0.40700980892486 
21.773149723031 -0.68209795737236 
8.357873757724 -0.67551543929038 
13.408954427021 -1.3329153686454 
9.21095172413 -1.7658408581744 
20.684200912254 -1.1816004828616 
6.0840585399292 -0.70098206055766 
20.583867925343 -1.2616100397515 
8.3359718879665 -1.5456805673213 
22.587369043169 -1.0516757787938 
24.098398659743 -0.44981759175599 
7.8020855733106 -1.181208167423 
6.9645828126719 -1.6452410751314 
28.473766391738 -0.41811346209828 
8.8450048977414 -1.2883091455824 
10.334332279691 -1.2440627118775 
11.439437940469 -1.9047946558281 
19.540383039785 -0.52142212609792 
13.648736133137 -1.5656077131099 
11.641786746356 -1.8363404804536 
6.9066072316523 -1.655517406603 
13.130812018162 -0.66939740873838 
6.6951018444361 -1.0891210846573 
6.705773287726 -0.51890517531937 
10.453331974261 -0.83501534777595 
7.6739819655408 -0.40590655783439 
15.64330080675 -0.65765836172742 
6.0510507649833 -1.1628525372787 
6.721321290445 -0.8044502531785 
8.026833038793 -1.5404323761719 
6.6399481433538 -0.57136578344908 
12.008674415819 -1.146777733457 
6.7737582586703 -1.8007896107886 
24.71429064012 -1.4109634328044 
25.97727555419 -0.61254427376795 
10.158148340235 -1.7197076224191 
17.041352846232 -1.463759670741 
6.9497015846304 -1.9112063471152 
26.684150568344 -1.2268222587723 
16.936647113483 -1.6886391543776 
5.9805916529467 -1.7404643687377 
8.4885929745888 -1.9127574358591 
8.370655121664 -1.0940420481447 
6.5727015554075 -0.70500451670596 
7.7220376130312 -0.6705431680633 
8.498231459882 -1.2548670335335 
6.8160677839234 -0.7502334769713 
8.3602155545443 -0.72023873332323 
21.694435774554 -0.42681161354176 
11.066868397414 -0.40339478675442 
5.7197283486338 -1.5244309851958 
22.84660688662 -0.42946151238261 
6.2396020680142 -1.7498854921929 
8.7057777778495 -1.1197173097203 
22.432232504687 -1.4665263904047 
16.281887744185 -0.75287976627806 
6.0726755145327 -1.5295068325586 
18.997265753934 -0.62810013004205 
17.991813431239 -1.1857529443822 
9.0067975317982 -1.0270674859372 
8.7882379663384 -0.92371445444296 
6.1182438715724 -1.880957309454 
6.0222095375753 -0.56722812120417 
12.487803755395 -1.6020992241337 
12.737940406442 -1.2787716393388 
11.742063029167 -1.4987728696016 
18.620806977582 -1.3215632207706 
9.9048788158267 -1.5692979704422 
15.078873917167 -1.3621483028314 
12.445869075211 -0.88477415136018 
22.672749154754 -1.0458768637727 
9.4765496484007 -0.82882084021573 
7.4879762776462 -1.0361518617002 
20.519758663319 -1.1806240650495 
9.5179832894594 -1.2877697691684 
5.9574024768302 -0.57013722386893 
27.939598036631 -0.64981508151868 
5.6435121488987 -0.72298367772683 
7.3991309793544 -1.3979141940412 
28.152825680833 -0.9977116478237 
22.516600231451 -0.92249706061667 
27.504263200508 -0.4684528042207 
20.26932101719 -1.9029619157755 
7.4300280378627 -0.4692511924482 
21.615587943421 -0.66922397338315 
25.598922241377 -1.2194986828107 
8.5567344731188 -1.4807282800364 
6.8515521689933 -1.3925869339956 
7.0428991759027 -1.5999799650339 
7.3538134529511 -0.46459644359947 
6.3584731427579 -0.60523609863237 
6.7706947647151 -1.6552324556761 
18.004951135578 -1.4798345920489 
27.985658561296 -1.0764842268899 
8.1552005972059 -1.2514014241056 
18.876672891366 -1.3980851362485 
7.6762362645636 -0.9419296690326 
6.6331669799313 -1.0082249348973 
7.8081489306721 -0.78091183233379 
8.9055517852775 -0.86664552795027 
9.9594202487659 -1.5023355568468 
6.522941881006 -1.4491361156402 
13.325005215903 -1.1043309422302 
5.8106392119978 -1.4567821627745 
6.7523901496337 -0.45669167620026 
9.9906315604844 -0.76636375148489 
8.4620452442058 -1.70767519654 
6.8165754516055 -1.3715711358213 
20.149016035895 -1.1417737529257 
13.997033365224 -1.7720816327978 
11.334056547058 -1.3802593184292 
9.661904988871 -1.0537674009383 
6.4806996359679 -0.65475306470502 
6.0760033666584 -0.47380161398423 
6.6750583258399 -0.43523269004028 
8.2357185121847 -0.54827147388115 
28.764788246226 -1.0837452466771 
20.87438078538 -0.40430471443302 
12.155804233165 -1.48041640841 
17.748232719584 -1.0363095532888 
9.7366400314305 -1.6136752393139 
20.325974691754 -0.85877120178759 
5.6588515625559 -1.8726091119265 
7.0988128621465 -0.91997323073017 
20.539905492865 -1.7262366537927 
25.811048362229 -1.4698203939577 
5.6343163766388 -1.6711674503567 
6.5214529420311 -1.2084018862534 
14.254539965817 -0.62642866928234 
19.351628096434 -0.98372093324875 
5.8786525473112 -0.7461149136766 
7.2636792691459 -1.0672457425066 
27.41854856961 -0.89519124717634 
20.033230681256 -1.5531965411778 
11.402559263948 -1.6510241342023 
13.276130056852 -0.555384795213 
6.0560316078982 -0.6137310817535 
6.3933455367485 -1.1471441596647 
7.7519075719411 -0.8876036044845 
22.04126741787 -1.8005349256343 
22.911018893944 -0.83589530500539 
13.123393008572 -1.7974107338088 
25.169453835299 -1.255727376054 
8.2010037757159 -0.47857068138752 
16.524810515735 -0.84238304565369 
9.8633013892271 -1.5191911451135 
12.732148640328 -0.91680675025515 
22.942878259464 -0.86476415029064 
25.387059442049 -0.69790681159686 
9.0822456390373 -0.69306907917422 
22.538309694999 -0.51278848848424 
11.389716504622 -1.2819673564511 
6.3465614693689 -0.79173849553896 
8.0407061609448 -1.4950843262844 
6.7314534867976 -0.86049102509087 
6.9338024425805 -1.5736001343312 
22.551502418755 -1.160528849742 
22.740985260352 -1.2497320943317 
7.2994465465911 -1.1710261403746 
8.788738314999 -1.5819695709202 
11.197594507536 -1.5286844254444 
7.3532397693431 -0.70893779861301 
