6.7945766075261 4.4356507056519 
6.7879651667403 3.497654447812 
13.757120110024 4.1754630703371 
18.117126993851 3.6652324816666 
10.060948757636 4.5265313188307 
18.548728890153 4.0659129793603 
6.7686658088961 3.8496296337915 
10.148892240592 3.0358445599803 
6.1130988701549 4.5738131814763 
6.3654787465774 3.5113158988106 
11.15864617328 3.3400612205411 
7.5121989600253 3.5673784903599 
8.6354228685895 3.1082351255117 
9.1524285305311 3.488273742298 
13.657773919386 3.9549601436976 
10.895993698911 2.8578142951778 
7.4060254639028 2.9554964000076 
6.5746888671298 3.9474280898928 
7.7983269271371 3.2314483152834 
8.4034977470189 3.6561518477717 
6.2905840995392 3.8760969384323 
24.472409891266 3.7987540184691 
14.961869123873 4.5469591904929 
7.9725771800637 3.9349631349509 
7.8546146830734 3.8183769730335 
11.570011919455 3.5273248276528 
9.0789129177713 4.6062138346651 
7.3267796975109 4.6003383806691 
9.2371163094323 3.2494764674541 
8.2683782599924 4.1249145632466 
13.333383677184 3.5336980626786 
18.968462405162 2.9723210095879 
14.984943704029 3.684021576302 
7.003819411515 2.8173941246052 
6.3144855827532 3.9905587970037 
6.2603935288269 3.7233259353927 
16.937256172104 4.0751540302459 
18.41523734422 4.1466030173926 
6.0633191151323 4.6107454382018 
12.680040892088 2.8613413880022 
6.6185740582826 4.1767562235932 
19.193438272854 3.0849108704863 
7.0308930901145 3.4783382754872 
9.3670028431061 3.2626931682668 
6.8015907326925 3.7511663008038 
9.5646429943717 4.1926790889483 
9.4597524449761 3.1904171291966 
6.4624122856189 4.5111391246585 
9.0942780587922 3.5309007328768 
13.973848527503 3.5924256518069 
6.9094311950218 4.0920749901686 
11.054115819654 3.1565703787416 
9.3061476486417 2.9198353429548 
6.255584382876 2.8542359861741 
13.863232125528 3.5347309189941 
10.709454054483 3.7638224226844 
8.5476593677235 4.6262624127532 
16.079976076164 2.960948260978 
10.177189561821 3.0443604500554 
7.336916754 4.2029872389443 
6.2623954098196 3.3460118914646 
7.3776353755809 4.214619474452 
9.7870230490117 3.3448566514552 
7.2766159470668 3.7711493169694 
19.272182430381 3.2042505898369 
7.3263733776602 3.5828354154604 
14.204723096627 4.113450813546 
6.5480288034513 3.6850368731111 
11.354499066888 3.0175530379486 
7.7868689215414 3.5908572198672 
9.7196432768335 4.3930874067726 
7.6647322063894 3.9805555842159 
9.3370244617927 3.0997216473759 
17.281513874401 3.0701391891365 
13.800218820634 3.7830310790791 
6.5312161533135 3.5186810942016 
6.4822894546797 3.4586054807159 
11.971651431499 4.4849617373393 
11.019635652032 4.3372333427072 
9.3217922292707 3.5660638974551 
9.9861886966755 4.347725913456 
10.092304750646 3.7125268580863 
8.2695817611694 3.4454779200152 
10.178595056574 4.1696908632686 
6.2805911608889 2.8791688880769 
6.3151548780736 3.0903148652723 
7.798210648642 3.4309100312237 
10.182311358502 2.956753717821 
11.596979640911 2.9072721741897 
13.12676711366 4.5205885613617 
12.12049621365 3.5318460709197 
9.3682787427447 3.3392073586652 
6.5809328800433 3.228011805022 
6.131332925285 3.1713987846413 
16.522630463395 4.2474727490637 
10.57085506666 3.6425771421299 
14.452593989984 4.0204819832157 
6.4426258808915 3.0929105631737 
7.8285094556896 3.3225217243205 
11.406756575824 4.4416551302052 
9.9564311604369 3.5652238173873 
11.365921146418 3.0161934895112 
12.708707476884 3.3859844891155 
10.721995528102 4.3176229822257 
7.1629273895766 3.5076108420465 
11.095573252037 4.0841343910923 
6.6504183410114 4.2508920319818 
7.6192716389138 3.6217798133471 
10.666357863141 4.0249539423872 
12.320155088671 4.4544929019082 
11.082272386175 2.8886759925604 
18.130753250341 2.9366659544316 
7.1766080664068 2.8998817899095 
8.3339023167914 3.3854122792676 
6.4322956646996 3.4716510874109 
5.9903456410965 3.4874446031111 
8.8834873942352 3.3615843229992 
7.0052063154498 3.424993143973 
9.3267894263404 4.121766484424 
11.845033874254 4.429800909459 
9.1858311490774 3.4235009756485 
10.903696888081 4.1738473695847 
11.2215195147 4.5643564110829 
7.0025859199841 3.0029465505834 
6.6150987234422 2.8574712899065 
12.652982686772 4.1390128759371 
8.4908286688539 3.1860045182107 
9.2439860460149 4.176201169454 
15.739064472702 4.0363437364714 
7.5730852481205 3.3418192471067 
7.3211754226033 4.2688808204489 
7.2528492761155 3.2161639379412 
11.025016020774 3.9799793705407 
13.484837860455 4.1367527747173 
6.8031922633446 2.8138674414313 
7.2992055192292 2.841640509958 
5.9707806791457 3.9731744662463 
16.117080209019 2.8945497339962 
8.903368916272 3.2933933885802 
22.465352608046 4.3891120042163 
14.282868777575 3.9389006928913 
8.8158668429197 3.3290550041245 
6.0996937264851 4.1845763094638 
6.75354798242 4.1484796812709 
6.3114530987895 3.4337385381202 
12.349358982173 4.1580731001118 
11.048698993203 3.8505440105801 
9.5670617441633 3.6401645561692 
12.908898318722 2.8403721354029 
15.463107805456 2.9049906079892 
10.355310161034 4.5437911338264 
11.307825135472 4.2022765753167 
8.6455021849137 3.8823446110673 
9.6936578738645 4.1106311612873 
11.591587455855 4.5746924261545 
7.8001935913192 2.9964913592311 
6.3566741799919 3.3884070583822 
8.6306269043469 3.2531784238343 
10.437590645274 3.4322951906346 
7.3075905580846 3.084396593392 
7.0788037842511 4.1673456704073 
6.8350382237786 4.1758347129056 
8.8357221257524 3.1543037873651 
10.204971434142 3.9270703509419 
8.5768952831276 3.2862613681089 
11.182874525696 3.3115854585489 
9.7555299660381 3.0366476856512 
6.8920148348605 4.0958417727502 
8.5396929496115 4.5562894693953 
10.567748062456 3.8481539633252 
7.3449714932602 3.9135682526429 
8.2294259990858 4.4901180797692 
11.566662327879 4.2893813130257 
11.623663581694 3.4023346943791 
7.6652953171416 3.7504516661517 
12.348449507593 4.6370293200085 
8.4273427997765 4.5595818192804 
9.3907202599792 4.5421707773845 
8.3377833759729 4.5802736645737 
14.016005431514 4.4264659418286 
7.3699036180747 4.3513080733415 
11.806585807325 3.2105105326537 
8.059723900509 2.993504614689 
7.7982496909721 2.9827856330095 
8.3423789090742 3.3064309009562 
17.727989264445 3.033636387158 
13.528190700187 3.5364219295033 
6.6835592873167 4.0892195111698 
9.6265926411301 3.5651894341339 
11.774291607634 3.6708999547133 
6.2013544201681 3.0637604792161 
10.720761943451 4.5047132714093 
9.6468381304037 4.4126220989096 
11.572443243449 3.4206503486274 
6.6992027824345 4.3079475600193 
11.06056535462 3.3461202964159 
12.224775917558 4.3912154684945 
8.6880116598735 3.266234154223 
7.9031593020713 3.1448174778993 
10.235340803519 4.4968308602568 
6.6333304052743 3.808935968512 
7.8838379233803 3.0223865191115 
8.5701593019563 4.363244315306 
8.0559146624061 4.2484214021387 
9.5558778367986 3.5359490116801 
15.750717876478 3.5646344579675 
6.6796112813962 4.0326843453518 
7.7326390521008 3.4051991936488 
6.4195393982591 4.5890156501987 
8.7342669433139 4.2116207515984 
14.044030446733 3.912135244129 
8.9806536714531 4.308799280078 
11.961825565237 2.9435496018457 
8.4141164240458 4.5074146107913 
14.306432403533 4.5995543256748 
15.459994700176 2.8401635260283 
9.6970030108217 4.2767467535751 
6.2019978535468 3.0099271082295 
11.742413457859 2.8170442573454 
11.158394582572 3.2537196275379 
11.042024497583 2.9089029938766 
7.0352730785739 4.2067951046786 
6.9654566765314 4.6057726006672 
6.9851156040125 2.9010383592006 
8.9956338279867 4.084156413693 
8.4246680948618 3.1354143547586 
9.125419259678 3.5421113630953 
7.0498883154718 3.1473764378085 
11.321564977173 3.9096724886885 
6.6874348469949 3.101387237552 
9.8548657296134 3.2017010385251 
14.404156202605 3.017367721348 
8.5832596467556 4.1933967647674 
11.536847329374 3.5426750993872 
8.2035488544895 4.3414982921845 
8.8278547000332 4.3401241955336 
13.194996277825 4.4681617236594 
11.979945651481 2.8650764826812 
15.098848640214 4.5041547485742 
9.3203496161808 4.2488017644473 
15.902498065447 3.3590506798897 
7.9129991623617 4.2461230426157 
8.6621924464529 3.1959287250374 
23.543277290648 3.2986067141428 
12.79370902189 4.432894518764 
7.4580233095306 4.5420760992086 
6.185361187395 3.5563827290728 
8.3772960966611 3.0984747369155 
7.866306969806 4.074696437126 
8.3341870451014 3.9245985244666 
8.2486919348034 3.7486941718684 
7.9160792034235 3.0841662608237 
5.9851189004353 3.8938169403096 
8.4378954809131 4.5988975379663 
10.567765109471 3.9351417417164 
6.6186115450501 3.3471165554353 
11.134167256608 3.8201674016102 
9.1625739573722 3.9300087953318 
7.5680321664178 3.1772665082229 
11.528908019623 4.0932710495052 
8.0237602434373 4.433276707163 
12.040580395332 4.3493165251371 
12.735498182689 3.9185907281144 
9.8899685210889 3.5895311887467 
9.252490119977 4.5370125860997 
9.6364859609437 3.8792932412283 
11.698742314137 3.0587505270361 
6.5966136088342 2.9495473472067 
7.0303570300083 4.6144029606752 
7.0932991353274 3.6383532249184 
7.303920305326 3.3211113971348 
7.5386214422743 3.5121179004866 
9.9025314866502 4.5311154839702 
7.329398369597 2.8983552167635 
9.0598480877515 3.1056531032663 
7.5196799157183 3.9574604010713 
7.844068060394 2.8512949861955 
6.662356303143 3.9049833289863 
11.954374993886 2.8279584360062 
13.149316296156 4.344872373795 
19.283755753382 3.9884151813238 
14.555721887743 3.5777635047858 
8.8022924121515 3.0561788079407 
11.146235252514 3.1523136122089 
12.279415297387 4.490389870845 
18.323883312902 3.631962217393 
7.2802996691707 3.1162286086511 
6.1405282470379 4.3829546508306 
10.631210017433 3.4261548216047 
10.988295123715 3.1798382976259 
14.452508267557 4.1272369035548 
8.2844714627093 3.543238169884 
10.11164963944 3.1201843831341 
7.8886180705816 3.5793558687919 
6.8078782725684 3.5509466341808 
11.652980708953 3.0591860261907 
7.366718096511 4.2710846888926 
6.7752777578602 3.0359055950738 
7.3628895103267 4.3822269426283 
20.009174921512 3.4619595207206 
6.8865283844563 3.8449507303858 
10.697200315413 4.2448961983353 
8.0531808316701 4.624287850821 
22.614858098733 4.5730231556389 
11.948453099142 3.3249862658844 
8.9419925168572 3.8280797871568 
7.5876428637189 2.8760260480026 
10.934372908576 3.0607373339025 
6.9384057494444 3.7682261265067 
11.378367014257 2.8878558531142 
13.341214148169 3.6725206898001 
7.7222918105924 3.438936111848 
12.736442161511 3.7341834716342 
15.797621576079 3.1566039833298 
6.0885506552606 3.7535744458067 
11.041005954996 3.5381547514358 
10.214868525198 2.9590444851292 
6.2284696513187 3.140759670141 
9.1663045642929 3.8534311766816 
7.7322428668277 3.197578001251 
6.3035063569415 4.6016889893055 
7.5393589070317 4.5812877697809 
13.209997957772 4.3604983037128 
8.6287061625152 3.2942176136414 
6.8662244574335 2.9550167366594 
6.5045192985553 3.8484793274006 
12.263050634591 3.7508242426488 
11.151566907674 4.0642722343218 
21.822496078365 3.8708248412315 
12.658793046236 3.1979136979797 
16.440561676531 4.111024439327 
7.5780531962801 3.4206871011296 
10.686765879001 2.940083278912 
8.2251702507256 3.2839114096331 
6.3998959351684 2.9744038415881 
9.6918356970316 3.0969273985199 
6.1755475118325 4.5396488656562 
7.5600058092585 4.5145084402452 
8.9083931071306 4.3550101658224 
12.457135077114 4.1564265361332 
7.2536199454708 3.1818843598725 
21.936644019949 3.3097980533395 
11.798819093583 3.9139444639436 
18.62208815638 3.0540119721093 
6.8554535492453 3.858721230769 
6.3773704717396 3.6244377318803 
18.772520216676 3.0655272908806 
10.452898644845 3.1656880141388 
7.4474109664005 3.6144388758601 
6.9470132143189 4.6344252193315 
9.6395696359445 3.942886517511 
8.4868300466974 4.57096307919 
6.0231077789177 3.7303383362758 
7.3822302789323 2.9130975053253 
6.4201737076031 4.5840959696154 
10.341341969379 3.3727409572802 
12.795330770258 3.7171940604597 
22.578430865662 3.3839316009541 
8.8534855614365 4.3658708535056 
14.559942707441 2.9129329921785 
7.0035223996487 2.97876991977 
7.702407226672 2.9438948629783 
7.4888145093592 3.1164867801041 
7.1370171086542 3.232348271314 
18.266298394364 4.2946437064591 
9.1553589204375 3.7545277146576 
15.276554732951 3.8523026953626 
9.0554191688524 4.083755252399 
8.1422823884434 4.0461237300105 
9.5979059314464 3.35233946057 
9.5098334394128 4.0313117404848 
8.3662668077911 2.9665865740288 
10.012465046744 3.0848236799732 
6.6955937737311 3.7068708331953 
10.148020236412 4.5477267861986 
12.129641267219 3.6840944568607 
7.5028951111468 3.6716065646459 
8.8900248193018 3.8523055477026 
7.5874076724825 3.7992049636942 
8.0456633902342 3.8412745317127 
9.9188890359256 2.9178195351502 
6.927245235791 3.3172009000681 
11.099329040409 3.1782991152943 
9.9945871628983 3.4562078071337 
8.2988799491428 3.8364677399162 
12.57962292593 3.2840947507925 
7.1859341697332 3.1769729795807 
7.1133848704059 3.8805679632227 
7.454712383535 3.4751477787774 
17.154661056491 3.2070757215358 
23.551943727213 4.1239045387581 
9.1032187084639 4.4165116470185 
6.0034116013557 3.6539724189694 
12.131088532442 2.9311272067178 
10.28776213506 3.5709881576981 
7.3555665826005 2.885147221771 
11.829275339356 3.7114458932458 
11.043686735732 3.5184496575906 
9.7472239765729 3.3663944287306 
13.775432777788 4.0490695586962 
11.411877739982 2.8862993777072 
9.1368678439856 4.4657454542466 
18.824658909917 4.0706941135789 
6.5932334503906 2.9906814573959 
5.9503335643107 2.9780035129519 
7.76916602394 4.5871262872 
9.2484073483117 2.8394669357055 
12.332595445481 2.9322902734133 
6.9003756786277 4.0966790925763 
12.069039332121 2.8685806664195 
11.855161596281 3.0969913600487 
15.473832372589 3.2829452227468 
5.9964996639585 4.0148310146135 
9.2426534250528 4.4659550159211 
11.947780306228 4.0874802161577 
12.396036287598 3.7559681944802 
12.795012556947 4.3902453435111 
16.556090205719 3.1396222911457 
6.2635379379742 3.4133654376142 
6.3283682956435 3.5948926134993 
6.8860577644467 3.5626950583572 
10.62728596532 3.4035154333439 
9.1642566135702 3.2551362771982 
6.3690649247237 3.8627783574164 
15.312785249236 3.625926185927 
12.162632328375 4.6221496927684 
7.7847871882351 3.4970969547589 
11.81133687942 4.4678389900728 
12.559422684995 3.3663410303604 
9.1217125323084 4.6162597439089 
20.389661984324 3.5942513768656 
10.187540158816 4.0585197369329 
7.2832607411007 3.1773918338572 
10.17904620212 2.8112357785228 
18.473600342825 4.1226069695432 
9.5928776290342 3.6243619463152 
11.729040441652 3.8537837723887 
18.495832388791 4.0519244455902 
6.6107532306224 2.9754147592219 
11.901607980031 3.0898601794383 
7.8279626314518 3.8525360802509 
20.875941274073 3.0924038926275 
8.0818103825373 3.6710377468846 
7.5922226496895 4.315098414944 
12.656634721329 3.4380116939203 
12.97425081947 3.1228720180332 
7.4686266389876 3.6904448359527 
7.938030974777 4.2593365121339 
16.473304822261 4.5543513343222 
9.489388672637 3.2826710416806 
11.644664617639 4.2243281213871 
7.2543825963691 3.868070133758 
7.1507620226055 4.1542091065881 
14.586275976253 4.5152588451152 
17.190210767678 3.6143075937502 
6.6290357579153 4.1839071667689 
6.206992075421 2.9554884899657 
11.007299723771 3.5451241276998 
6.1430627528946 3.2523534961532 
15.952453671827 4.4211546579044 
7.5277642301234 3.0716296564566 
6.5487830112736 3.9794233465024 
7.0803679413704 3.2905357687976 
9.2330206208568 4.4848309243554 
15.540582474429 3.0347896281596 
8.0846239065603 3.3160631129672 
7.0573756272723 4.1635802277499 
8.9560947770952 4.5631845846516 
6.4681211257663 3.6044713335513 
11.29834948578 3.8903956894072 
6.9541539761096 3.5203339449273 
7.9189299554734 4.1102274701001 
6.7710825931275 3.2003020233052 
9.8326099385843 3.4627566421858 
7.2471945090491 4.2503986293906 
17.968529547269 4.1511258704947 
8.8510467524934 3.7550804050664 
7.6440599768938 2.9544118471866 
7.538509826332 4.1359716327663 
9.3120591042334 3.0434118676694 
6.3882396862668 4.4267360202396 
6.9522953057535 3.0351552302718 
6.1796275936272 3.4647570593616 
8.912386544893 3.6237188678552 
9.4164747852529 3.5668835426351 
8.5679555280451 3.7368510903161 
6.849040267757 2.9125481102644 
11.756869089706 3.2643443038418 
8.3898712681597 3.5002004137827 
12.92653686947 3.2465410642479 
7.9322097252443 3.9583719524458 
6.1149292943993 3.1026314863113 
12.424654758514 4.0688833142473 
11.702546015173 3.4076449331437 
6.0432513927803 3.2296600700013 
12.042156402594 3.2109780730925 
13.01515279996 2.9342913265058 
16.011461684919 3.8851346417569 
7.0669019116248 3.1107123429472 
8.9531977523807 4.3256594985576 
11.787512616998 4.1130775358498 
6.7904640629886 3.6150093859429 
8.0842277446497 3.5788309885826 
8.1184135058822 3.5417823611308 
9.1493405529993 2.857910656258 
9.5005314054217 3.6410917708031 
6.4430210758697 2.9546398006014 
5.9706739231168 3.8301787291411 
7.6769236493544 3.7251459232651 
10.866199591749 3.5611058657561 
6.9644286911211 4.1458516834733 
5.9512842738118 3.1022365475743 
11.156069162732 3.8444464051462 
14.316441083933 2.8283910670593 
6.464322564552 3.8226383427316 
10.217870990655 4.5627886381887 
16.633179913093 4.5578769590297 
6.3021193872853 3.491760163531 
6.1406238221013 2.9331696939394 
13.91782148651 3.8413552510796 
9.0040790678052 4.4273579181942 
10.958382180216 3.9008972887255 
7.1779883539963 3.1371458702865 
6.5867928969874 4.2516500347471 
11.252399834815 3.4326578562711 
7.2651035804071 3.0471312790752 
6.1778114270166 4.3630021203784 
11.16715835383 3.3264831037414 
13.211000139062 4.4125729504487 
7.9370038669826 2.9674939995582 
7.2096861169908 3.7428613373749 
15.478557111123 2.8256732410267 
7.8404587145841 3.2781045846488 
6.4833082852237 3.304724676897 
13.715830313931 2.9958427173785 
6.1844133539679 2.9885424331737 
7.4602236201624 3.2785109346069 
13.990943850601 3.1432642218815 
7.5064713519854 4.4337002124875 
6.167296552837 2.9227766860674 
14.178186024532 2.8914850546148 
9.9938539797867 3.1879726211969 
6.9023919212029 4.0703281838878 
10.195484180738 3.0417022790658 
9.5365377020594 3.8300132741159 
10.55536930413 2.9618865560375 
6.8856660573462 4.0198479529718 
11.015314276068 4.2835361793672 
6.379148733601 3.6747618949164 
8.8508562956484 3.0980889684632 
6.1648696945883 3.4899923132109 
12.495443744049 4.3639614137695 
11.029997263688 3.9845945111216 
8.8435798795614 3.6844004099198 
12.765355243284 3.0864096232017 
6.2696546653946 3.2912040839487 
7.6757607284519 4.2277317938649 
12.363269959441 3.6879628908264 
10.04328839179 2.8209018587603 
10.244172452757 4.4847466227478 
6.1418750688751 3.3377285540347 
9.9161841083575 4.1185287464449 
12.895418082804 3.6184892293737 
6.9811235579241 3.1647845793598 
6.1795528225135 3.9035278536626 
6.0201763941332 3.3437341006457 
7.4251196548098 2.9219102568701 
6.9059724984231 3.1001307568467 
6.1556813203657 4.3460739712207 
8.6577656947352 3.3539742560928 
14.639210024321 3.8512676409059 
9.5886052983181 3.5708682931298 
7.6914790854362 4.0860452649936 
14.373916821173 4.3867970808076 
6.231543857714 3.3617796325739 
6.4036924764892 3.4894844681459 
7.1177623965014 2.9553136463345 
16.419677142678 3.0288978484224 
14.325845374721 3.92445328617 
8.7139491452902 3.1299948218281 
7.3561112436085 3.2834468095198 
11.550244436771 3.5533928156788 
13.64097283784 3.8866489526935 
9.259651474418 3.5327352470389 
20.738199607407 2.961060714221 
9.3535530306317 3.3199954193576 
6.5409953707154 3.362443978223 
10.821447025467 4.3682271395576 
8.8459015378164 3.7152138867105 
7.2090353154997 2.914592543676 
17.044737357475 3.7545952753898 
9.5615138008225 2.9982717425872 
10.569412391393 4.5259190178385 
6.8533336935465 4.1942446456262 
7.3109699686741 4.5189311545873 
16.337435772974 3.5587309146978 
6.2967947258556 3.4701132405275 
15.236786359498 4.3090730766921 
6.1951690927714 3.8907397047996 
6.6945808157203 4.3808739920089 
16.904869267945 3.0732188933995 
7.0798477129386 2.9816575906915 
9.0044625468444 4.5906980605682 
7.9777744727377 4.5576767043749 
6.2880735987159 2.9611370974293 
8.2865499475469 3.1398008760401 
17.116062811384 4.3408253506561 
8.3451634641244 2.9869726292611 
8.1930263855079 4.5473577488547 
8.7079128719972 3.6286734763923 
16.497364197693 3.3048159927726 
8.3315609182201 3.7981119287794 
13.95745391112 3.8524546501388 
12.548492676838 3.4862695665461 
6.3894133462334 2.8264307773349 
6.366176155668 3.8304259442411 
19.273991229511 4.576266737597 
13.828546196159 4.237892697032 
10.982254922228 4.607084574743 
9.1330663807445 2.9022562346276 
10.650950407467 3.3375127837944 
7.7937228735416 3.6574496384131 
12.139693652099 4.3451791945771 
8.1052491802839 2.9830804080264 
7.6736483375806 3.4296128958276 
14.209729926012 3.0410349757669 
9.9983325623484 2.9208201139954 
12.13325426492 4.4928078265942 
12.846871107946 4.295006735812 
14.708118783295 2.8721130900222 
7.4642649489474 4.0859876226153 
21.056934005238 2.9163401487779 
15.274880637579 4.4785401768127 
7.535442606975 4.5995040167692 
14.93764030721 3.4919302295263 
12.438012672884 3.6019659646487 
15.212713379532 4.385468494464 
7.0877954499216 2.8141437188187 
8.6899110607859 3.1394521570328 
8.0869663402916 3.4346965090319 
13.440357422475 3.4154261832333 
6.7572861621514 3.4998523329991 
18.609992734426 3.4320948980125 
10.870927886877 2.9316933636874 
9.5155709745128 3.2646205875724 
13.324682768615 3.5236590544551 
8.0464439897668 4.6086034830088 
13.115213956158 3.5491063148176 
7.1564108918367 4.2525701830281 
17.493213586093 3.862832895416 
14.955133863739 3.5594033127444 
14.171445934221 2.8326442297915 
10.787309069623 3.8334239733836 
12.658586232087 3.9699837285629 
7.8626091546644 3.0265524118832 
6.2806845222019 2.9309685797838 
6.2415676306834 3.8236787002364 
6.8274657312997 3.4522925642419 
17.579704003326 3.3930066052058 
7.1418652947657 3.4940938543384 
10.978446553941 2.96039838409 
8.7110177204727 3.2391715148218 
7.217352985074 3.0647510527771 
6.2929067185608 2.987689245512 
11.779226738325 3.1878115581869 
9.9476706726639 3.886030169846 
6.3608790942481 4.1178421848452 
10.452697048699 3.7707276208775 
12.005124086816 4.2424789881196 
6.3688400090878 4.2731081464335 
12.01108599473 3.8405099017462 
10.729184593846 3.0194647983053 
11.783341050634 4.586529367739 
12.524494800567 4.1185323146318 
22.416673106927 4.5480394212752 
8.6774513640384 3.1409776814286 
11.167111018208 2.9873185249312 
6.2645613323659 2.9321310020417 
19.850084560643 2.8810699625785 
6.3833159350419 4.1021287147214 
9.1777118346528 3.2697216163396 
11.247949482209 4.0950596354273 
11.221212118939 3.1196559705201 
19.859349249021 3.0962843169386 
9.8180741665409 3.9882718607719 
12.23024838713 4.4943548338097 
9.3048429733361 3.3260544149854 
7.5155945191915 3.1314901403998 
9.5387548794238 3.5931084127789 
7.8668295820485 4.1142687236651 
9.2281419449125 4.385956560704 
10.63054653634 3.9768259466161 
6.3463247700601 4.0883553816418 
8.9692520754259 4.5329426101547 
15.490172736649 3.2694547211598 
13.349029892043 4.1483036076279 
20.702997211608 3.6313002272465 
8.141314409905 3.7205404822402 
18.405336122582 2.858419373017 
16.110298695363 3.0248436828521 
7.0512692760286 4.1622965256306 
10.342740317934 3.5260372696306 
9.3268786771778 3.5054402995855 
10.73766667223 3.0718601676105 
13.442691752871 4.4393082995616 
14.789700487024 2.838036587802 
11.897963533251 4.5447694580848 
13.138559386244 3.6988167774476 
7.2272249793247 2.8584049205002 
10.912811707704 2.9268221663818 
10.067561913117 3.5148015193125 
6.3435884945223 3.481138478359 
7.5987640918169 3.1391146408705 
6.9778561706416 2.9949389725426 
14.043848353793 3.4583228353511 
6.4896043617952 4.3155347033241 
8.8828005403501 2.9760276119061 
14.414802100724 4.2905841868335 
10.160514121084 3.9232695097765 
19.401843183959 4.0870221959428 
16.796582320976 3.3931052684399 
13.629755293318 3.0924710341123 
6.8425413339166 4.0629326083157 
9.1013455696537 3.211005008686 
8.3743225143874 4.2496221603629 
18.878987601765 2.9641048635331 
9.6378797633215 4.1344501397965 
13.886636850714 3.1151874105705 
8.0747256636462 2.9702045583939 
12.223303873064 4.0385479792144 
8.0439939100619 2.8901323580894 
6.4370360645345 3.5976726995855 
6.0192476567756 4.6009839678356 
10.502208782048 4.2697229453309 
9.7574362855425 4.4164194925876 
6.393892246286 3.0599842486056 
14.485146438307 4.1455498816908 
6.6452424032917 4.3660423972976 
15.826904784324 3.230724563598 
7.5011595569657 3.2977451176927 
10.052758604092 3.4362643553197 
6.6143060190147 4.4759732887906 
7.9019400185316 4.1983181780829 
18.605977333095 3.423803485139 
15.374267287182 3.3358811633699 
11.52493082341 4.1893434256531 
9.2693722499715 2.9690130469271 
13.60339061026 4.2297484759482 
9.5871445635388 3.553296889001 
7.6689700163212 3.3163408212606 
6.9579729274302 4.2049220680515 
6.0138650270505 4.2015764604378 
14.454178364254 2.8123135738945 
12.658616423746 4.1448881093554 
15.593883283445 3.504153003081 
12.338064616815 4.0515420241363 
14.691753387906 4.1494130378267 
6.4490745997256 3.8029378861669 
6.2411314535528 2.9512849251804 
10.042330247522 2.8720307933813 
9.4055304781028 3.1514790970526 
6.3233932095373 4.1499026390413 
6.4358251032882 4.2107528298865 
9.0577445421639 4.294670605955 
6.7002096345593 2.8156226750301 
15.05667467315 3.8266231854502 
12.202580143646 3.5982038040312 
6.0338982571916 3.3736031028489 
10.978600519051 3.3221548592491 
10.677514674523 3.3215093450767 
8.5123435519087 4.4229728504653 
6.3845126985571 3.3644890446229 
15.054996615109 3.9592849527222 
6.4250550245399 3.1537811380263 
7.881254380218 3.4115263895968 
7.1559683558192 3.3189444234163 
6.281270590372 3.3064125773286 
12.322960115751 4.3568360542889 
12.883021354041 2.9634215118232 
11.349491528156 3.5268312660566 
12.713440907568 2.8376519314419 
7.7990081545963 3.1787923902951 
8.0882272699901 4.5588580094602 
10.88080075574 3.6163835375477 
17.333138846175 3.5305658039009 
19.956824371704 4.3724396389472 
9.9646374271532 4.2544956535453 
6.5599478896417 4.2086573036547 
10.317686633262 3.2290360748239 
11.368782130647 4.134935042215 
9.371647651763 3.1936420262504 
8.2830556747676 4.5371377520725 
9.7284360213158 3.5765656667193 
9.5355048692408 2.8160578080074 
11.807858022317 4.6032551244336 
13.764619960356 3.2148894957062 
8.1666214218884 3.0490800507891 
6.7037324905489 3.1665172542047 
6.9985474186077 4.0322269660288 
7.0136329164221 3.1581917203974 
12.471760594259 4.6322172498434 
6.8886376575722 3.2460975982376 
13.030500579098 3.5151509250705 
12.673928330395 4.4038007694838 
25.029081940771 2.9761334337951 
6.2506209793581 4.4471428664484 
10.282925518886 3.3054393347934 
6.2503405394655 2.8689009127047 
8.422202258154 3.5305700931358 
12.573742760528 2.9371445529435 
6.371019277563 4.440859908367 
6.0494642762198 4.0414689097817 
6.056926931643 3.3456977944078 
6.2582062763372 3.4320512949438 
11.991779862497 4.2432581992781 
6.3748977319316 4.1725396013141 
7.9502891900731 3.3508385625798 
6.1275090909517 4.5281359145666 
10.34595605338 2.8249878382192 
6.8280760566739 4.4017153048161 
6.9959279671772 4.1305558938305 
8.5594335073951 3.5778878554077 
9.0531205892969 3.0998830401464 
17.308371336822 4.2285506456278 
8.2757377933805 4.4405693385363 
7.8193096043935 3.9646166463086 
6.5187075055403 3.2271720609877 
6.2174430230892 4.4874307842411 
5.9800020138721 3.1436590456633 
14.451198023502 4.6402560118282 
6.7804446006153 4.0245787654253 
8.8440155020557 3.9863092349907 
13.934634096199 3.1990819825805 
7.220133222196 3.6181227973061 
6.9437309070431 3.627754923203 
7.970907322276 4.2153894259677 
8.9003920703087 3.1705496509495 
6.3881926672203 4.3087112911049 
8.2230912033365 3.6601036110717 
6.3195897048804 4.1650111588932 
13.214989794765 3.810372562018 
9.493336390336 4.1099782232862 
9.3776956787248 4.0631824807968 
11.433066138621 4.5235530487798 
7.7302146360021 3.9807804887074 
15.414137760728 3.9923465839635 
10.67727478925 3.7893982710377 
8.3387357065991 3.7686925724855 
9.5803079406932 3.5258938833951 
6.6764994755834 3.8137179735035 
6.4832934404309 2.8237916629744 
9.1227864660653 4.4751896386333 
7.3036693132472 3.6221289014903 
7.6580198582376 3.9569334970881 
11.518174552654 4.354393841239 
6.2316898553493 3.6965807893866 
7.7262680811178 4.2618573670793 
6.5543275129732 3.623908084023 
9.622464601677 2.8417993537803 
13.501003630768 2.9947181160389 
7.6751255802349 2.9677639209348 
8.8229777029221 3.0528143859218 
6.7381957775625 3.7233079235031 
6.8654505866778 3.6543486048194 
6.1925767586382 4.0403035011265 
7.1683305461698 4.0283810677436 
7.0135962251834 3.9180346439891 
8.0158089627658 3.0248984070079 
8.7710293720404 3.9417170380483 
10.05614531644 3.6006602003551 
6.0748244628791 4.6379843303099 
19.495348638836 3.5823886309849 
7.9203163924599 2.8173756458896 
12.302046901099 3.9048817929331 
7.8292085793809 2.8958874161677 
8.2900387477056 3.3449428893918 
8.9945726720702 4.40335203678 
6.7303253061228 3.8833078724194 
9.4318027850472 2.8192052727963 
8.1669471933167 4.0278636335252 
8.466385090288 3.8085040616564 
12.887832379994 3.1864753178318 
17.195213692214 3.5003208414897 
5.9652627717355 3.9596348592809 
7.7154668573247 3.3018163942476 
9.1190236694983 3.5922582147392 
17.788019948296 3.3835227057069 
11.697429221797 3.1790120408812 
9.3182943631738 4.3659423167339 
17.901921483723 4.4660122965089 
17.878546972454 4.2161041231433 
8.6860960289999 4.2288920223768 
6.9364354900163 3.2517224789881 
9.4639660485921 3.5402191629868 
9.7985632117041 4.510461326654 
20.613442487833 3.1818135039747 
7.560357301364 3.4443320975315 
9.5174171009925 3.2332071325619 
6.5469366616216 3.9072824729691 
8.2680546642989 3.9494186135867 
8.8938220693699 3.2795338297546 
7.276995705274 2.8648375013238 
7.0201270139252 3.2239150227255 
6.003579062097 4.402715388609 
9.5438877869495 4.3771003501391 
7.7331380379722 3.1942032038084 
8.9155150554549 3.6459286023274 
21.155794199798 2.9582362373724 
5.9750644808761 3.8532772507595 
13.172704217182 3.6864194429484 
7.4467128654824 3.3590189271577 
5.9713306524826 3.6700121451196 
13.069110199136 4.1809484831821 
9.4887477119406 3.9062675709339 
11.028686207038 4.4376741200924 
7.6639707226649 3.6256362562222 
13.015479680961 2.9849605916546 
13.435539581813 4.5129646350394 
9.9963247876109 2.9999072144017 
10.579340182027 3.5170273690708 
13.528735876415 3.4047931168869 
13.109823962202 3.5413843784909 
12.074890402807 3.8070174238322 
6.3599355568926 3.1170560246763 
7.5604193334091 4.0859556267754 
13.096951314781 3.228834009489 
18.527173625329 3.6394074958805 
11.578526177294 3.4557092518467 
11.35360795467 3.859356364987 
15.985666570636 4.3610476375754 
11.037224964047 4.3393970993577 
15.193056839405 3.828554150434 
11.056542785096 4.4442098584541 
7.1910013447499 3.7646470069686 
8.1735322295101 4.1987022751174 
11.553018803834 3.6750839773762 
8.760468352498 4.6329266299881 
15.00249783323 3.1464887901375 
8.1344020129462 3.0597693804737 
6.4198805575056 2.8957254266706 
7.3143812185872 4.4201753365288 
8.9956953301629 4.5025862234493 
8.9909608637937 2.8519948307603 
9.5279406590029 4.4983494437117 
9.8335797536382 4.016615024877 
8.9550605957685 4.6001244894147 
7.2409496347741 4.2013283944064 
13.363102010783 4.3633601633987 
9.7008045995139 2.8910733321628 
6.6878688018678 3.4520018957422 
6.8584922603255 4.1211135843488 
11.098345581874 3.247524583721 
7.4668018433311 4.1442548747807 
10.595645242873 4.0565766001152 
11.158684417953 4.1860435217408 
6.9175340364311 2.9466869625998 
10.529368982242 3.778273363114 
9.8121033748748 3.3784919362139 
8.4561010424614 2.9885238901174 
19.162540630482 4.073036480545 
11.926191461836 3.3616779882908 
6.3763101928428 3.3486589658481 
18.089656376021 3.5234796177925 
6.4976054787538 3.9484641458641 
12.351533103791 4.1574413330063 
13.641221007914 3.8659880960085 
6.3711599399254 3.8006422073731 
16.797788655815 2.9030814194534 
7.9898561658038 3.0301085379372 
7.4985265037146 3.3995111896982 
6.0921035895589 2.9743409387489 
10.482290370145 3.8955183464988 
7.3889041274673 3.0183825571559 
6.5213217815098 3.3855773465703 
8.5319080900397 4.2004473482908 
6.3971449244267 2.9742092935361 
9.932484926143 2.8437044386963 
10.690229495577 3.2274963161741 
6.8531472223999 4.5713401098919 
7.0202967389945 3.9795072471843 
6.7164095143934 3.8818462971993 
7.2139013746013 3.7430883919524 
20.320588663053 3.468365698862 
11.373116497581 3.4433830123572 
10.038153821645 2.8881380416203 
12.575149866709 3.972847507351 
7.1028019295581 3.4090642634852 
7.5952436779238 3.4447285191637 
19.855402423324 3.5999343415227 
6.268972401571 3.308754538441 
7.1496596415969 4.3198149166949 
13.803700031235 3.8010790142953 
6.0943716444178 2.9858238806969 
15.072954713682 3.9522353273905 
14.617952939326 4.4560164496522 
11.073263610574 3.3811388028649 
8.0368575817022 3.0741754568 
12.512902904836 4.2815774651267 
11.418965931336 4.3439186502145 
13.597206164514 4.1870093416708 
12.798983880716 4.4644095881139 
13.808006147745 3.116125929266 
13.475511364289 3.5279620678708 
6.7648240607779 3.947720539684 
7.676736249057 3.9471264961377 
8.4168865329462 4.4058471538264 
7.67811574463 3.007929708626 
7.4257287194135 3.940557350545 
6.9983152974814 4.0617071623216 
20.069775497792 3.9378380324342 
10.935039681374 4.6065527480445 
10.440779013003 3.6593292511447 
18.615505525826 3.94946126335 
15.217154619975 4.2135434074016 
18.837312429218 3.3290915164832 
9.3177611609699 3.1599885227971 
7.3188928740083 4.6081578019208 
9.1454303790465 3.799464841362 
16.628187033162 4.0690671293583 
20.742025120121 4.3473653934075 
8.6599064030499 4.5701415789479 
7.3521579871401 4.3943449563804 
6.8573862438309 3.8278311595749 
9.9204216223575 4.505666710469 
10.036624451957 3.5349991812457 
14.465090925353 3.1497668464066 
6.3021809606117 3.7000764689587 
11.719952089527 3.22894708836 
24.847724048422 2.8493813405073 
10.743843242581 3.6713569811904 
11.255044675454 3.4636775659505 
16.053878791848 3.3559434900353 
6.0994371055388 3.4132698871586 
6.236977147385 3.7982102846397 
9.7943843415406 3.6082361511523 
15.683145797704 2.8759689676635 
10.631757463848 3.454701895288 
8.3040906047354 3.0972461282033 
8.1032664967399 4.5002247327156 
10.070569270701 4.1427634566044 
9.0901140450536 3.2563824392793 
6.4244016475576 2.8491732832621 
8.7279993038693 2.8989972288975 
7.8172686541792 4.032662970593 
12.108517873956 3.5669854097552 
9.4699872878425 3.2097741671961 
8.4414285448962 4.1190599981401 
20.054273929475 4.1276801479985 
17.618315827979 3.1854883565841 
9.3190801121012 3.9372707600885 
13.573581565618 3.7517836699091 
6.1930747105316 2.9280943859244 
9.0442637711763 3.5671046330551 
8.7629006857813 3.7681630133933 
9.3122246827548 3.101813616756 
6.5690422822262 3.6066319227685 
13.205573523052 3.3723910256731 
10.254775246969 2.9271095912635 
10.013483642366 2.9723037345131 
11.711287055732 3.1614544238237 
7.0481534867368 3.2801862755404 
15.902109836141 4.6177557735024 
6.0855736352377 4.3715078760993 
7.5147802104786 4.324188015045 
8.1444737650332 4.3732858429383 
6.3844282183343 3.9579245025323 
7.7505490658423 4.2738796231417 
7.5617615017376 4.6026989912785 
14.745519436426 3.8088248060813 
10.488530011371 3.7838830135982 
10.321179573375 4.2537490019507 
9.6650308241876 2.9590907858565 
8.4578905633807 2.8470260947532 
6.326709814583 3.7047397194028 
6.014803261847 4.5487855797106 
7.0874943919105 4.1037778983268 
6.0971037495706 3.4653231066027 
6.068062918161 3.1688292725362 
9.3343818898018 4.3570863733126 
12.071692907747 4.5430939960346 
16.091042405084 3.0969429858025 
6.0904165854101 3.2972259363695 
12.670454939162 3.6010325910259 
11.530657505108 3.811590052513 
6.5162065406579 3.5970924828536 
6.7561684790081 3.8389694494252 
11.805602602174 3.0900355840445 
8.8863746933526 3.9615143103571 
8.8516876690536 3.6977805462468 
13.260790045763 4.0456915641701 
11.05426006177 4.131108362638 
6.7028494716231 3.2003979556944 
8.1878177728705 3.1329448564955 
9.233431932712 3.6025503477628 
12.427247423766 3.5715400417929 
10.661478501552 3.9620256675701 
14.610357562976 3.3662632636008 
9.5976347556389 3.41075264175 
6.0890591413063 4.3038591631597 
15.607601838539 3.2797671563143 
6.6928418298664 3.124253585239 
11.842972132903 3.4746300864792 
10.146408192746 4.3755703449594 
8.8055814794056 4.0971102184804 
9.8978507459996 3.9597143049946 
7.830316865825 3.1692584984576 
7.1477490322063 3.0191968954127 
11.268451373106 3.5636443615768 
10.483756075878 3.9589335093814 
15.605670392206 3.5708090230776 
17.820715937241 4.3182996036353 
15.102046150792 4.144218845547 
16.572892137094 3.9450820622297 
6.701730276934 3.589573516785 
8.630582962784 4.3757923457026 
6.7323284143003 3.4836550527802 
18.695063435374 4.1040804390699 
7.1278234439133 3.8195182912295 
11.036111580301 4.3722317406677 
16.739567503476 3.6004202551884 
20.067234504141 3.6019164245901 
14.782062692147 2.983840056487 
21.774019955356 3.456485809149 
17.369115335113 4.5481701342336 
14.448241534505 3.1253952021603 
8.9148050211519 3.3517073892008 
8.6196941002682 3.6157130049638 
6.0788261153531 3.2764721958674 
6.9534365113761 3.8739369206299 
10.11276404027 3.159861688184 
6.6181592778348 3.5224975818889 
13.88088040513 4.0253697261688 
14.54094742289 4.3314844067492 
7.67999835402 4.5017909924934 
7.9434354122109 4.0662458080798 
9.6198867351482 3.1860300627936 
8.625024639154 3.3133495011124 
7.3766301281965 3.8112381035063 
8.928930931302 3.5990079991264 
9.3240789107752 4.4840645189639 
8.5933886688554 2.9735564656534 
13.619006127619 3.7939741437712 
6.0938149576883 4.2595375025574 
8.2827303444408 4.2468776798746 
