-8.0828396049997 0.7631488654476 
-8.815211309112 1.6423174766701 
-6.0913942920781 2.1890634458026 
-8.1925433587668 2.2852647895835 
-8.7082176803801 1.3758041955061 
-8.2313389488572 1.940841788255 
-8.7017347445227 1.2098332657264 
-8.0330482337631 0.96032970879161 
-7.5443965300487 0.85442423787299 
-7.5757122781348 1.6100639802145 
-8.1460997441976 1.5434370795229 
-8.2606075753732 1.8087434860861 
-7.3341759227598 1.3539932002595 
-7.4240694914818 1.1967082805573 
-8.9587356260876 1.2433558430463 
-6.0907071745873 1.8012613784288 
-7.8297845922921 2.3446714151547 
-8.4855575934841 2.2285802269819 
-6.9556294156824 1.5440790884 
-9.0178726383552 2.43430515602 
-9.050843586476 1.9114312086641 
-7.3784848607119 2.3462809176316 
-8.1849503497641 1.3205556790051 
-8.4351467284214 2.2753156390125 
-7.5178828527189 2.1869924792523 
-6.0768266328656 2.0018420101039 
-7.3222710071652 1.295484552336 
-6.6466039997684 2.1592533053044 
-7.4843425582948 0.83697550340322 
-8.5912240015999 1.2474666219673 
-6.5509769115216 1.9586975402071 
-8.7754743566758 2.4333832950964 
-7.1938435013204 1.656741722533 
-7.0436489897179 1.7381256841389 
-5.9359389581227 2.4351611241764 
-6.2808720038188 0.96193944998624 
-8.170801209947 0.90256628821939 
-6.2488223549144 1.4590820765979 
-9.0458330300071 1.3564408473992 
-7.7871585800667 1.5132990684623 
-7.06941506564 1.9561647047504 
-6.5318394996625 1.0361478815521 
-8.670998385702 1.9686428465358 
-6.2521665000877 2.3466194069782 
-6.8112282103112 0.92585415704788 
-8.7311164582831 2.3384103154728 
-7.1080280442534 0.94828299728325 
-7.2958552363775 2.095094648565 
-8.2166102961475 1.8722203874008 
-6.9009918311111 2.2061550504194 
-8.8994854582384 1.6440885609949 
-7.1953998184932 1.6381417013421 
-6.7819488334605 2.2717434540918 
-8.5159757875684 2.0975601299556 
-6.0411853509606 2.2766927498354 
-6.3622754351115 0.85940016495221 
-8.7751921711063 1.0894236268113 
-8.8112479164554 1.3319696933492 
-8.4484687783706 2.1770648180997 
-8.5958163955298 1.330839277586 
-7.3691666669031 0.90617221038199 
-6.6883613209994 1.0070808572924 
-8.4438660757825 1.9732740025358 
-6.1363793588028 0.86708132694025 
-6.2070362624475 0.80907388347535 
-8.5660162492224 1.8190942818731 
-7.7899582897079 2.2018636404388 
-7.9456734264111 1.9625976942012 
-8.4867451006974 2.4092400345016 
-7.7607541158589 1.0766343935553 
-7.778777280245 1.4656626494999 
-7.5796001777288 2.1703017231096 
-7.2814280138625 0.85743543379588 
-8.7020761702574 1.8011585569439 
-8.630618147766 2.3880605840367 
-6.0087609745863 1.6228456428173 
-8.8153676126996 0.96098220182905 
-6.1163932235336 1.259876723951 
-7.485057439008 2.0386478566576 
-7.1413461385452 1.1799603954406 
-7.8855134235004 0.83084315450285 
-6.2016399289082 1.1794312085609 
-7.6570728449205 1.7157125600875 
-7.2972714740919 1.3548349230609 
-8.7630717634802 1.6419329648794 
-6.9561232468655 1.1198662965683 
-7.0457408894597 1.3344413264448 
-7.7338233331626 1.5644346246486 
-6.5783522767867 1.8582649150283 
-7.6048210035837 1.6905093435936 
-7.256744303086 1.8445763484951 
-7.1778355058051 1.7150831651653 
-6.3063362398473 1.5571115860934 
-7.7485575965528 1.2054360534239 
-7.1474165941314 1.9738406993655 
-8.5099084742419 2.3002236546896 
-6.6555503399234 2.1399935300694 
-6.1202554257099 0.92273126277339 
-8.0031432334117 1.3403986762541 
-8.5284316076646 1.7381652141809 
-6.4764281741243 1.1927698084599 
-7.0888547308423 2.2468719253855 
-7.5529537899957 2.3986480395425 
-8.0202753034742 2.0791576045174 
-8.9540718287937 1.1440228164539 
-6.0732227721302 1.756531695197 
-7.4829016464866 1.9591059233877 
-8.0127624737059 1.6498280898858 
-8.1771298182972 1.3879074724398 
-6.8850235793185 1.0483166817325 
-7.5832130492868 0.95523402460764 
-8.0997862351601 1.1526907951122 
-7.2324192961565 1.982283620278 
-7.6220840867753 1.9600187142786 
-8.5752930402321 2.2886876865172 
-8.6369729697506 0.99130409294951 
-5.9387087659955 1.5411284149743 
-6.2006479580865 1.2346828161876 
-7.3213258720713 1.3012255783246 
-8.3818970314209 1.6603214072724 
-8.8480349214422 1.8062537203847 
-7.3577441259349 1.7510437782174 
-7.76639782327 1.2642592748727 
-7.6482588249588 1.1889827782698 
-8.9669002549693 1.6636620729398 
-6.0494705834596 1.2524528202157 
-6.7420530250424 2.0115201487389 
-8.5761014384602 1.8223215704833 
-8.750923755644 1.9784535442201 
-7.5924860354064 1.541124822732 
-9.0865466325942 0.83176434243815 
-6.3941772889635 1.8129137112485 
-6.372653401167 0.77407155001246 
-6.3571896472118 1.2582096200313 
-6.7941577524748 2.2421760315156 
-7.3351816221215 1.6058790281525 
-8.8686507531008 1.6679708963398 
-8.9804426308368 0.78497227000396 
-8.3351398175454 1.3855026649927 
-7.106578587225 1.1671381655825 
-6.8117381406134 1.4115307648545 
-6.6142228316052 2.0780393449796 
-7.2136869244127 0.98875789048683 
-8.8019980325786 1.2477345173956 
-6.7993005393235 2.1724308593131 
-8.7313126008713 2.1269033142593 
-6.2852986376026 1.7330056257773 
-7.2172062655368 1.7284794982018 
-8.3771734541268 1.9921712092392 
-8.7648240169493 1.6153467278204 
-8.2790247724319 1.4922086712848 
-6.9646820236245 1.8359306846054 
-7.3643914976829 1.5180838390808 
-6.8657477744499 1.3407902415033 
-6.8960266746601 1.8079148875003 
-6.0937704173045 1.4828175976756 
-7.9967374871037 1.7633270945662 
-8.2672418063184 1.960805550912 
-8.3821439553214 1.9424941319472 
-6.9948604129598 1.0393345469403 
-6.6465763499157 1.6145861783811 
-7.391916811796 2.2591674357974 
-7.3105349658105 2.0171508982216 
-8.2312031263675 2.3946352100569 
-7.650367339841 1.2147449302658 
-7.7397197900462 0.83230702529057 
-6.4619066576996 1.4959619867438 
-8.4355151350986 0.92486783047432 
-7.7735703071222 1.3164421906425 
-8.9697730448876 0.80502274457164 
-6.9073991984621 1.1847503730887 
-6.7770627549655 2.3855672670246 
-8.9715224579765 0.94203328933202 
-8.0573889485624 1.3874062458201 
-8.3766574504163 1.6071239804756 
-6.9825783466405 1.6711934388903 
-7.4973005242527 1.6868361928709 
-6.6685492907644 1.8453583754715 
-6.0256015528401 1.3480248683141 
-8.9080727387819 1.8962390485979 
-7.7851967744533 1.9540052361124 
-8.4682011560152 2.3656279915296 
-8.993942782964 2.4066181270374 
-7.9950736882238 2.2774235585327 
-7.0867474858724 1.7321413050824 
-6.5213490807995 2.1849922630218 
-6.2925003091387 2.0003730169005 
-6.975030511353 2.0186832111464 
-6.4544808671661 1.5723750495238 
-7.0398974678181 1.5467452538857 
-7.4528514358436 1.1097827696206 
-7.7997689987243 1.5144115883352 
-6.087884419565 1.6232442139713 
-9.0392407747686 1.3786561557855 
-8.9999094877981 1.4649338363585 
-6.5175591543647 2.1756573882725 
-7.5824302628865 2.0403743675542 
-8.6174404959322 1.8705137552649 
-8.6707575065561 1.7941473760077 
-7.471897915742 2.0764597031092 
-7.5820703079566 1.1715516960298 
-6.5021861668963 1.0332557914681 
-7.9474550094385 1.7153603515701 
-7.344242259887 1.563326592966 
-8.2194711509555 2.2121743061092 
-7.4936729055612 1.9464517345899 
-9.0841854634964 2.1734945566218 
-8.1947460492934 1.8769692627831 
-8.4983810108501 2.0378560353415 
-8.4151907862259 1.9009404069906 
-9.0298665102423 2.035020237628 
-8.0412107544567 1.6830267386325 
-6.0700311509824 1.9176197558791 
-8.8178148689395 1.8752470568859 
-7.4978419089762 1.9306705478869 
-8.966539412573 2.2563344033398 
-7.1804884222715 2.2790767452185 
-7.8741805430979 1.1689837070265 
-5.9326102222212 2.2233850102342 
-6.6084173551785 2.1660466206456 
-6.697339919677 1.6311301077746 
-7.1609735709359 1.2446163202216 
-9.0230272768918 1.8496118428784 
-5.9266587332644 1.653891591772 
-8.3514479876882 1.8948015962903 
-8.627494373056 2.1132770539544 
-8.7945294945672 1.751589335175 
-7.5214339947712 1.8663216682161 
-6.1894335851198 1.408365352333 
-8.3034228628199 2.2341951845459 
-8.4530814071184 1.1845307273424 
-6.5140275304055 1.4364332146134 
-7.2597787737131 2.1664285269456 
-8.8035543350198 2.0089859368948 
-6.9333840653625 1.7260802604373 
-8.4351351437113 2.1418472819419 
-7.0777835454016 1.036202677895 
-9.0774939222359 1.3360611644628 
-7.232753110953 1.1776517307764 
-8.6440311759889 0.90706168479511 
-7.5939480740607 1.2962841210431 
-8.3209287517192 1.7746064732828 
-8.4436914309576 2.4244423004008 
-8.8619884549203 2.2011955835454 
-6.1454984723772 1.7059140114484 
-6.8116775685968 1.4859692901463 
-7.065579045429 1.439829146446 
-6.9468068185857 1.7436799510042 
-6.9439632205419 1.5115342549934 
-7.8778381805024 1.7515375496614 
-6.4831990960783 1.8951694234105 
-8.2797498879713 1.4089306247143 
-7.6018719018691 1.338358679842 
-7.349496185853 1.9412650785666 
-6.0542473642117 0.88462116087682 
-8.2346305567117 2.3195345112358 
-7.2516144348739 0.76068616993179 
-7.6933543024255 0.92016400442128 
-8.2791370369557 1.8395502456071 
-8.11555832098 0.98703048986318 
-7.1436891323541 1.4073106605755 
-7.1356687947394 1.9718652204209 
-8.2594374189727 2.1728519571531 
-8.3827874358918 2.2572636802286 
-8.8086490186834 1.6201016854531 
-7.8892077704145 2.0641851720995 
-7.7567930013657 1.4861528518593 
-6.7286540873683 1.2826247094639 
-8.9122316446163 1.2792858047691 
-7.1652866320675 1.2170814192749 
-8.8816024678415 2.4280273880589 
-8.2742892290183 1.4710945203406 
-7.1652649632915 0.79330570692062 
-6.0326919723362 1.9957579434174 
-6.4306346365319 1.2660223936832 
-6.1057089964401 0.86226950513394 
-5.9870332558793 1.7571714366221 
-7.5493279264833 1.2055977817118 
-6.1891649956166 1.3350298257227 
-7.9762532032761 2.0509263679209 
-6.1040340102462 1.6063513577874 
-8.4389320626882 1.9107230804206 
-8.0189924963997 1.0095446967451 
-7.5310109192995 1.6735567725379 
-8.7731716670718 1.1588767832129 
-7.5420699445814 1.7538044173928 
-6.0461335393953 1.7115673553268 
-8.0614186620063 1.8522154847815 
-7.1044097716503 1.2781846330362 
-8.3861321424759 1.0046965297472 
-7.9186449188042 0.88969624721187 
-7.4879808613019 1.4482836280551 
-6.0455945297122 2.0238939490295 
-7.9362748996585 1.7480104308009 
-6.1962034040082 1.9219293621227 
-6.7535191826974 0.7957894753467 
-6.708908786009 2.3924865621182 
-8.6968900451292 0.82795020419883 
-8.6822199969352 2.2361460867068 
-8.5948637278428 1.6678681481328 
-6.5361685665074 1.6420296688197 
-7.4908849425112 1.8468709475934 
-6.7609920438375 2.24585914699 
-8.0612025749203 1.0844696400362 
-7.4048793271891 2.1618368272446 
-7.4066858562806 1.6577593722992 
-7.3976757119662 1.4297903440388 
-8.0104789415449 2.1792347025034 
-6.5287565025989 1.2878893900667 
-6.4564745672369 2.0078608562502 
-7.034552377199 1.5177077914661 
-6.1960052717574 1.4859723305933 
-5.9707847211904 0.80271178962819 
-8.4164114983003 0.83438479644732 
-7.5093320237854 1.7441195029247 
-8.2564650137217 1.0611216998665 
-9.1049232854331 1.9485072529183 
-5.951242484475 2.2303964571891 
-8.3381610062883 1.7741499438611 
-8.7192425798668 1.5542781317773 
-6.1326051715257 1.3151359462177 
-6.4514558364224 1.0978592017355 
-7.0836371051583 0.84026760033838 
-6.9180371224692 2.1288391185535 
-8.252888041568 1.9715102144784 
-7.2377083834274 2.2327279884455 
-6.0099010921208 1.5828792468433 
-6.8719024370789 2.1035637958477 
-9.0806415876828 1.2622246494842 
-7.7325211600888 1.3176368098889 
-6.3799186566921 1.5374932958691 
-7.252575671199 1.8331934728714 
-7.5336385811372 1.8318497163428 
-5.9096596296973 0.92575482500249 
-8.155102937562 2.1813252359102 
-6.1657864069584 1.8646062738481 
-6.7409825510688 2.333874266265 
-7.5496595424424 1.7561086429258 
-6.1408600228297 1.359699557315 
-7.9645490334291 1.9028055710156 
-6.014028867063 1.9097655201968 
-6.4468339236124 2.3091660159854 
-6.7170827148157 1.8118527872893 
-7.590601484608 1.4222554339644 
-7.2030099567515 2.0148145641177 
-7.5117888719367 1.9759305675371 
-7.5051398947884 1.9397715328801 
-6.525529200473 1.9665735158207 
-6.7688894899181 1.7109562705659 
-7.7231784214796 2.0337984129163 
-8.4994488315406 1.3867979915036 
-7.2059396599469 0.94974697427817 
-6.6714983068163 2.261322337333 
-7.8885088541995 1.8896295060773 
-6.8650371793426 1.2161321954586 
-7.6113392874467 0.99909058017462 
-7.8271282184848 0.89247509462821 
-7.4957442882013 1.689930205681 
-7.4437963382255 1.6415539661107 
-7.1114486155333 0.89794728994099 
-6.0372876825768 1.2489901269889 
-7.5158191589194 2.3149238909865 
-6.9663789935307 1.7298124743515 
-7.6261764203025 1.5186694292853 
-6.7918288178145 1.2218710904612 
-7.4286361723025 1.0476423065387 
-8.4976828167277 2.3121989971384 
-8.978682187681 0.97911466227329 
-7.5151647994032 1.2484174987336 
-5.938006778968 1.1587600400713 
-8.9565179988242 2.3323739803489 
-6.5638126033157 0.77904179197819 
-6.6972940688031 1.6823547858396 
-8.9783017190921 1.4530178968533 
-7.2150011491606 2.3221464358326 
-6.8132059725004 2.0812872435032 
-7.0522637720149 1.6250638883027 
-8.8795180205985 0.83477052842963 
-8.649441763806 1.1889858742268 
-7.411687660032 2.2001280586846 
-7.4354695222841 2.0929778970337 
-7.4014288438703 1.6896300527112 
-6.7311772340602 2.4239959973342 
-8.5914038970782 2.0754824079866 
-6.5323041157832 1.7990433743697 
-6.114772755254 2.2162966802748 
-6.3817235790781 0.95211387415077 
-6.6798397778983 2.2099317477436 
-6.5771911600867 1.0984255129901 
-8.2681024201571 1.3474756317903 
-8.5631840528981 1.2851024828439 
-8.5291642132927 2.1660937767538 
-8.8476765886571 1.7714108547108 
-6.3741088084536 1.827057729335 
-7.1535000424877 1.603786985328 
-6.0185166459178 2.1274085658617 
-6.6861959208272 0.99606516197968 
-8.0061906854782 0.97711272702339 
-5.9488135088802 0.79023407532399 
-7.1927288136337 1.0322144426478 
-7.8967081875658 2.3498781745272 
-8.0094453913345 2.17696069388 
-7.6946762049108 1.7140643616786 
-7.0340661962096 1.5378231497831 
-8.5510951049954 1.1440053698918 
-6.1137962837801 1.2321832271665 
-7.9617193104221 1.2049947528881 
-5.9988076337643 0.96152697956185 
-6.0456320535341 2.2355141076867 
-8.9882908211053 2.3654174091775 
-8.494777900944 1.141737652731 
-7.0048606790998 2.3114162950291 
-6.0950773287357 1.0227533976826 
-6.6901552652815 0.79690648567706 
-7.3025556279391 2.4297518063961 
-9.066640131877 1.6128623448049 
-7.0849412175673 1.5317363553489 
-8.4227595213273 1.4813024447156 
-6.9648224339797 1.064342221028 
-8.931715108932 2.2608188965543 
-6.332602164037 2.1913563704678 
-6.351749994059 1.2447776294222 
-7.1470372055521 1.1584823221613 
-6.1172435764498 1.4815365538974 
-7.6472700801943 2.3199681244753 
-6.1685799505354 1.5876528107827 
-7.2127801593809 1.8440569166508 
-7.387634396797 0.9564345324332 
-8.1286789832664 0.85088533363501 
-6.8817884618078 1.653383348612 
-6.7111553001239 1.1939602786682 
-7.3404103674992 2.020989103613 
-6.3997747655085 0.92657721618827 
-8.9635122053208 1.1999723379452 
-5.9462413920549 1.1095365926932 
-6.7502659127725 2.0232530295966 
-7.7876738145679 2.2794105725217 
-6.9896383199375 2.3845140560326 
-8.8083724047835 1.1555154585081 
-8.2684382896791 2.2841307603149 
-8.7896689770056 1.5663402117082 
-8.799211179263 1.7813761041113 
-7.5336039607129 1.3148470848642 
-7.6066100640741 1.8029166479818 
-7.4047338887051 2.1615238307093 
-6.6580695937828 1.725659531247 
-8.065105783399 2.3961935278128 
-6.2719568187747 1.9843410346456 
-7.807834746109 2.3198233660012 
-7.1829458390708 1.0931757711927 
-6.5085343825974 1.7478470567641 
-9.0618818213759 2.2216944346549 
-8.8218215718849 1.4402237152648 
-7.0489387682646 1.7392854329847 
-8.6901040976901 0.90385316958406 
-6.7205015748941 1.051368599804 
-7.5489741700467 1.6576104839392 
-8.1903571721652 1.4309273548821 
-8.1460121086934 2.3164663701272 
-6.8185060732894 1.844381710394 
-8.6723375589438 1.9192092649785 
-7.2433179238566 1.3549530659952 
-7.2506852496008 1.9000190612904 
-6.2927507206873 1.8129083743524 
-5.9699308760106 1.4989030392572 
-7.7986340547356 1.0147851567593 
-6.9688286604884 1.7968308499396 
-7.1481749117947 1.9002917001276 
-6.5482748902755 1.331177892395 
-7.7022815152196 0.80885099315622 
-8.0069871757351 1.454901833379 
-8.7510460312569 0.92588740920895 
-6.5473058405511 1.0913646669569 
-7.5924594257085 2.0120551817434 
-6.4563815545279 1.9126547236384 
-8.7608418073686 1.0511888011825 
-6.1974816692294 2.3858972799351 
-8.2799675638453 1.1940124882551 
-8.2249707795289 1.4962543823309 
-6.9847024603148 1.9627850749507 
-6.1409962826176 0.99793161334875 
-7.3231557627734 1.1468080503976 
-7.440639460218 1.9986437436598 
-7.105275969907 0.88487927196467 
-7.5290448759112 0.94499746589915 
-6.9231678587328 2.1112339598223 
-8.5481723305211 0.98409836113521 
-8.7792715844575 2.1940965968807 
-7.3460397049345 1.7050949599907 
-6.4534793786588 1.021804087958 
-7.7159794250273 2.039063349032 
-8.7421456728995 2.221046089213 
-8.9625902665637 1.2593735506909 
-7.8329090820589 1.7832147563937 
-7.1673165369286 1.3149179828251 
-6.5568150797729 0.78250565635904 
-7.7574957862297 2.1205522403395 
-7.8265848868391 2.0160320734053 
-9.0304430715341 0.93302891399932 
-8.7297947251441 1.6812902114692 
-8.8822685026085 0.878932044893 
-7.0626627481603 0.85430941298988 
-7.3234170274819 1.4783233060471 
-7.2698842892266 2.3983969673737 
-7.2827132908297 2.080468699072 
-8.6783119628091 1.3826220727463 
-5.9262971426447 1.0082932407565 
-8.1357738023301 1.2398231886577 
-7.1368450240098 2.4276276542997 
-7.3727257140008 1.7168435207294 
-8.9489206832948 1.8260001769924 
-6.016926140613 2.4249240278429 
-7.4872861384507 1.5717634153698 
-6.162093191013 1.1278541978728 
-8.8611235373492 0.90153660538311 
-8.7323695446117 1.2474564126994 
-8.6878967568821 1.9802069605659 
-8.153479686895 1.6819050266719 
-7.8932466307651 1.2697434778084 
-8.3681044132498 1.5239793250459 
-8.0348453138969 1.8918622655818 
-8.8279232452648 2.3217693769555 
-8.8162329116088 1.8204197514151 
-6.2400043666891 1.3693984612239 
-7.9230675595373 1.3105842582067 
-7.8594893294562 1.2210185679834 
-7.2207240070737 1.3562692165522 
-6.0786911242912 2.0076508053114 
-8.9356363521749 0.77853907755724 
-7.5899310538207 1.136171382192 
-9.0844802051352 1.0798161144043 
-7.6888620529003 1.470599897025 
-6.0331458221077 0.99435163542577 
-6.6717137951404 2.2598446409789 
-6.9514937482816 2.0318224581517 
-7.4088336281379 0.91529925935658 
-8.2076140650908 1.9655735311651 
-6.2868558970907 1.0420643731112 
-7.445489214953 0.79010007759706 
-8.3726141758989 1.0937291000271 
-8.2538738645743 2.3208189841849 
-6.9480621878249 1.6757378355102 
-6.7577085180963 2.3782731065137 
-6.4471762581877 1.5928621039566 
-6.8625014423097 2.3071303081167 
-8.0722803285062 1.1420921532322 
-7.957235440981 2.4316162581369 
-7.7895026589257 1.1973528138013 
-7.0345637174785 1.975728829966 
-7.4822928730692 1.9934821751997 
-7.7413028131674 1.2038857035725 
-6.3443172641485 1.8573944858731 
-5.9719693364476 1.70440167813 
-6.5842438521499 1.8464117851933 
-6.5012218502539 1.0157274534651 
-8.9634859343798 1.858193892127 
-6.5476830392566 1.5151068000117 
-7.0145729663129 2.1717407556958 
-8.7788197120139 2.1483515592041 
-7.6814937865771 2.1834605273165 
-8.607207821885 2.3743772730652 
-6.0945260954346 0.98948674563104 
-8.8140363764435 0.91557690345269 
-8.9516744642344 1.2704173735198 
-7.1783315558485 1.269283530542 
-8.3099412790509 0.8847363141376 
-6.4100429899773 2.4191620413115 
-6.0512753642967 1.5805230320843 
-6.3284153553358 2.1692493537802 
-6.6274301666004 1.8223886121837 
-8.7490355757149 1.0350451141814 
-8.6526276747048 0.78450102399768 
-7.4638916683571 1.1092983692747 
-7.5798435702046 1.795060425014 
-8.6147000564824 0.86340741516998 
-5.9531913322824 1.6984941077008 
-6.5255796028582 1.1963340015147 
-6.3751522292714 2.0698443067454 
-8.6326959635184 1.0583443039085 
-6.867986349429 2.2457540540879 
-6.5149034660508 1.6845938379675 
-6.5232997203187 2.3085053339877 
-7.0328502475626 2.1359734084809 
-6.4481752159437 0.99028379528253 
-6.2808734361572 0.82956536578005 
-9.0754621116867 1.8225088665471 
-6.4102251189742 2.4139777955125 
-6.8220265991491 2.2131816759504 
-6.4291825414968 1.6421258558723 
-8.9359577546753 1.2692050615785 
-6.4609368670216 1.6840800593628 
-8.4290388505769 1.7754518184051 
-6.1542308930026 2.0434067013851 
-7.1221302766658 1.0353542168544 
-8.2884317809117 1.4496823636583 
-7.9373143649195 1.4924818816064 
-7.9570634923003 1.2451304477962 
-8.6245005823774 1.1527075049946 
-7.2444147569247 1.3649940322499 
-8.3007651229921 0.95784312285518 
-8.6233737137461 0.90208264625451 
-7.2639513830456 2.3517990327906 
-6.3585024583172 1.6369327155064 
-7.2909547805477 0.98066414945777 
-6.4056429822577 1.4919795844858 
-7.0316026252113 2.2668251325702 
-8.4782514990616 1.4101983920858 
-6.4941982115314 1.8141039613964 
-7.4390870113632 0.96418415774273 
-8.6012763319713 1.5434590054205 
-7.3283378028951 1.2890340266342 
-7.9802046254286 1.6489077601242 
-7.5120761406664 0.79821226173735 
-6.1062585083693 1.7216612977782 
-6.2702182768471 1.144069484969 
-7.7317535809344 0.9385745772876 
-7.9726548156388 1.8082108934438 
-7.651180193296 1.8962663156492 
-6.2426137909438 1.0702203957469 
-6.8690327630962 1.9282896847702 
-8.2764786366367 1.1114479981938 
-7.9068701626554 2.3229156080778 
-7.1785432066898 2.3398190055314 
-6.8129369635805 2.3447587002458 
-7.1442218328262 1.6830339755914 
-8.7307068233586 1.9585476092269 
-7.8200349679228 1.8548864168222 
-8.1291655377379 0.9362669240197 
-7.2544716475848 1.8796857725066 
-9.0945602730129 2.2900223493593 
-8.9930377356536 0.98327229701353 
-7.4918734736077 1.4139643400123 
-6.147750033995 1.4226289271284 
-6.2437903077046 1.5503344208924 
-6.4848346567425 1.772019145891 
-6.2528793163222 1.1908514450245 
-6.6374044894459 1.3143339163189 
-6.1151820881627 2.2550754558272 
-6.9422457826178 1.6908644775248 
-8.9242980884385 2.1943119411273 
-6.4105115100375 0.99436440711213 
-8.6279422908492 2.1323206491509 
-8.046732194296 0.82838912748664 
-8.3713477485307 1.1841400791083 
-6.8698982002442 1.7651917195993 
-6.3235615493715 0.93410197380147 
-7.4333652912454 2.0133115408985 
-7.9572373885492 1.4346950463228 
-7.6032435595886 0.89867689609941 
-7.7401696488326 1.5342238729389 
-8.5321554994368 0.94491586456638 
-6.0794948060392 1.1511618326555 
-6.6002532185908 0.92759130918162 
-7.2985733875026 1.2843587287273 
-8.5518875785171 1.5049163076094 
-6.3418809201627 1.8469145593184 
-7.9701126046465 1.9961622655851 
-8.7429475519747 2.1292254291499 
-7.4354737808972 2.3341972352946 
-6.5407335169342 1.0189343210162 
-6.5637787610469 1.4294309830975 
-8.2776833191703 2.0608743350471 
-6.1401666184423 1.6773460736403 
-5.9887265380584 0.78344574481134 
-8.6200547033701 0.81603979762087 
-7.2411543352633 0.80946185077473 
-6.1308842815439 0.76838629917366 
-6.0079050186849 2.3833984662694 
-7.669475937061 0.85471428743642 
-7.6157929314417 1.5306591070055 
-7.1854898989179 1.4237380845901 
-6.7609652100622 2.3286513994142 
-6.9703103902438 1.4310344211135 
-7.529488781688 2.3851270269653 
-7.7934876947076 1.6353767320422 
-6.1598281776787 1.9907956881114 
-6.5146865768718 1.2901685498154 
-6.8139324550337 1.2750292710931 
-6.5695338262211 0.87121020206744 
-7.4995191963282 1.775250996208 
-7.7154291357711 2.2043373761654 
-6.0702995220473 2.1529418266353 
-7.2169171089094 1.969015334768 
-6.1076489778816 2.3289654176608 
-7.0569827898879 2.3189795150781 
-6.3427894254259 2.1818039400216 
-6.0043080407983 1.3548600204532 
-6.9232295677947 1.3349323883573 
-8.3104387178517 1.9408474637074 
-6.7077898308301 1.2959734134138 
-6.8233093197455 1.2170715451023 
-6.9151624533826 2.4178083014172 
-7.9015367586777 1.9194763858768 
-7.432417923513 2.2227544422239 
-6.1347667457405 1.8936656153465 
-5.9744608168018 2.2093411376863 
-7.3087448402101 1.1413201632285 
-8.5568311972939 1.2834650690396 
-5.9486033261186 0.9229203542923 
-7.5579225259006 1.6124647506507 
-6.5292412964882 1.9959836993686 
-8.3031795994329 2.3094762892925 
-7.4794407938915 1.0416208180775 
-6.46993845448 0.9657533859836 
-7.0013198894054 1.9136850808675 
-8.7440082050146 0.77688446860717 
-8.1771027755484 1.0920453507182 
-6.452839853224 1.00027093268 
-7.1016661202981 2.2924200726078 
-6.6401820552968 1.5136611945758 
-6.0037564614143 1.0650034609773 
-6.5382242939364 1.2702449104865 
-9.0687933986548 0.81095221285504 
-7.597568020678 2.3967034893288 
-7.6759109154695 1.0889994361206 
-8.3892899752616 1.6206562053695 
-7.1947638593973 1.1059883194382 
-8.2408748387612 2.3805216271677 
-6.3832508596904 0.81097166539655 
-8.2905383621418 2.1893325467134 
-8.1832190071541 2.358226955728 
-7.1812961850673 1.3010266068609 
-7.5649399981772 1.4942150543134 
-6.168194541646 1.1893935139991 
-7.6924763906887 1.1146391317947 
-8.0157356406892 1.2735654496847 
-7.1679900361151 0.9489862158022 
-6.9601969491822 1.3711189307525 
-6.2154319744275 2.1448393361102 
-8.1517409022807 1.7642599192422 
-6.2497969702157 1.3582903528161 
-8.8779187559294 1.6489468903838 
-7.9618524134235 1.3455390927574 
-7.5254430186475 1.3363858381453 
-6.3363799554516 1.4866516722765 
-8.0282722577228 1.9599127669869 
-7.4561029800438 0.84829409376414 
-9.1008036151248 0.77992442708002 
-7.9276883810199 0.99515053711546 
-8.226099430333 1.9456208397815 
-8.4106630712741 1.1484993726733 
-8.941869667409 1.9610733112024 
-7.1786874516555 1.3130297427362 
-9.0386815675223 2.0858051108707 
-6.9142178675281 1.0093507247434 
-8.8737665257931 0.77319971676637 
-5.9448410201615 2.2878548259326 
-7.0023783782296 1.5328420226129 
-6.4096014858091 0.98008782930363 
-6.8814327107449 2.2626006235719 
-8.6488852692028 0.78347144685887 
-6.7186608456511 1.4406014474919 
-8.3104362154939 1.3419063581967 
-6.5215462152721 1.9059733704547 
-8.8191795878625 2.1893290321249 
-7.0129087426166 1.1546172102982 
-6.5964584292912 2.0873458833519 
-6.2113591251023 1.1664263299651 
-7.1138123877127 1.2172096233451 
-6.0272377053918 0.77515813469739 
-6.8267374099127 2.2194779601432 
-7.9162103886305 1.720372827548 
-8.8959812694022 1.2598781389481 
-6.2628543764539 2.2980646030952 
-8.2528427042635 1.4953821067355 
-8.9730049620699 1.5187742377976 
-6.3850316818018 2.308681172395 
-7.1931362922969 1.831321704173 
-6.9601816654331 1.1817486363815 
-7.4155768975272 1.2888093239358 
-7.8995913897522 2.2150303758349 
-7.8576978912107 1.1381951097418 
-7.5474636752099 1.9465575652853 
-6.4775951909579 0.76604345250967 
-7.3050079811935 0.88157539225844 
-7.1197031448065 1.7671354494967 
-6.4681947302143 2.3188646845754 
-7.176720444568 0.93518168035751 
-8.023140614564 2.39196009476 
-7.9846298067393 1.319386968777 
-8.550694354003 1.6487512767661 
-5.934271233574 1.21292694899 
-8.5474230347742 1.685422590393 
-7.5333579207526 1.961631883073 
-6.2426339903423 1.9012564262167 
-8.4140143051681 2.0195479604595 
-6.8412428701486 1.2036434581095 
-6.3244438134173 0.9891232905444 
-8.6567893904442 1.8718200144629 
-6.0690445506332 2.0811405536251 
-8.5153173264596 0.93559685937884 
-7.4819867804498 2.2803928242993 
-7.108696729408 1.6488027835303 
-8.502401051949 0.83849144036323 
-8.4263083680055 2.2846222521489 
-7.0243568448855 1.1231225434161 
-6.7873739297851 2.3381070910016 
-9.0167253671814 0.96012704964947 
-7.4739347835551 0.85336046861144 
-5.9181256136223 1.3874797981766 
-5.9254028546008 2.1989478058176 
-6.6041673775573 2.408979695891 
-6.8960786308607 1.0603475078547 
-7.8069741265234 1.6478221328068 
-8.9447907994164 1.3579982495097 
-8.3537078292205 1.9779104792038 
-6.6926605810756 1.7431748797797 
-8.6442064917373 1.7243972373951 
-6.5596792522467 2.2344727028107 
-7.3336352030234 1.0693103851403 
-5.9186743589501 1.6015796483321 
-6.2258985510683 2.1259267300327 
-7.510026467927 0.91061539337983 
-6.1231819645074 1.913966227795 
-8.0985774629348 2.0333220568473 
-8.3770541832008 1.0231285560892 
-6.7747156740468 1.742885042545 
-8.7089854313282 1.010297047735 
-6.5366386512346 1.930706898323 
-7.8837673071979 0.97948431534179 
-8.2653245004704 1.7538211933773 
-7.9164094623581 1.6958108176366 
-7.5163762023383 1.4741324409919 
-6.9545584381056 2.349460167494 
-6.61079578595 1.5132946386295 
-6.5847305400355 0.85098358391529 
-8.2384453634499 2.1834116123026 
-6.0912510724892 1.6847361951979 
-7.713217098321 1.1956927741399 
-6.2525665674029 0.77503156966697 
-8.7488042054518 2.2154513623006 
-6.6557908214424 0.87338017528432 
-6.4180049327702 1.3143212252581 
-7.2277446305225 0.97128122179396 
-6.1945541151032 2.0916931839978 
-8.4387290927649 1.8372784483873 
-8.702318336868 1.4576624490912 
-7.4789699120628 0.9867659408126 
-8.1555106555637 1.2885774496826 
-6.4634256745862 0.75812215933536 
-8.2443806493915 1.1863432349529 
-6.4701458434257 2.3124393874474 
-6.7489882336557 1.8875082709951 
-5.9964728721387 1.9376385829729 
-8.9263577813617 2.1600326897218 
-8.5598028474222 1.703710543886 
-6.6495058550708 1.1602414370478 
-6.0490322572731 1.1049707079523 
-8.7062788343553 1.292499878323 
-6.9507512905891 0.9647200227958 
-6.1754167074492 2.2361912539591 
-8.0511160652395 1.1677266358699 
-7.3795267250915 1.8828405275041 
-7.3388875889604 1.1220126165033 
-6.4854999910935 1.6002865167638 
-8.0976083485592 1.2619865690615 
-6.3513320250742 2.3164665018522 
-7.9072506258255 1.1239885024416 
-7.9984224847628 1.642341940041 
-8.7622086124121 1.031086923005 
-7.5873770132698 1.5827358993227 
-6.4647348393988 1.7028688953602 
-9.0745961456609 1.9754363085699 
-8.6121642404118 0.93888991958406 
-7.1752089226254 1.6401235128183 
-6.9466353418678 2.131917837402 
-6.7754683557985 1.0507387124979 
-6.610626098408 1.9153855197975 
-8.6315273172084 1.8567125243771 
-6.6680582255796 2.2071971928741 
-8.4084580491707 1.8017865155238 
-8.4451698552441 2.3914791328598 
-8.9220704378897 1.8628536620716 
-8.4688583073355 1.3070651914237 
-6.0930772102909 1.7551392871691 
-6.767681022011 2.4353915470297 
-6.5484126489238 0.97512247732847 
-7.0427363300731 1.4209451502033 
-8.0730516338651 1.407081113734 
-6.8713108457276 2.4249900999022 
-8.0426126796853 1.1270072892914 
-8.39535793161 1.7929575122242 
-7.2668102957709 1.2599711457217 
-5.9674755099102 1.7145216271594 
-8.5506960702479 0.97395704489134 
-7.0410272633299 1.8795150542072 
-6.2033456025678 2.363218696069 
-7.1726974837323 2.2304831552707 
-7.7318187838982 2.3481961049638 
-9.1031918993937 0.85135580433603 
-8.214871271269 2.3498499202986 
-6.5653123150305 1.3970946864177 
-7.5842752101148 1.6477377438257 
-7.0169770920575 1.7050376964546 
-8.168491740917 1.0862229363349 
-6.8733259560195 1.0030024862862 
-5.9380485470712 0.86431824576034 
-8.6803491923383 0.94888692250455 
-6.1612114857517 1.7052273787378 
-6.0027803221607 1.8834858974816 
-7.7306907908265 0.84455817979852 
-7.0640432893695 1.5821854191791 
-8.9620139408126 2.4332543870908 
-8.1661067003019 2.4114079645696 
-8.7409394137939 0.90077839917132 
-6.6567209629699 1.6365895856822 
-7.1612631329688 1.565737156473 
-8.3330238486822 1.9825248154879 
-9.0401285106274 1.8557623262755 
-6.5804216392136 1.0374345684139 
-7.6127847444308 1.463079543036 
-8.2239903096025 1.6291408210564 
-7.0011073839901 2.4083940281536 
-6.2773931283693 0.85123702722374 
-8.2345632375526 0.79594537064993 
-8.9345469932927 1.21093701518 
-8.1076956109511 1.4311287942051 
-7.3869076005935 0.9359785572997 
-7.3705822969183 1.0363225375247 
-8.0359959601233 2.416621108384 
-8.7070568786263 1.9266983666592 
-6.7738188814264 2.3166258722653 
-8.0167978870882 1.3261603783629 
-8.1222034782247 1.1041405025744 
-8.4458772442903 1.9898058084067 
-6.5279181040523 0.95906844934657 
-7.9267156039193 2.3386410289022 
-7.0570642361509 1.3750101287845 
-8.8310532282021 1.3560680079945 
-6.4558883519185 2.4249489309521 
-8.7248748324289 2.2748149389368 
-6.2440420113946 1.1640766807829 
-7.5269102999978 1.0776374040285 
-8.3769247556152 1.9176101850841 
-6.5270814897575 1.721580070225 
-8.9270177909187 1.9058061396879 
-7.2062193943334 1.0109557857621 
-7.4889925019321 1.3309297869418 
-6.0473800928926 1.1603036291743 
-8.2695106672195 2.3069224056937 
-7.2807043551735 0.97773109558357 
-7.2702331634142 1.5563460596942 
-7.632009713235 1.5822916219832 
-6.5295474764216 1.2214818529292 
-6.5513822754782 0.89762338278323 
-6.3188273402967 1.1572118109321 
-8.9732332688849 1.4527873315912 
-6.8754005164872 2.2151268290488 
-8.6415055697491 1.7487619400645 
-8.150311648858 2.2304554767712 
-6.4002534083816 0.98554738421184 
-8.2837608638647 1.370734587476 
-6.4432195138094 2.1462695549474 
-7.877199645294 0.89829948565121 
-7.8573238599775 0.90177211128078 
-6.980607620703 1.1430037306087 
-6.1521756895725 1.9457940558823 
-8.4912949257457 1.563366256721 
-7.7948535404566 0.77095172705825 
-8.6829440254003 1.6657925003685 
-8.5376392361717 0.85975753927123 
-7.8748641840459 2.0153496648276 
-6.1661360987517 1.2596300965697 
-9.0509058583519 0.89697735320242 
-7.6657510216297 1.0173364009902 
-8.4890835117375 1.5008604708825 
-6.0490853829147 2.1095547517073 
-6.4707217965625 2.316711766921 
-7.6833711125186 2.4022365848492 
-6.2462481752211 2.0783405351183 
-7.3118293658869 2.0885899724851 
-8.0015742897133 1.3667766965277 
-8.9741491419126 1.6201471089756 
-6.5915561182236 1.7371261358676 
-8.0672446849348 1.4591194433553 
-6.4262768738457 0.84512730398582 
-6.9821362330781 1.730455670903 
-8.2362872343976 1.777931003883 
-7.5096478650723 2.3339718014277 
-8.3789593431376 1.6264575191646 
-7.29657481653 0.94566090294228 
-7.5559936300641 1.6918871938228 
-6.2475399774505 1.2438171362821 
-7.1073320796839 1.9820371553251 
-7.0716938030353 0.77509857635353 
-6.6023499839198 1.8211577324506 
-8.7581523515873 1.387537647703 
-7.1043231111169 0.80463528753834 
-8.8249586517962 2.0288084192201 
-8.1901914334154 1.4326250308906 
-8.9990944990335 0.83258359369034 
-7.1502416893413 0.99606911252599 
-6.7238643135097 2.3147741055812 
-7.4375548718713 0.9775396280579 
-6.4754002627043 1.894721952092 
-6.4867315226826 2.266699642289 
-6.3513424355559 1.9908861214906 
-6.970280842406 1.1291277690351 
-7.7627336280286 0.89586773008816 
-8.454059294565 1.5170876246818 
-9.1042714332383 0.75770750498434 
-6.4177486851606 1.3127358854759 
-8.5506989726992 1.4668213057712 
-6.1457163507513 0.81900707826107 
-8.4972773613208 1.4084016886328 
-7.3294635035604 2.3204060417845 
-7.0695077694937 1.8458857373058 
-8.7165122576937 0.81953906781819 
-7.5994689237251 2.0980716008123 
-6.7726204944651 1.3530595998679 
-8.6619133730584 1.7049323156822 
-8.8528307824113 2.0273088238317 
-8.2261421681188 1.3499649972502 
-7.1276981360205 0.94412033925902 
-8.8532429971375 1.9111787796196 
-6.4007211165793 1.4420794889426 
-6.7865340732868 1.9413561525737 
-8.4398420570478 2.2435975368135 
-6.8209773795506 2.122526928944 
-7.0858809544856 2.2401642563358 
-8.4876160006327 0.9108874865408 
-8.0899856297671 0.78871275792012 
-6.198710971302 1.8156764466932 
-7.6277969273287 2.2006954758216 
-7.564587627435 1.9126559007495 
-7.1718174693459 0.83664943108315 
-7.9005632595282 1.0464027024517 
-7.3292149745842 1.1342192811822 
-6.9841650035246 1.98159751379 
-7.8661273605316 1.6340949266534 
-7.4678280020045 1.418111626191 
-9.0094269978463 2.2502839013983 
-7.153810219053 2.3271188342322 
-8.4646423489185 1.9157839210952 
-6.4296489030203 1.6015919125452 
-7.0469208861927 1.1566759230798 
-7.8167110094949 2.3178159329632 
-6.0685182074686 1.2060985419861 
-6.3731752775497 2.410714007162 
-8.5831000893458 2.135361355684 
-8.2617196982578 2.0609464788492 
-6.0226624170596 0.90195265243038 
-6.8297227517859 0.79805953684255 
-8.7483215102709 0.95572240856188 
-6.6782017057694 2.2702149169227 
-8.7942811707366 1.352723084031 
-8.0113070612421 1.4146270906391 
-8.9438479927481 1.7816405087806 
-8.5241597020108 1.527498322953 
-6.5764567431652 0.7965062506098 
-8.4733723664139 1.1719576143937 
-6.4716782569531 1.993706649688 
-6.5850427361298 1.5736316157457 
-7.9820522149273 2.0609156193778 
-8.937404979527 0.97319025669016 
-8.4863490652452 0.90934095298249 
-7.4379427481898 0.93188133061612 
-6.9229542665015 1.9344690164583 
-6.7276301855979 1.3406580168191 
-7.3694616175989 2.4265149512154 
-9.0042475432832 1.3623394267853 
-7.7086909516006 1.6051147368635 
-7.0151421752075 2.404696807271 
-7.7009000645016 1.9375599552808 
-6.0442356042383 1.2522964635531 
-7.3913327526985 1.6150462799415 
-6.8471446149948 2.1638058184183 
-8.5816255275744 1.8993136851862 
-6.9122096893227 1.6592242334176 
-7.2113613427981 2.00076093947 
-7.4025175086632 1.5849161081824 
-9.0969773757658 1.4965530740559 
-7.7849251828301 1.1216168919649 
-7.9721207499239 1.5501206163144 
-6.7242537415752 1.9670917046041 
-8.5539152759929 2.0211020735517 
-8.2064245080961 2.1169862161112 
-6.4318817861186 1.8662059221777 
-9.0274529640424 0.9924704438052 
-8.310147329016 1.4091082994596 
-8.5056807717689 1.4824980060138 
-6.416985724483 2.2102999545074 
-6.1970290496073 1.4208055467447 
-6.2776133386491 1.2278301531248 
-5.9300262066879 1.0350754153577 
-7.5985629335054 1.5667541147976 
-8.8732938627142 1.5771857613367 
-6.6510795853169 0.98821014056777 
-7.4765370102806 1.5138195657794 
-8.5210068208554 1.6498948600133 
-7.2297027853284 2.2172664274158 
-8.7144528869611 1.7622388231548 
-6.151746229468 2.1128812103707 
-6.373668361286 1.459607995696 
-6.6207083369284 2.3970581037575 
-8.5753420740671 2.2810284457428 
-7.4034484884743 0.94026641237602 
-7.8545773290773 1.8164796991301 
-8.0964803841282 1.4382857931997 
-6.4645607593102 0.93982348241205 
-6.458993859692 2.1397203473739 
-6.8562936269531 1.3554647415643 
-7.8259239316466 1.0043238497915 
-7.4557337073575 1.5191561769896 
-7.7382926403966 1.5372787783627 
-8.7810376265903 2.0654172547821 
-8.7075205164894 2.3674931954552 
-6.0883012756617 0.83108180737784 
-8.6402261375843 2.2375380625621 
-7.2634107681457 1.06890727038 
-6.1541810261145 2.0512737834647 
-8.449582687201 0.93118745261265 
-8.1838190798079 1.6307808796561 
-6.2431959874717 1.2551156432996 
-7.0581796710053 1.4359227463338 
-8.9355475160526 1.8330810274842 
-8.5629166905861 0.91674596500099 
-6.6864925665356 2.2747157083988 
-6.5882203844519 1.1123040301894 
-7.2797020864642 1.9300602546373 
-6.0580069950337 1.9548449694098 
-6.0437431940076 2.3455772417105 
-8.747407983978 1.035293177865 
-8.8157319999464 1.8302570484069 
-7.7304226809208 1.5989224150134 
-8.5954604046721 2.0897263730097 
-6.0327099149768 0.86369769584115 
-7.3686472382437 2.3732911829287 
-6.4560704626985 0.90431019106916 
-6.1563484443855 0.94705922984526 
-6.6331203918273 1.9555612630119 
-8.1042330063077 0.90454741373104 
-8.0477675384797 0.98539844034458 
-8.8501481374623 1.1815581438221 
-6.0339281395987 1.0335247508743 
-6.6749530208476 1.4323462192287 
-6.2112030485284 1.7678502315422 
-8.9812558221165 1.8423442595723 
-8.0589696272468 0.84242919735809 
-6.5111540693604 1.5482451195033 
-6.5620339861254 1.9644739610466 
-8.6160326036334 1.9590698481958 
-5.962363206353 0.88112590467734 
-6.5816550148362 1.3599502831091 
-6.3440311202758 0.88686838125954 
-8.8276058093043 1.5028125675604 
-6.0954049002109 1.5174822663518 
-6.4553522965042 1.9128609890534 
