0.84922950057345 0.90286908634984 
1.7875185463574 0.076665392372818 
0.21060230023898 0.37145797189188 
0.34453287609516 0.25058281063469 
0.33620596806538 -0.34439314131031 
0.60750132470353 -0.0077185010318932 
0.94406985392536 0.65786588790575 
1.3608155197216 0.60265059330878 
-0.21706354272841 0.035789289186044 
0.90102428934099 0.089937860701722 
0.41247286806277 -0.2216408306331 
-0.66872590407379 0.14216887530108 
-0.15243760572843 0.69672275923928 
0.16583799225511 -0.25489065237828 
-0.055736480694919 0.52968888305025 
1.5688506237612 0.94735867829965 
1.2912938085926 0.17466454950087 
0.38095625181522 0.20811479473617 
-0.15539177931151 0.51448243676764 
-0.36740755570238 -0.35141734017745 
0.043308608791338 0.66720460974442 
0.10200025749265 1.0045036948798 
1.0164767123801 -0.3419502357088 
0.16128474937731 1.1730375216178 
-0.10429789510722 0.5877484208366 
0.72921094278731 0.52576836888862 
1.1221111586283 -0.07767641392274 
0.43002741442311 0.19675593059962 
-0.041194524251372 0.36143252063873 
1.7343660397675 -0.22120679171077 
0.076813533063803 0.15092573837824 
0.74608561913303 0.43866920624668 
0.72111892127491 0.04555949561374 
1.722578116067 0.23070005358587 
1.2935226951732 0.91682912075605 
-0.064494751360074 -0.28274222057594 
-0.63800480308683 -0.19669680006044 
0.60629877523137 0.70716415374376 
1.0170011621655 -0.16150634917784 
0.52718028303239 0.093311319086949 
-0.05295436051232 0.19260941318393 
-0.22693457650264 -0.34225292743652 
0.15300389003777 -0.021201965845669 
0.16951056328335 -0.25855618600938 
0.23511831889821 0.17275154756042 
0.80343426375488 0.25451505295769 
-0.31972944983674 0.12375707778545 
-0.18313909398552 0.95636308498779 
0.34219236663628 -0.3581522282615 
0.98774493038954 1.0726553118647 
0.63856461032623 -0.23476387973867 
-0.41926318627162 -0.068839196824298 
-0.47761347259005 0.40415846775684 
0.27665875480952 0.41517130048672 
0.21661816707575 0.063993247643019 
-0.093453223942609 -0.16090488960552 
1.2116176308256 1.1110335499569 
0.086984004396689 1.1519814228697 
0.68996731712927 0.26129396276499 
0.17566084027435 0.20120159235917 
0.89480485272047 0.59633823152384 
-0.27358699019832 0.18109436175728 
0.40119463577676 1.1111745722448 
-0.17115087555462 -0.19984496882884 
-0.50056236404559 -0.24667328509787 
1.7370588553588 0.56592876441384 
-0.49813217213095 -0.1072111394164 
0.49858671100009 -0.00082039367973064 
0.62323403815458 -0.039511809639606 
0.24612952835307 0.64072368731084 
-0.078499053468166 0.98023824688736 
1.2294141588579 0.2675934820178 
1.5442536818733 -0.059400593600904 
1.1951059812409 1.0106358556913 
-0.56387862292188 0.238793525694 
-0.26309280532502 0.0094475861789285 
1.4351041325637 0.24541845278837 
-0.20603111283024 1.1314759589268 
-0.43264857725528 -0.17360865109457 
-0.17842775904938 1.1091908438598 
-0.046305748447331 0.27871297470101 
-0.080145952583989 -0.23180638634536 
0.67676210818736 -0.31997230546589 
0.23440756865787 -0.055629316883872 
-0.62600427570471 0.57053776886034 
0.082945241597129 -0.12791896104973 
0.62439356496349 1.0108948349391 
1.4300103022801 0.20339138957144 
0.4976993449453 -0.045600396406527 
0.31333903185583 -0.076198623689728 
0.49639689375576 -0.068074742670716 
-0.0019782887221633 0.80818787797863 
-0.30765591971999 0.54214213144288 
-0.094410414937501 0.029256311129451 
0.57459749906745 -0.36639059223381 
-0.63256102998817 1.10177156116 
-0.001254220957329 0.92488966071382 
1.5022131687053 -0.13024423467692 
-0.65383696410376 -0.064973064932955 
0.52850456897238 -0.1756994621345 
0.7878179829593 0.66789807483214 
1.5685789521152 0.15348262048534 
1.5526518763704 0.73834654191281 
0.37304297498715 0.26623153836044 
0.48632999524829 0.98544696681588 
0.54577833006756 0.45806048167446 
0.62647715144271 0.81947348248838 
0.90804725955239 1.1006344667368 
0.71291899081472 0.8421770605063 
0.50916326754044 0.99407564542544 
0.1142532988256 0.33981643159214 
-0.35646796260885 1.0190574718919 
0.61736531672026 -0.23934703070825 
-0.64167781252072 0.91361849023325 
-0.22618292486507 0.45202209692164 
0.87150686381492 0.66971571254237 
1.4164571874366 -0.29896902930975 
1.7615415102784 0.5140066763851 
0.71511080058757 -0.15484794434375 
1.1311185872229 1.0467512596096 
0.96439866014078 0.65089229087264 
1.3735277423869 0.16433707239246 
1.2935586710586 0.14514910290328 
-0.27038727380416 1.1696236327687 
-0.083488288945488 0.96317990324617 
1.2681862901582 -0.35277424774122 
1.7090668890803 0.20326138457914 
0.53289247814725 -0.26295971990044 
0.60716605049848 0.1527426227732 
1.0023048863628 -0.29418667655597 
-0.10301787857473 0.35711007167201 
0.1749532915732 0.9278167393446 
-0.60726865262327 -0.21511875984187 
-0.5939236930481 0.92907119653197 
1.2362807112755 1.0349610336856 
0.96368001190775 -0.35425351557474 
0.46678495619011 -0.15750062906414 
0.16583846115893 0.41758273896053 
0.99376700259253 0.57571606500322 
0.26100110585389 -0.11459809909925 
-0.062429235850195 -0.17117282821234 
0.15221802119359 1.0185860442434 
0.27296065979411 0.73844984841389 
-0.077919108801685 0.60061557246533 
1.2671496388586 -0.0086917784894625 
0.73024825520349 -0.009562879192238 
1.6271676957255 1.1108347252792 
0.0060560381077267 0.64969790530222 
0.46406113380622 0.26319110245233 
1.3587567619318 0.67159710469952 
-0.1205386739911 0.32035292587013 
0.99854874472534 0.74054362978006 
-0.23660853465637 0.29100354696653 
0.3141815694018 0.79542923030206 
-0.021654419908469 0.57580431579993 
-0.66232020878002 0.15348999582217 
0.012796366200026 -0.036426371669253 
0.69391790214593 0.11345174403232 
1.4365555731494 0.05123192004512 
-0.0015286609987095 0.50458620892861 
0.041850435885584 -0.35116098168984 
-0.095345847170154 0.060472586101193 
1.7166973812227 1.130075850759 
1.5321899440757 -0.0016078886550392 
-0.61063979837314 -0.094903731798974 
0.2311560094953 -0.065621194454934 
0.20113750408593 0.44563637227835 
0.49461992448583 -0.19550415164898 
0.36409730625358 0.47244497276638 
1.6031313063949 -0.30757336689773 
1.0984443503558 1.1192703580645 
-0.29886832137075 0.56991594424811 
-0.49662137512379 -0.30004621620985 
-0.23335607741076 -0.08969910447888 
1.3463031747953 0.85399379671526 
0.72221756870769 1.171010391729 
0.93725288463487 0.56254272046508 
-0.67535339466836 -0.037892640007622 
-0.25943657455813 -0.33362331045172 
-0.14786713989413 0.12453437313498 
1.1680107230203 1.070996713821 
-0.36407406867319 0.010744293971513 
0.52872710441309 0.29515881656161 
-0.40234786790325 0.298231049611 
1.1666023324401 0.36386222953354 
-0.45101546116573 1.0014006548718 
1.1077916560638 -0.022399864330235 
0.04507152283265 0.65653899775406 
1.0189513423838 0.43005323452664 
0.30334795282118 -0.043259509617438 
1.0357928410311 0.40761802854791 
0.68011092112595 0.77851675817388 
0.54105390104314 0.80745070190369 
0.59006305757299 0.14964116244096 
0.84680595395914 0.10176867470305 
1.2214394117526 0.53204901687761 
0.079584967504445 0.84234063113167 
0.49743008338044 0.89217510593637 
-0.43339854513779 -0.30152471312813 
0.91310429940767 0.89323578104609 
0.35609678878546 -0.12962207914285 
0.32044288174027 0.52358501513401 
0.01625728757302 0.19954176039105 
0.87994803011823 -0.043370013163267 
1.7447103645662 0.23970056528444 
1.1535851332585 0.30223464550808 
0.53172573613027 -0.092826829462329 
1.5034577140554 -0.038069437618678 
0.18692338766162 -0.33774115188009 
1.2497875718692 0.48649175675134 
-0.5343744962535 0.60758275532188 
0.54228993198422 0.96691352135909 
0.05335397444657 0.23598778945192 
-0.26886109812146 0.27612832455971 
1.1123408747645 0.16175895003262 
-0.2833507607356 0.077749698131666 
0.14183565382454 0.63944894829187 
-0.6753047322206 0.90017602042976 
1.5990190449478 1.1280841152373 
1.4237522081651 0.14308809882948 
0.55474631775099 0.50069239000283 
1.2377690520334 -0.29460728371215 
-0.13534054426089 0.67751939989421 
0.71724308098807 0.94511885380105 
1.0088892422168 0.81500837113658 
1.0046758069641 -0.23671368874641 
0.01909728334732 1.1503769422973 
-0.52284940949287 -0.14687915030904 
-0.25226124523282 -0.17398339328523 
0.40296644155359 0.047940553929898 
1.4164479814313 1.004713926092 
0.04154911672421 1.0263604412504 
1.3371092287079 1.1274970557771 
0.90030940024579 0.073417389813193 
-0.072873152728373 -0.24622708172158 
0.74284218109427 0.24823390756327 
-0.18818159481141 0.33573254325283 
1.1195939317957 0.78316056970268 
-0.63939404372655 0.59045485204807 
1.1098471139147 0.48400027622673 
0.16093792681407 0.4594721525221 
0.68204551077595 1.0946979984029 
1.1939355976674 0.40440808104738 
-0.54980158084789 0.20807257210579 
0.91900832663137 -0.071744594771066 
1.3783348254118 0.85878260502645 
0.18229984687628 0.82350600854544 
-0.60923560703981 -0.27222196558688 
-0.42234794174103 1.0286189940344 
1.2891473316356 0.61076366069989 
0.26462173053356 -0.26785099273754 
0.53107120091476 0.93714887384868 
1.4477411771611 0.065336018470724 
0.82346030319057 0.87961914776482 
0.035555476871366 0.47878747364829 
1.5004394513075 0.38004998296713 
1.281075006878 0.95890798481003 
1.03647478262 0.029145223965847 
-0.15082849289411 0.72207646755296 
0.86459025000776 0.20042901316371 
0.8698927225235 1.0678822454726 
1.352131476497 0.66829731402623 
0.46103085065204 0.96559658745908 
1.1021542114077 1.1832044121715 
-0.54575885267564 1.0758278561253 
0.70761527545469 0.5354405863886 
-0.265522322246 0.22770505433631 
-0.67934972023001 -0.084401281070573 
-0.46750671579637 1.0996263760407 
1.0531362264458 0.92119952804756 
0.25494146764055 0.8837296687935 
0.76193446933235 -0.32843928952515 
-0.62342324320253 -0.025902636196037 
1.3895884158102 0.40100036347085 
1.628205947322 1.1800084319166 
0.46764386429041 0.52862213991197 
1.2569554392177 0.34205688447516 
0.71735402824135 1.0166069860269 
-0.48634029055652 1.0043391527331 
0.94985822465905 1.0984803006157 
0.18732204965745 -0.20299388864029 
0.20620390190885 0.5875358462236 
-0.32746795862871 0.24087998962665 
0.51550989040517 0.8333909290462 
-0.088109345127875 0.98914134546866 
0.6184397073421 -0.021018895403374 
1.3202890197104 0.43124506021863 
1.6664689989622 0.20006977631027 
1.3767378593615 0.01566644945403 
0.90577971043072 -0.24789448181418 
0.71575517582782 0.10100479166843 
-0.24573232780317 0.072987883297055 
0.94245710181464 0.57206996807725 
0.47838912037551 0.52667631378858 
0.93205174894692 0.29038550081258 
-0.16544664106525 0.67996438985833 
1.2246580470433 -0.066085922794557 
1.0289072397904 0.0045045381830785 
0.9986411722995 0.74025428907157 
0.41541329279649 0.058811039588909 
-0.33463782426829 0.95510776575588 
-0.099398113630926 0.13704463557176 
-0.3135368504193 -0.31934292024436 
-0.01084407736428 0.29487802241671 
-0.059274452707948 0.81127817174294 
0.23085362527446 -0.21391912463471 
0.18292293964611 0.32521885400241 
1.729554492803 0.29453471454868 
1.5503830307871 0.22428815216891 
-0.081193534578977 0.66751061875907 
1.2813283253898 -0.035749903313606 
0.75149861784436 0.46230040172857 
1.0836456569487 0.44862545159087 
0.32942419486816 0.21491961016748 
0.60659668579916 -0.26297586312112 
0.94901162941329 1.0546383767705 
0.5781530219155 0.99419510900616 
1.6562458703998 -0.32463949875647 
0.2935462376382 0.22346992341891 
1.3692855813877 -0.3420146613151 
0.20322096457774 0.37949806563956 
1.44625871073 -0.13572753544293 
1.4098437285685 0.78013313912092 
1.4488893375701 0.096792948127187 
1.3937472863011 -0.23278119369979 
-0.21487921337757 1.1050877663352 
-0.12643352331726 0.17610366462339 
-0.33526670234484 -0.33543786149648 
1.3110760761484 0.43045908841452 
-0.67515660953203 0.79398009890445 
-0.56481666342549 1.1489974439419 
-0.38928700757046 -0.31830265414537 
1.506211518137 0.15481876286811 
0.61041797593169 0.93584763637732 
1.7236294387429 1.0298630434759 
1.2663140611309 -0.19515067007816 
-0.65088330569709 -0.22976600693409 
0.34268304723388 1.0106000296559 
1.3921308903565 0.085040668555096 
-0.47273071894081 0.01818385518395 
-0.024893256465405 0.80660002726411 
-0.13858118024674 -0.19756111311915 
0.76299441333258 0.87029272622153 
-0.12479303844518 -0.34575162602202 
0.25081089987357 1.1303039062717 
1.6990317392357 0.96500091114408 
-0.045703621550825 -0.13103238153261 
0.61649456354033 0.63688133767051 
-0.67663908382237 0.18846804811082 
1.279585039344 -0.12201582062294 
0.23888135244153 0.059776515013367 
1.1696545117028 0.073420731257539 
-0.43053638387346 1.0714134782001 
1.6569106523863 1.0893118553282 
-0.53638686997914 0.80147422676338 
0.22663684868803 0.0062694329771691 
0.7809558534897 0.6890235582706 
1.1608683673643 0.61168673756051 
0.42726855711524 0.75970285187005 
0.90067253760347 1.0984998899237 
1.2998817335634 0.52259565179427 
0.83700158860904 0.092446391454359 
1.080239708153 -0.11541277203265 
0.011290029775189 0.19909794897934 
0.52339746660097 1.1086585889446 
-0.60530284974063 -0.23177187469581 
0.12729019445186 0.94002831950856 
-0.30801071328689 0.077421429704343 
0.55861836780912 -0.16668420284768 
0.99822255677061 0.17597678676356 
-0.3517377379973 0.93163405023745 
-0.30361504893719 0.94940148671556 
0.74105291926876 0.66205484448842 
0.67911709470363 0.51548143829391 
-0.52418078237026 0.38192210961312 
-0.1511547341258 0.35216756020715 
-0.34787914526546 0.015361570284763 
0.0446523646408 0.38528878071373 
1.765002886205 0.22519526241979 
-0.56675816761613 0.93668946053498 
-0.0051652120748379 0.87199059637819 
0.97715370344206 -0.056827335037389 
0.19627057595697 0.64832884713095 
-0.64478350611005 0.23621589714597 
0.40719537689174 -0.27858057446448 
0.95481826325274 0.45609232062344 
-0.55446631073258 0.66482641726394 
0.81661785944163 0.17677901370037 
0.37184696745609 -0.055605450489135 
0.20947849387976 -0.26144507497117 
-0.3463029841003 0.2855560513316 
0.32343232310218 1.009254316145 
1.0600278877938 -0.19705086966695 
0.5305058494929 0.67342895316444 
1.5016670051656 0.49364180252257 
1.5339232271394 -0.18208002648147 
1.38324426718 -0.29325410198806 
1.0605885111338 -0.19791039762445 
1.0703912516847 0.48254119263696 
-0.46598479734637 1.096416276972 
0.86961471536638 1.0146235450845 
0.71583181892959 0.045063101468012 
0.50887786672164 0.40795941610782 
1.6537211065099 0.50941437474483 
0.89843965847109 -0.13044217480777 
-0.56680232971169 0.9316513069936 
1.6500597292306 0.28425149761478 
1.2688470939743 -0.18562810951633 
1.3296670853645 0.12684165098018 
1.3172684715587 0.99627108774433 
-0.36000651388051 0.70694497615161 
-0.051447883849307 -0.31217637389879 
1.5428988846345 0.34324864146244 
-0.45949696567923 -0.04883850535623 
0.31379162569494 0.069088645601025 
-0.35440541359517 0.34762633649357 
1.2898444218472 0.9012949971192 
-0.28796978091932 0.041587806636489 
1.4923229988673 -0.17700710201796 
-0.45197283373523 0.41748524217901 
-0.095986287195503 0.11084254896101 
0.076499238488058 0.78753367685667 
0.91303124670488 0.40560923501686 
-0.11462266006051 1.0904301751698 
0.30378066072049 -0.22965546537373 
0.23248121750902 1.1594545488044 
0.10201388275125 0.42144617750911 
0.18219580224539 0.032602513529918 
0.67978431250768 1.1715269394281 
1.3811710961716 0.48924730109898 
0.64210782408262 0.24198116910302 
1.3990156285482 1.0736513800211 
1.7453429058187 0.38130283328006 
0.93475606624745 0.4939245793732 
0.11607764498853 1.170235887739 
-0.67573556185211 0.36990062384609 
0.54876181827572 0.72980092320763 
0.54184239009967 0.20919801197414 
0.13368066131191 0.96985216957497 
-0.26243721171095 0.080233941024512 
1.0079701300536 0.021025481603715 
1.5528565734792 -0.070598112660104 
-0.13278607116383 0.50871720937795 
1.0479214858907 -0.24282506487488 
0.33334438260244 -0.17182853658446 
-0.4344344218782 0.66250014914676 
0.92220683408373 0.60355909492486 
1.2455075045586 0.86790971361034 
0.45373998365789 0.16162594815678 
-0.40330649524534 0.0087880374148452 
0.41153771561814 -0.10595600812008 
-0.38385789733541 0.60573106686157 
-0.27414257147527 0.64701409123609 
-0.37841716467788 0.85893297120933 
1.4393008513116 -0.20177520931096 
1.161604353135 0.50157385260318 
0.52978265288111 0.15638924358163 
-0.14718016036553 0.14330172288074 
-0.5783212726747 1.0243911935382 
-0.18321879228629 0.79905778289884 
0.64028066428341 0.66509844859032 
-0.1773308646733 -0.35067754341701 
0.65744751855787 0.5681926113116 
-0.68364211886101 0.98518747702448 
0.30291742803469 -0.34593260866134 
-0.66859492811017 0.11297794363394 
0.41607817628078 0.56917789158856 
-0.1245024107072 -0.34303127226297 
0.4046948299321 -0.23784199740504 
-0.67844319401566 0.87184717213493 
1.052897957557 1.1594569163521 
-0.26933660535268 0.19350625313833 
1.243147689271 0.028740371485032 
-0.054845187181169 0.13110865830575 
1.5009072680258 1.1715682480621 
0.36329196343198 -0.085140665835918 
1.4023420626487 0.50799251964608 
0.64625774372489 0.59329034338738 
0.57907077520029 0.31242066619631 
0.17796838829538 0.8025373787869 
0.024894198311757 0.75087698874923 
-0.27512282065991 -0.056827064833241 
-0.37931186843183 -0.12031242041142 
1.5200618713141 -0.2133801247652 
0.70893331180471 0.353391159895 
1.4054815702354 0.20944789445195 
0.75878168860262 0.32743150887414 
0.25476653747173 0.95227103545173 
1.0491425836003 -0.14599111614319 
1.2409439643114 -0.1621167063924 
0.49778062449077 1.0479218486844 
0.45533025265737 0.21568253511829 
-0.11492232278857 -0.15063869093773 
-0.25168905444983 0.60602325963968 
-0.32101132059084 0.76873647660253 
0.26283502169547 0.55741551757652 
1.5937616125701 0.86792256270434 
0.89964458452141 1.0247485179051 
0.45839885985568 -0.27740825206896 
1.4977829691228 0.6613273944138 
0.85712483627472 1.0080576114118 
1.0253902910401 1.0987160103508 
0.17703663596769 0.25728178534087 
0.97911156031274 -0.071032100591981 
1.3241634355311 0.10054980296796 
1.7710487501939 0.45059063801688 
-0.51599643570342 -0.36427638838854 
0.65357161145322 0.38489721989122 
1.3293219787496 0.29769887962057 
1.4555002309825 0.80510042178104 
1.1810506819906 0.26266075703494 
-0.079044279057116 1.1299081954715 
1.6955911221618 0.82698535199433 
-0.60749725857 -0.2636304313077 
0.31515381262721 -0.012122570122634 
-0.45399845084095 0.93389009139955 
1.6593882447979 1.0618302775231 
1.0830940503099 0.75304334086435 
0.86645914622843 0.43547563456738 
0.28137880968652 0.19744461529451 
0.14684454547103 0.63752522947965 
1.5264352299581 0.63519059680975 
0.19569086712884 0.31540951376284 
0.3108984684772 0.45190038166434 
0.65026927412594 1.0519619000533 
1.596323352404 0.2110726131282 
0.1699808312025 -0.31347775209919 
-0.51221546114432 0.34128297619038 
0.50604179620299 0.53281366929209 
-0.18684632175489 0.89208366392248 
0.93414858904597 1.0691946291572 
0.87276581274575 0.43399255196301 
1.3299196292844 0.32974355656556 
1.6893900142649 0.019374733087707 
-0.61746522837657 0.097482386399454 
0.47536462756242 0.54322378690163 
0.66378551947265 -0.30594635434585 
1.6027078149422 0.17263005212958 
1.3484247908971 1.1327828342774 
0.99306328289559 0.50516582817209 
-0.21131017506795 -0.054391196526805 
0.33000179972824 1.1823489858905 
0.046701823988352 0.0026807492261991 
-0.15487468502463 0.46313215233068 
-0.21887959703272 0.68266424035987 
0.75789729906204 -0.35172471952475 
-0.52109092880287 -0.2481761931729 
0.52183873414923 -0.25531820832825 
1.7629826815992 -0.10887015589107 
-0.56894208401476 0.8094362604562 
-0.36767604761096 -0.3514724050606 
1.4806137236183 -0.053786443060788 
-0.46999899032653 0.79280728089734 
1.532817703793 0.44336680856504 
-0.21074454542958 0.74108377097193 
0.16608038309624 -0.31603230310208 
0.89666168057741 0.80188280388229 
0.15535653722798 -0.25827413407266 
-0.29043390097947 1.0540320376751 
0.035504132026587 -0.11830884247683 
1.0211131084483 0.11014907963799 
0.43362338872779 0.39852669173774 
-0.20310200419783 -0.07963434308817 
1.1859140564226 -0.15341742845922 
0.38141920604936 1.154539020849 
0.12374084476972 1.0998461907736 
0.64600083288758 -0.22594900047421 
0.19337444382761 1.1478954031947 
-0.35332816821494 0.63300523521431 
0.39647369545852 0.072302022111036 
0.9914232331529 -0.1587425738915 
0.32514264431638 1.0529205186573 
-0.37990565619992 1.0780261510182 
1.5089580128949 0.73668093375953 
-0.4129513950191 0.46185713058026 
-0.56350399766482 0.97507828322671 
0.44880017356856 1.1174399839047 
0.38211511233855 0.3270514446488 
-0.24777434730319 -0.041974274366687 
0.58981204115063 0.40073632838214 
-0.39912186128219 0.037138509355132 
1.4305772855369 0.24118044409006 
0.85054942467938 -0.34432317324152 
0.23060631627274 0.25911512660272 
0.23680964623746 -0.29064492770245 
0.53146751912364 -0.11522096348578 
0.28287053232336 0.41124481655311 
-0.30610030440856 0.13998897019822 
0.13404051832875 0.027354321538982 
1.2369376524105 0.72426237659451 
1.7154598228847 0.26329725692278 
-0.31334678757756 -0.23539553504173 
0.89945877960509 -0.086706138283344 
0.45926917278958 0.73477517735977 
0.79378968106508 -0.15746500989992 
1.006712484096 -0.22256607526575 
-0.12091357337348 1.0597084497799 
0.45751773860639 0.92824076278313 
1.2938131487302 -0.16042387048721 
1.2455139275813 0.6657901394952 
0.40026427724373 1.0018273591192 
1.5722870238876 0.12834783126635 
-0.22096133754738 -0.19552926498149 
0.75147441156594 0.96265532572254 
0.87011160603633 -0.051915293726586 
-0.42847007531911 0.885663957168 
0.14601848141997 0.97625971674998 
0.29971683071312 0.86040277112545 
-0.30611826152145 0.37800327601878 
1.1901558444838 -0.27575516424961 
1.7685291858802 1.063733221179 
1.0849706943839 0.36819930986224 
1.4343072484666 -0.036232043294866 
1.4329431204368 0.33817623012845 
0.58078348984578 0.30129211553847 
0.98168109270017 -0.064953774861317 
1.6547381407239 0.12467213736739 
1.3201309011868 0.15615716528671 
-0.49341563774387 0.087087092321133 
0.7930773611786 -0.12841094621562 
-0.55148357463323 -0.24169520590554 
-0.54261320507383 0.86903096713995 
0.26988037015097 0.28253505014886 
-0.12399911690044 -0.34597523355937 
0.52700305356702 0.88158157458771 
0.031468371398354 1.0165745349278 
0.14751384849829 0.32945054400607 
-0.3220801905888 1.0543292559917 
1.0577044007673 0.58727573569646 
1.051932552293 -0.20116612276959 
0.13750368106032 1.0873566381741 
0.75636915030529 -0.02909416829432 
1.511960743638 1.1432325998794 
-0.063265702120907 1.0685603994895 
1.1643537328235 0.41907456684926 
1.5419459187862 -0.32158488992099 
0.67086785587353 0.96466565492195 
0.28103416506773 1.0794117457147 
1.5839824614257 0.92133271253229 
0.12878568412847 0.86664060082528 
0.78547087249807 0.34202624596311 
0.16889116015812 0.42154874281831 
0.48229392004348 0.014509132293667 
0.61560771958783 1.1488616157763 
-0.34988966636713 1.0701505258363 
0.053305459894153 -0.0541998523745 
1.6445409295087 0.88775066220384 
-0.56530324574283 0.19957145702768 
-0.33407971969094 0.97874487031673 
1.4303068867137 0.28636517844839 
0.81005368657235 0.50273237361733 
0.61479389946082 -0.34280080470768 
1.5829914740531 1.0707630989617 
0.93616269496345 0.96608805009397 
0.017137740015733 1.1596434792724 
0.48416521114319 0.42270443527667 
1.2168407368623 0.71911089676441 
0.86737944939405 1.1805097259088 
-0.13117233199765 -0.096554371156928 
1.7813978647111 0.8507838873221 
0.69985126908995 -0.21658058588328 
-0.63305386316507 0.4933377756019 
1.7618110846766 0.17744386954284 
0.53748582524221 0.84267588481785 
0.94975038006697 0.85100439903097 
0.0046073203331682 1.1558929320919 
0.59857271716393 0.43486644112497 
1.5460933365543 0.95944546482128 
0.80808995183629 0.066676467368091 
1.5855234494047 0.81441463165573 
0.767901587298 0.76852731710038 
-0.23883494563692 0.62505094543344 
-0.1192345029605 0.54906450579718 
0.88233309712581 0.40719197677872 
0.0081392002397463 -0.052419589202177 
1.3880367146195 0.48139501121033 
0.26698106965127 0.28090534538051 
1.2591904549722 0.18314818490029 
0.39774754907701 -0.24353220001994 
-0.55265891266514 0.80789480393368 
1.6565627166427 -0.15884293322612 
1.3210337499485 0.36709240491098 
-0.46391669051834 1.009790836467 
-0.34494098000638 0.33495149141519 
-0.027665411373809 0.34743276761372 
1.4188804844214 0.17680097177313 
-0.30498575243409 0.74087006227723 
-0.39000995182421 0.58971415185868 
-0.67630292941024 0.48231681593055 
0.047914176744565 -0.19514564133882 
1.2761656175395 0.84871065750202 
-0.5622980388653 0.29669541657093 
1.4514373440042 -0.084320726465215 
0.80970045648216 0.92751761995452 
-0.61192802715092 0.64123930520743 
-0.48966258198312 1.0254558107585 
0.42753731912512 0.89559102769811 
0.70467164558976 0.33596226467842 
0.26067258378359 0.73719834663415 
0.5308244869668 -0.32756282302807 
-0.30037671310832 -0.15690627411609 
0.23504686141365 0.44184347994447 
1.6284590773447 -0.17483105868324 
1.6934663792361 0.24876369217792 
0.94158741643579 0.62237718910839 
0.78019866480445 1.144616050898 
0.50847368737907 1.1055275025662 
1.2266625687279 0.32860011531168 
1.5791861673904 0.77622059147251 
-0.20832299708303 -0.36330526319299 
0.60192871723423 -0.0065409116445743 
1.7605421637903 0.45355241012494 
1.2009090098118 0.62373632867678 
0.22389951759714 0.32510527710008 
0.7332410658581 0.0063758230138315 
0.48654519470009 0.14161618467595 
0.20182888168141 -0.19031369436257 
1.5087957894933 0.99753705240978 
1.1429794928503 0.021172336381899 
1.3373951883737 1.1507112410749 
0.78455082347857 0.97874706988761 
1.2175018927411 0.54743288792971 
1.4153869926676 0.6173642611726 
-0.12327616358072 -0.31803752350963 
1.7094859868211 1.0027949105552 
0.094131291653186 1.1428967834159 
-0.26079299180857 0.40519550224643 
0.10116633633358 1.1110803185308 
1.5252885997533 0.2864885116589 
-0.085001763884024 0.74426306455445 
0.54686794306728 1.1441755856873 
-0.26100252014005 -0.10858745578852 
1.4374657737241 0.1037325374913 
1.7211505352138 0.42011477173231 
-0.30060998270379 0.1320218722094 
0.61328008996883 -0.14029610211346 
-0.17561828472059 0.022444622434716 
-0.001736837649128 0.54386238759153 
0.66700742850435 0.7331780423149 
1.0386128928722 0.29895511110228 
0.40850176331731 -0.064486592659313 
-0.20628047347902 -0.048350396315974 
0.98791193605339 0.70029539923276 
-0.052183328731059 -0.33036545868029 
-0.36028548595783 0.64479102314368 
0.87417614022445 0.72557866819129 
0.949629303812 0.011599245733784 
-0.2338346570629 -0.0007508193836735 
-0.62481246233808 0.0015495240483931 
-0.64742279254334 -0.28285233917591 
0.88243214532219 0.68085346077246 
-0.32433712995218 -0.26880741005661 
1.3189618413859 -0.26678408730709 
0.18333475562636 0.78439210741916 
1.0420888760431 0.41733581312067 
1.7540273314082 0.53473477808641 
0.45162006161805 1.0556483421545 
-0.3087406721981 -0.021349395775536 
-0.46029966748249 0.050067133267936 
0.63081300703291 -0.24856726983768 
0.7487036235995 0.020784549443753 
-0.59854108455602 0.57001754077723 
0.023762196517272 0.95604884347689 
-0.68572819117104 0.46262292890004 
0.87221265546758 0.8959113520994 
1.1324986272087 0.051788575753153 
1.1708610677577 0.94188638069027 
-0.26895349584261 0.27784849357421 
-0.26760951076707 -0.31334972294431 
0.90668368520012 0.69466525506671 
0.3986077851747 0.031349588308032 
-0.015000381940674 0.4502410227724 
-0.53958759941192 0.91431425212818 
-0.37912545955799 -0.1773687091656 
0.17800138629514 0.42057055620055 
0.15052575942817 -0.33474008032253 
1.4789199909782 0.90093504175376 
-0.63551547576089 -0.19048456932753 
0.23699486794854 0.53695514937996 
1.1050226762856 1.008701769843 
0.86116338005388 0.31200006631224 
0.43619530950917 0.43542133210147 
0.46339749539782 0.53860590706706 
-0.089585038042047 -0.10920523912959 
0.49539543019866 -0.11438532723763 
-0.10000817624418 0.13515376253552 
1.6090832750811 0.15103448106184 
0.76560494609303 0.70914584895864 
-0.068766675882715 0.70878460596516 
1.1055467981647 0.48641232900486 
1.3198270434588 0.25565952142775 
1.2255642225141 0.97749179577683 
-0.061617520571027 0.77440326536323 
0.891055237195 0.71679243340266 
0.76266076890159 0.54368171134743 
0.71690885172932 0.012206875369025 
0.32403706576724 1.0919915663066 
0.97354830509549 0.46026519634295 
0.14885760427359 -0.027724144596225 
0.4305642632467 0.93359571809502 
0.75312378733137 0.96748915595325 
-0.36929535218177 1.0869642503748 
-0.23576892673873 0.77259344907352 
-0.30761081702417 0.39281551597405 
0.76186695823858 0.094956123900185 
1.6471487084215 0.87692271261221 
0.56830539117383 0.27482428748348 
0.52684840965519 -0.30519499131699 
-0.67810676356352 1.139408163326 
0.96036462863148 0.026552925425996 
-0.61437636992048 0.02054795552937 
-0.67942450238438 0.27534239820255 
0.51759523228405 -0.25949430075589 
0.55613878462097 0.2595978234937 
-0.10897031513291 1.0841356589905 
1.0355422407792 1.1787022688636 
-0.27346969612501 -0.32563033331587 
-0.21266936591978 0.9868553232108 
0.28479569506479 0.89262236128339 
0.032511669062533 1.0204898957316 
1.6757247659225 0.91961747781013 
-0.47005313004627 0.94034867677498 
0.74952689045381 0.42677262558252 
-0.52696181263484 0.72485331374542 
0.77121762262541 0.47112885850477 
1.040713915339 0.86813672112258 
1.3789129370634 0.45330288155451 
-0.12672626964379 -0.028084793660213 
0.90431927956191 0.71178133776787 
0.37253937978895 1.0647448944503 
0.30205631245319 0.39454370562658 
0.0012869723612289 -0.28831210555311 
0.72097843654174 0.61322471682504 
0.99682831764222 -0.099629172899308 
1.5781159365398 0.82996822169194 
1.4503869148755 1.1748746523584 
1.4382841115172 1.01614757996 
0.001759482086696 -0.2037150259206 
-0.21188718325152 0.68606835397605 
-0.09500346421768 1.0099907075201 
-0.53340941209725 0.73680643271049 
1.2970794143404 0.92870922569672 
1.7188661069333 0.93034349362883 
-0.13124704334087 0.96084812775175 
0.23130223354769 -0.25177078628534 
-0.06299918586051 0.96619107297288 
0.46225660328641 1.1518614952261 
-0.59319851038664 0.10293510937823 
-0.51690665336022 -0.010957418990732 
-0.02052243448959 0.87063365771378 
0.066388801024936 1.0516433739512 
0.90833284300713 0.6977766833698 
-0.18602038824055 0.15752470149878 
0.3754799398149 0.66470688502356 
1.6551940680743 0.25131047660559 
1.3876191071397 1.1622839824519 
0.84583877981233 1.0710446020789 
0.64899499784381 1.0319317744993 
0.2639643084117 0.74191558811573 
0.077525876706892 0.40259108201766 
-0.064135196700399 0.41886458450657 
0.90730812255378 0.7681035845615 
0.93469070196047 0.39532712483811 
1.5220379956164 -0.023607727758885 
0.76095629255895 0.51056453627309 
1.3988912719201 0.59849008536222 
1.1949128784665 0.28688128276348 
-0.038388681486269 0.26754264867719 
-0.44598814867487 0.51158381342159 
1.4535578225442 0.065832901840887 
1.6167906457857 1.165312435649 
0.031459458065157 0.50526284808811 
0.43888553589939 0.14204049687558 
0.51834864875635 0.37140394555815 
-0.27258302565294 1.1067654118635 
-0.62067397645639 0.7967033122396 
0.85522305368461 0.91947824021511 
1.5372938126368 -0.3115996927619 
1.4554374101805 -0.10867060187612 
-0.37537235688083 1.0569295699424 
0.48198883314774 -0.0741015780208 
1.4526697009148 -0.11239660574887 
0.43747721953529 1.0444509292439 
1.7671266032986 0.88805814487904 
0.40479162858999 -0.097775853219377 
-0.33784504524797 0.33685753559162 
0.30543121868186 0.2059731472204 
0.19977815837817 0.36955919116461 
0.45706553135684 -0.15844048210503 
0.94206168271919 0.081426565662442 
-0.19225439011467 0.10918293490534 
0.82917673660134 0.36920242679688 
1.7484091326746 0.80735682514752 
1.7013012204348 0.76028247759212 
0.71144980848238 0.79887406419832 
0.041401102414216 1.1528032292757 
0.16605622797085 0.60042683443677 
1.6557170384754 0.034365469178186 
0.65777705263481 0.23152157866247 
0.65605373225413 0.98249680909036 
1.3705828980155 0.40751931766372 
0.35470618531779 0.07720159833637 
0.56677225788116 0.14368998260986 
1.7647690890828 -0.33806097124876 
1.6972215267624 0.027590996735069 
1.6074120424798 1.0029426951851 
0.41312592860004 0.73088975891779 
-0.14617123645883 0.99752910184926 
1.0490444760515 0.9453641752528 
-0.58386640077384 0.86155399139454 
-0.51686950256719 0.28716370567224 
-0.010928670248997 0.54212198435829 
1.7680049790909 0.8294429854834 
1.3279686847032 0.49543976256445 
1.0429604159473 0.03411507026057 
-0.52886435135634 0.44844290345614 
0.05858238971881 0.97727534895343 
1.5966977747779 0.31090683188131 
1.6431031081818 -0.241458333327 
0.23922994134131 0.67806677949487 
1.0771380756643 0.88239988610634 
-0.21412869132312 0.84776987519457 
-0.11881028312712 0.80640194640373 
1.3740525067747 0.98400855343873 
-0.25823194483303 -0.030680574681166 
0.53244736715233 -0.31921054323933 
-0.29383377134043 0.24617785130298 
-0.54432184453449 -0.16023550507756 
-0.27858254244036 0.67443862449531 
0.70560523928051 0.10114251486707 
-0.4877928927444 0.37997326008856 
-0.025618734146315 0.19580398122962 
-0.24288524655962 0.77950491324536 
0.44117724907218 0.26114477437233 
1.6808586513141 -0.091726586911288 
0.99998972487185 -0.12989094382924 
1.4287938391394 0.82730322596781 
1.5803662185195 0.5397222919557 
0.025196602267798 0.39584134846053 
-0.63699029818955 1.0885061638053 
1.5954205215169 0.62661667001759 
0.20186606697697 0.9484200654415 
0.74477963950715 0.20480168977017 
-0.071569735227001 0.67520505875873 
1.738144054816 1.1594143474358 
1.3687946916205 0.44276573105835 
-0.45775629046309 0.15724868323778 
1.4099928935521 -0.018113750532413 
-0.36880620744049 0.64785212738346 
-0.2411976170649 0.82809325867639 
0.034446611957815 0.34795294643323 
0.019756068387453 -0.25840658202032 
1.0102522257743 1.0321081025013 
1.0484593168326 -0.32395957883682 
1.2431051894378 0.0017396112205869 
-0.10455716086735 1.0522119362988 
1.3417193114073 1.0105557966826 
1.5065551385375 0.58063908801471 
-0.089733130842474 -0.0047602963317215 
-0.37645103143979 -0.041603326876126 
1.083455840149 0.53718448890141 
-0.38807217787543 0.59024556309495 
1.1034101110383 0.20147043899827 
0.19912185289505 0.82514669644361 
1.6437593003539 0.88663053738249 
1.0124791890914 1.1517593981878 
0.92130447260657 0.95071714690002 
0.65228341829606 0.24354954162847 
0.16204634629421 0.75521626992321 
-0.20809762103363 0.59958470242403 
1.5632981782018 0.019188365797249 
1.3427420264464 0.40804870705908 
1.5409022369389 0.59892784557411 
0.92579500700094 -0.30540904922493 
1.103595215225 0.99215509102085 
0.94384346190782 0.71646407405505 
-0.10544234869964 0.69012377228036 
-0.57376125878738 0.81578715826666 
-0.23677382004459 1.1118441452418 
-0.4460209562744 -0.31855559461563 
0.79975401623572 0.20617468989399 
0.33120561352317 -0.20288742517315 
0.88317225990307 0.026513555599599 
0.33502105639012 0.59522993467736 
-0.55701589978509 -0.018100011293491 
-0.026732395190571 -0.25460451558539 
-0.0044414911517949 0.50382484876293 
0.55617675977996 0.39499844730216 
1.4942874104028 0.25966036159922 
1.296465830605 1.0434011605666 
1.7798841535385 -0.063185026780276 
-0.53168029853889 0.039349861301873 
-0.34453282603126 0.86979750620602 
-0.27840828897877 0.7729441074864 
0.95458163529932 1.1489961594575 
-0.55826897712196 0.79984827990657 
1.1833066761526 -0.36125599195132 
-0.47906303073695 0.27833842960821 
1.269168644826 -0.034109142326532 
-0.64262133755963 -0.18139151732055 
0.012858516746625 0.17670763899326 
0.48284232559131 -0.19777361846595 
-0.58350399685894 -0.20889386326396 
1.0052012138077 1.0270021756362 
-0.32489969786345 0.1323131492831 
0.51943380841387 -0.32007624485352 
0.91984530812297 0.60848207754523 
1.5404705565226 0.059587644615103 
-0.049409468382331 0.36133168654265 
1.3219108474004 0.70915020363 
-0.58410360179525 0.8037621552206 
1.1431805983005 0.61684005229043 
1.0708052820135 0.28183794722173 
0.18529876680116 0.72788138513143 
0.22120864169153 0.89289762222293 
0.673004592036 0.40565144447696 
-0.44581508337983 0.7689633776887 
-0.42269182603626 0.0046821493860865 
0.5561880101089 0.081038717684855 
-0.31515381262721 0.012122570122634 
1.1811575152376 1.0562080901212 
1.3168708344253 0.1707746874927 
-0.24101775876441 -0.22553206076041 
-0.60605926440419 0.62421675323892 
-0.37345746137954 0.14757572501756 
0.040327590672019 -0.18938175516174 
0.78463839060082 1.0670787971323 
-0.52174727257835 -0.30873064245452 
-0.16287985805642 0.64189158785896 
1.1456781141479 0.037069572235491 
0.22041689058432 0.63444245940014 
1.5987809556937 0.86578023976562 
1.760169393278 -0.23276768296231 
1.7415701012716 0.99894142452106 
1.0704561747304 0.7864038985258 
0.030964998938212 1.1213574314852 
0.041909604067084 0.501903450587 
1.11078538098 0.86360183758581 
-0.41165202622351 0.53008522523286 
-0.65136958021251 -0.18587561190912 
0.59398649833064 0.41237638513953 
0.36384831920466 -0.068402696329318 
0.93947025358171 -0.21195124229229 
0.086482031890404 0.812118336654 
-0.48399582931116 0.31096635016814 
-0.4309697999595 0.50125365247884 
0.87039804404197 0.39636451880202 
0.485492088516 0.79927467353179 
0.75213699414677 0.30501942411618 
-0.10898477305349 -0.33915946047184 
-0.098798580560053 0.67368521167698 
-0.17329890485698 0.0067925796232076 
1.2949025804982 0.54466124082764 
1.4312994294511 0.77187587673757 
-0.41679537399142 0.89257113375211 
-0.066630526082414 1.0500758479875 
0.42548084054872 0.57393697379527 
1.2149172429104 0.4460293373691 
-0.53053406922286 -0.0073955605553264 
0.32441534141562 -0.21762616961722 
-0.42015801036463 0.52286611637979 
0.63744756008256 0.74149163571794 
-0.53007148240806 0.67925776864121 
-0.10974513523443 -0.22482789979683 
0.92116575525806 0.19826159127929 
1.2162772057785 -0.23355837604588 
1.473848936131 0.39766954264769 
0.48254291994646 -0.13106377175293 
0.75749569744094 -0.084827846317056 
1.3160912801377 0.20494829483275 
1.1629618606434 -0.011529880952248 
-0.37373463058154 0.0247300917863 
0.96496152070916 1.0557045296967 
0.53751963372721 1.1211115165539 
0.48359083000382 0.72724670020028 
0.16939782426531 0.61132506672757 
1.2635206774002 1.0504888996164 
0.62275262523536 0.8168845477575 
-0.029610285434343 0.20335680753226 
-0.18179264461877 0.97800863469852 
1.2192229272912 0.15591475897844 
1.7463074931558 0.60865922821093 
1.6178029587857 -0.080169516973652 
-0.2418837548192 1.1169491354225 
0.64528114065186 -0.25211520312224 
-0.15863202873352 0.47232152805024 
0.10410933176325 0.7242550763995 
-0.49929655309112 0.42702183288488 
-0.07704230078192 -0.36058189563863 
-0.11437360962036 1.0734885508409 
0.29515648175804 -0.1467217608565 
-0.2421599439192 0.48982677117667 
-0.30599025979594 -0.082209992337044 
0.2479438742512 -0.32513165284962 
0.37381356415933 1.0998737124138 
1.7412605102974 -0.082775289103925 
-0.038800035296679 1.0536029183284 
1.4946849019823 0.40390947362261 
0.91532280280735 0.24481748884904 
1.6273714678903 0.95052297455666 
0.20808717636891 0.67251575381657 
-0.2763856633096 -0.25312700165712 
-0.14511931152659 -0.29760886651766 
0.39025292538568 0.85924390049149 
0.61200994033127 0.61328034248481 
-0.59294370666309 0.52648215197742 
0.94768031090712 0.065448584282292 
1.0175711306904 1.1111978058777 
-0.29163339595196 1.0079499926961 
-0.20146849896968 0.19111012616218 
-0.42603430004962 0.87078389196236 
1.7437278223482 0.83141616051487 
1.4647981840065 0.48707515284938 
0.41922030389049 0.59355139110326 
0.17826169359607 -0.27493134681535 
-0.012994999466011 0.79696795766243 
1.1249476770115 -0.24991380679932 
-0.063097089115386 0.079904405115679 
1.0503115432669 0.17249819640409 
1.1023498746181 -0.34854410993402 
0.70759393869678 0.36453978065542 
1.2618708233056 0.26049479551789 
0.12327698468569 0.19159026850668 
-0.54017183166264 -0.024608739565953 
-0.043313120088549 0.87477146731498 
0.57758165664382 0.51773282534347 
0.54161525071266 0.16935814355303 
1.7508892821264 0.20078893620149 
-0.57180660351317 0.73596282977844 
1.6167634247502 -0.17793117866105 
-0.13536010853147 -0.14251943404551 
-0.3299104371339 1.1788230309454 
0.67020971962602 1.0484876554029 
0.51668848016543 0.085175926116785 
1.1131544968527 0.69539899167267 
0.22322160735295 1.1034067880808 
-0.39823553022393 0.69993318763656 
0.75800537371831 0.91652902530391 
-0.61299923527176 1.0814526156777 
0.14396400424188 1.1441116008806 
0.31449779503169 0.43204055521192 
-0.39789055670158 0.57912049868782 
-0.57647132335604 1.09690210976 
0.9087756086505 1.0657285056473 
0.89011514743556 0.68353612168122 
