-12.18001336969 5.7506563552381 
-10.828653702223 4.6691558911332 
-12.067077573057 5.9516377335179 
-10.721260815192 4.3694288068716 
-9.9852081892285 4.404774742888 
-12.475490499964 3.8364918491807 
-10.694318655654 4.6089396376358 
-11.177020638047 4.7722482582905 
-11.638641705292 6.2876284274133 
-10.261412326978 4.0286297634959 
-11.437707285958 4.9221673212492 
-9.312358001497 5.2618865378022 
-9.4443572999614 3.8949054634479 
-10.864223789881 5.4714660930308 
-9.1418147000422 5.4510127426459 
-11.196776822728 4.6319884494132 
-9.6422786654329 6.2892788109736 
-12.238048562689 6.4120906489992 
-10.165444131408 4.4136157249813 
-10.961246995581 5.7236081623374 
-10.692199272174 4.5585059390937 
-11.134614948173 5.4106507744556 
-9.6150780750732 5.0733481265278 
-10.927684875922 5.362152112864 
-10.257319989041 6.2726960277087 
-10.269542396967 6.1666947096358 
-10.559152490256 6.2609978099953 
-12.677687417029 4.2242796711141 
-10.400942315321 5.5257382426269 
-10.099924191171 4.7239360995251 
-11.351146845829 5.3442037496364 
-9.6145941608173 5.0324623951268 
-9.9799899952232 6.389601271618 
-13.006708089648 6.3351216197295 
-9.1693120493368 4.9230706329434 
-10.182580131704 6.067449773051 
-12.825220602991 3.8712982989159 
-10.22615930169 4.0046905311782 
-9.5893425052432 5.8177867469899 
-12.294145575648 4.483630512993 
-13.014144626596 4.226103146244 
-10.041420518674 4.4601102053927 
-11.414899064721 4.5188450693427 
-11.985223411255 4.9554654222392 
-10.691596185252 4.9067124283829 
-10.480431345497 5.383104891619 
-11.679609279162 5.9943950390632 
-9.3846898449489 5.7108083559703 
-10.917271584157 5.7395195845993 
-9.9007257703653 3.9136230582989 
-11.392402064051 5.5630057131194 
-12.833000113849 6.2546890582398 
-12.494568163491 4.6107062636823 
-10.123042948795 4.67813092005 
-12.029498147098 4.5015006528128 
-9.5749348890775 5.0960850965547 
-12.117505203176 4.3841624294914 
-9.8406739689177 4.3644921660043 
-9.5544521979986 4.5090865114855 
-9.467004801112 3.7827463549153 
-9.2699274743212 5.0530926399255 
-12.647345992245 4.9331282481769 
-9.3602342815073 3.8013506539305 
-9.5974872684589 5.4856204975509 
-11.241031832025 4.6078463327086 
-11.708019028225 5.9641607853037 
-10.792641860976 4.6666819576213 
-12.583428932922 6.0408635176005 
-12.473699500493 4.6083228613992 
-12.020041320866 4.1526208578709 
-9.5849173315367 4.1945127786937 
-10.51304290541 4.5449537973892 
-11.710989273526 5.3658702087058 
-10.81408046191 6.381529487394 
-11.104685242067 4.6257827069676 
-9.811192821838 6.3355482627806 
-12.707655263152 4.4442587904344 
-9.6697906831991 4.8575087815456 
-10.10422659132 4.5331776698972 
-9.3302466446554 4.7629745407594 
-10.491330870113 5.1222302325603 
-10.090704085862 4.4515557388772 
-11.820983398732 5.9398937342132 
-12.617645816408 5.9143842004421 
-9.8708903743969 4.1987106715979 
-12.991103575316 4.249187697642 
-12.63748022701 4.498689835374 
-10.003923790981 5.7657790494059 
-10.567020803106 4.9952533577471 
-10.224560567523 4.4092247080972 
-12.977085094973 5.762262142236 
-10.38909266822 3.7761294059455 
-9.7988664885847 5.7781475427165 
-9.9485041704524 6.1854878773851 
-9.457614058615 5.677860913209 
-9.2074440421381 5.299610721676 
-11.891033491969 4.1246761391665 
-9.8737829114428 4.4731759428451 
-10.114942320372 4.8125412336945 
-9.7001740079784 5.2334373856195 
-12.601297460923 3.9223274861954 
-9.9542787854702 4.6347221287623 
-9.6012290888631 5.2523421939255 
-9.8094014644838 3.9345555454882 
-11.648937416763 3.7736493403022 
-12.143440759783 5.3850533813953 
-11.88026290357 4.7183035750009 
-11.941384347767 4.4497956627125 
-11.097167598386 4.8451881019356 
-11.012399288262 4.5282655732983 
-11.629316061572 5.0940006463393 
-12.164292067552 5.7825127470672 
-12.325691945444 4.6285135861349 
-10.701531131722 4.7679529307308 
-10.193630692624 4.9153731715547 
-10.382062804612 5.1562322397309 
-10.208354236202 4.2534781686677 
-9.9602301132456 5.7978511669193 
-9.1436876085185 3.9110060840134 
-9.2725464110653 5.4091855328962 
-12.162974364588 3.9181903157275 
-13.000021520264 4.1379330657419 
-11.752767950024 5.2755699904372 
-11.01650895046 4.8663168302866 
-9.3579053520236 4.2479310106437 
-10.185048596078 4.7737298337697 
-9.465298448733 4.3485040662199 
-12.70157934553 5.458003889172 
-11.000447634912 5.1377873951264 
-12.622151028517 5.8908328735476 
-10.035085271375 5.4419761781344 
-9.9414248803075 4.7914523783354 
-10.812075610971 5.7609483046545 
-9.6706904243115 5.4459087274143 
-11.832167550805 4.8114357731082 
-11.602451632178 4.5726210602051 
-10.686069034809 3.9670738225421 
-9.308009597311 3.8842386811393 
-10.461179518067 5.6561772348448 
-10.038630374622 4.3548197374435 
-11.465593768423 4.8603739079406 
-12.132549837089 4.6318225702165 
-10.781171349122 6.3317795330636 
-12.08725376167 4.8443154872398 
-10.751217775913 5.9549278477431 
-11.329341851757 6.2877964636264 
-12.899217194888 4.7889677963691 
-11.683900231814 5.040583077911 
-11.357260416118 5.3653092394866 
-10.076046777353 6.0571244889829 
-9.2392314017039 3.9291457168497 
-12.30685616926 4.0461215125311 
-11.15500429973 4.0537888152451 
-12.360035243726 4.020349598714 
-9.6526761071129 6.247363848681 
-10.026936532532 3.7929998335744 
-11.009220596863 5.601794348428 
-9.1575553711087 5.3409717818452 
-10.984239310556 5.5978867354676 
-11.242586751485 6.015855559616 
-12.008338804659 6.0307581316698 
-11.230966997059 5.1925968821384 
-12.908034436149 4.3730526186114 
-11.927975857567 4.6502418077411 
-9.4902626809568 4.725439701187 
-12.053039938423 5.351021867791 
-9.3557648822896 4.195280721073 
-9.4178590280345 5.4208645411082 
-12.85215668954 6.2760773806807 
-10.358266255758 5.4231754685437 
-11.106005768085 6.1593805112816 
-9.1697824446112 4.3295786312013 
-10.861460523453 4.6859526736749 
-9.661279427433 4.1844008731977 
-12.975312499308 4.045601451655 
-9.8819088312699 4.3641583916438 
-10.766336860411 5.9954415018425 
-9.6806846353892 5.3998152616908 
-10.380557545499 5.3567457614937 
-12.269314299406 5.4883931134953 
-11.415016014038 4.6430291268732 
-11.342336013535 4.4343469616818 
-13.032851070181 3.8779554651521 
-9.6604565309177 5.1277364842717 
-9.8200278604625 6.0938803223768 
-10.968238108232 5.1741910609495 
-11.968134725036 3.9822719433859 
-11.481444819909 4.7278082541909 
-12.72453874412 6.1919232964692 
-9.7448947144659 4.5395091092187 
-11.907553522771 4.6869632354432 
-11.315612195614 5.9758772702764 
-10.836252033481 4.4728051493841 
-9.4724033679811 5.6396528369192 
-10.724503987583 4.9980865203835 
-10.937754528423 3.9335807199083 
-11.487728004281 6.1391964410538 
-9.2185104991088 3.8743646272667 
-10.673045615454 4.1276885660808 
-10.60572435567 3.9329201995702 
-9.7377618572154 3.7830372775414 
-12.558444314129 3.8043357141439 
-9.6955549557835 4.3258206960014 
-12.02644846997 5.3068044215591 
-10.472662747596 4.9203586490774 
-11.895132242771 3.9929509700879 
-12.264335559452 4.2239069574931 
-9.9690355142365 3.943792626177 
-9.3950197686476 5.6551430377538 
-10.873945519612 4.3358900419403 
-9.169479779428 5.8829372830867 
-9.2914252209052 3.9797964941069 
-10.700567872003 4.4656091011851 
-11.324382036746 5.1531880886263 
-9.2360920026317 3.943613739615 
-12.155572159585 4.426138043943 
-10.200084346019 5.5557476167849 
-10.872364749965 5.0086169313409 
-9.2625345677069 4.6460701908136 
-9.3516620074182 3.7735014932244 
-9.9070779438853 5.789884624645 
-9.4089592250597 5.0147352701151 
-9.8355099829092 4.6158957792622 
-10.5594148132 5.0077831133983 
-9.1930343724024 6.0915005310393 
-10.376439300771 5.5279922802748 
-9.8515551432551 4.9284552983685 
-10.57773234607 5.3233425580745 
-12.436347595034 3.827378462641 
-12.363435209458 5.3873710968419 
-12.654208847852 4.4111065611881 
-9.8758072160754 5.1140107639508 
-10.198995004221 5.8281801089768 
-11.116531625735 4.3615046875867 
-10.288169737598 4.3216359002346 
-11.017354945237 3.8492763656426 
-9.8249850674646 3.9248870282899 
-12.886989450337 5.6721672483348 
-10.103360219068 5.7435912816764 
-12.818270807083 4.8670926438497 
-11.368013003743 5.6186918187215 
-11.815721836142 4.3521737860659 
-10.029600071928 3.9126531687904 
-10.894540520701 4.9943867906226 
-10.913822158865 5.6283469037571 
-13.009336038797 6.4218207058003 
-11.720182253649 5.0216657488487 
-12.458216241975 5.4855031220682 
-12.599107775828 5.5067534284937 
-12.734305272903 4.1506868056295 
-10.565661770838 4.8327247859349 
-11.153545941282 6.3260179429639 
-10.312251169736 5.5890969013176 
-10.753292987026 5.4799002154544 
-12.721819437802 4.3963382088411 
-11.73545696185 5.9827427029152 
-12.479925238392 4.0079913188062 
-11.700054317295 5.3141843449002 
-11.692791865729 5.0091552824671 
-10.028497596898 4.829672749142 
-9.9970361502317 4.3312831968779 
-11.968839927973 4.1510772984108 
-11.331888317166 6.0289174485862 
-10.361316121571 4.4638998338598 
-10.977673809087 5.4534229248021 
-12.957767980195 4.0901774737464 
-12.7047012217 5.8531751005021 
-11.278688109719 5.8750627650114 
-10.021402295317 4.3676471036101 
-10.91508655228 5.0121724568945 
-10.004407558864 5.5801859558098 
-10.653861337035 6.0639648190738 
-12.174045928042 4.5710360541032 
-9.231401221043 5.0590054104894 
-10.98731712495 5.3689152320678 
-9.2805077477784 4.1279672379298 
-10.340695913092 4.2444677267487 
-9.8490396812079 5.2856020427052 
-9.8829372483093 4.4735871422393 
-10.017018882166 5.8122878376331 
-11.097836437509 6.0991042612303 
-9.5426294777083 4.6887511024695 
-11.28503752319 4.8364092325189 
-10.328320622343 5.6566355643342 
-9.8748168409089 5.2305423770561 
-11.429758379942 4.4754659362425 
-12.458992837758 6.3595678638673 
-11.433451578782 4.1191238520477 
-11.210281944612 4.1441717616616 
-10.576337768235 4.5332355089889 
-12.064094784461 6.0144487151928 
-10.414872206981 5.9582165113788 
-10.526429563981 5.9715417099003 
-9.4210853417348 5.4586394513806 
-12.844976903816 4.7872693228947 
-9.54673845114 4.119440109066 
-11.366435599239 4.3283226040551 
-12.247691037756 5.5974704583071 
-9.6737923868006 4.9209400464446 
-9.4697356471483 3.9173016776876 
-10.282261797126 4.3583351698192 
-11.615645537892 6.3017580148466 
-10.401758056251 3.8108824549109 
-12.623929037086 6.1189860261668 
-11.921876675808 4.663792591647 
-9.3523798731739 5.5199073939505 
-12.087882699467 3.9817462811288 
-9.6962035951275 4.7733035312942 
-10.468833052022 5.0076700934712 
-10.925215758797 4.1074571239524 
-10.57834431629 4.8590012395476 
-12.244457516754 4.4269540935342 
-12.26114253228 6.0515271250764 
-9.4496561580295 3.7929552839564 
-11.284080179436 5.3925516036743 
-9.2459858554477 4.0898140727485 
-11.126382746122 4.6619943169317 
-10.884694270017 4.7768935268847 
-9.3611866487488 4.5942787132919 
-11.217830031171 5.3276409740277 
-9.130438303469 5.7182421213687 
-12.298781109503 5.5237620854257 
-12.030844816813 4.6287054042168 
-9.5363378222025 4.5028678464376 
-12.358079542492 5.091930378513 
-11.799569555046 6.0772785575456 
-12.174991754357 4.279156710914 
-11.516821057442 5.9009486436449 
-12.234186697899 4.1329827178248 
-12.760405061823 3.9679725114559 
-11.368672141636 4.5612215837179 
-11.645490078273 4.5161647278949 
-9.7650759772515 5.2417548339361 
-11.689592348128 3.9436850839838 
-12.008476668488 4.3154589609667 
-9.3850201696213 3.7831209365598 
-11.856520728664 4.6520686275568 
-11.683279957209 4.459348711616 
-12.584503508041 3.7935370091284 
-10.813055556445 4.4308842779062 
-12.917816146939 4.4400995718862 
-10.307658238911 4.3077002631721 
-12.144137071516 4.8431424720152 
-9.3903864822148 5.11198205091 
-10.58782658005 4.3723920355377 
-11.045652433609 5.2706179639117 
-9.2685808932883 5.5173762779961 
-9.2686127781567 5.8361236949951 
-10.184332836376 4.5415561863759 
-10.163634168176 5.0450568353244 
-10.610593920271 5.5070875173162 
-11.707211124625 5.3300294541194 
-10.222699869889 5.1855077608057 
-12.484930796586 4.1100005471574 
-11.068711985861 4.6461225443916 
-9.7949657791187 5.6190299725914 
-12.455810860939 5.2899605915084 
-10.286048066037 6.0831923471876 
-11.970186043687 3.77624917526 
-9.4435612331135 4.2700548256842 
-11.354363081469 5.1858756529545 
-11.875846788769 5.3034335866601 
-10.304897856098 4.6970979735973 
-9.5639293196557 5.3602063484087 
-9.5876821809852 5.4508158524913 
-9.8386269702676 5.1079511952807 
-10.308752931904 5.6656773211884 
-9.9265718657218 5.9864593022675 
-9.191788062316 4.484039896907 
-9.1713199108302 3.7872820050796 
-10.301102962096 5.3534509179058 
-10.188211413963 4.606567258462 
-12.831642034342 6.180900984812 
-9.2232438823853 4.6804290065091 
-10.087810939109 4.6441719601084 
-9.2436415501354 4.7704828839212 
-9.1509435427172 3.795957424409 
-9.7386067193363 4.1957492422647 
-10.349044107116 6.3521422198568 
-10.073531518366 5.735084382022 
-12.442316461818 6.2908494781175 
-11.677825426917 4.6763285975256 
-9.3202150265684 3.8264072132311 
-11.171483522382 4.7782164194808 
-11.910921732468 5.0134832251117 
-11.493203829148 4.5232019751437 
-9.1193609805788 5.659852775735 
-9.1417259532931 4.5879709893096 
-9.812466544635 6.1998343075915 
-12.214822145728 3.886290926117 
-11.069949590612 4.0658226374882 
-9.3454884999694 3.889380648188 
-10.07396090803 4.7650765176066 
-12.127569509035 4.9599939868168 
-11.278080817611 4.4515364062751 
-9.3709401603975 5.4640789997033 
-12.67326130345 3.8909425800228 
-13.022598237539 5.7993917302728 
-10.126999618199 3.8014610765458 
-11.465608730619 5.3987995931457 
-10.691314747952 4.6037847909489 
-12.156788295913 5.1476885314273 
-9.7018504473571 6.3995260021339 
-11.879004146636 5.8710006778586 
-9.7173870950963 4.392799212187 
-12.845562189652 6.0758534391949 
-12.242325773976 5.2078163936931 
-11.326382257985 6.2109025883062 
-11.726444005738 5.6139184957105 
-9.5714132156266 4.0083374259707 
-12.850986726152 4.2254404515293 
-10.706093299118 5.7203639250921 
-9.1914940730032 5.6745872473976 
-11.517667196162 4.9587119289184 
-9.2088210459527 4.5453922302188 
-10.686022186804 4.5591006680159 
-9.6850732368602 5.8809962873256 
-12.251316012927 4.2222712065647 
-9.219020454571 4.840592704656 
-10.093366001519 5.3680366068553 
-12.626205888699 3.9740607754278 
-10.325361631347 4.0867715429864 
-11.077859974813 4.5891294966058 
-12.730870674454 5.104283799615 
-10.273836883322 5.0252470795671 
-11.216502643551 3.963383792228 
-12.613478666492 4.9643547151123 
-9.7787842568264 4.9545997410286 
-10.074990136064 5.3278932313845 
-11.55750591663 3.8240363482909 
-9.1386815633446 4.1072795453674 
-11.478522334433 5.0467075014071 
-12.398781336695 5.9425601121289 
-10.683441906951 4.4882846208306 
-12.228402936458 5.4478014583326 
-12.002050244855 4.8178326563498 
-9.3778667076564 4.849563577864 
-10.171552878161 4.5793409620202 
-9.447627134498 4.3551876693412 
-10.75342535765 5.0445461024359 
-9.8911209234276 5.5805375308747 
-12.934861295622 4.8038775400897 
-9.946909137359 6.2441967182478 
-11.078420850423 4.1438115269071 
-10.209333876378 4.2811192296068 
-9.6164543277513 4.2409256569821 
-12.323185784751 3.9829432962425 
-10.493268863215 3.8225622530333 
-9.8006859964945 4.7353322098407 
-11.533216032427 5.6390863961093 
-11.414560833196 3.8844074459355 
-10.16718812254 5.927503148925 
-10.87351203481 5.5602945204591 
-9.8764302279893 5.4402048809898 
-11.922984792093 4.0406789939521 
-12.116354492163 4.19559583562 
-9.7581831884698 4.3779788901327 
-9.5089644386455 4.5984402101427 
-12.377764373827 4.3142897701678 
-9.1249004419228 4.8267389008201 
-12.951408717532 6.0099559479113 
-9.6856400678595 4.0055727774795 
-11.035320859158 6.1896139782516 
-9.4376108656085 5.1873725529869 
-9.3375314195875 4.9306867263384 
-9.6665725725779 5.0808217741501 
-12.780275359551 5.7375103744729 
-9.5599456100549 4.5147601397993 
-11.459858272472 5.0940716982218 
-9.3417528504262 4.1548468106491 
-10.505195658521 4.2750652707915 
-12.753367707248 3.8742482184029 
-11.894960474515 5.5187459096899 
-9.8042487537221 4.4369718382531 
-12.081313418935 4.179524243162 
-10.967301304392 3.8735454048198 
-11.579872574178 4.8067332426668 
-10.370499594616 4.4521585992242 
-9.2079079954453 5.6062758505113 
-11.258817555574 5.8684776111026 
-12.300259185251 4.9097249437159 
-12.423739092815 5.715581421036 
-9.3547020443113 5.7252275995608 
-9.2275815784044 4.342245438888 
-11.646619767242 4.3638224961957 
-11.922908364433 5.8158639752293 
-11.469154230381 3.926492459692 
-11.156405780126 4.243825846204 
-11.10849540951 5.3233717036108 
-9.7780135191066 6.1684816300042 
-9.1481066364785 4.0824974646766 
-11.580786781017 4.1944257367647 
-9.6648356290348 3.7977811352063 
-10.067475616677 3.8142875648218 
-9.169041291077 4.125703796846 
-11.003271509586 4.8971067464613 
-12.337452821941 6.2289612005798 
-11.804386724998 4.5400327219636 
-9.3877594366559 3.8332134673576 
-12.162132276029 6.1433725243879 
-10.988242169788 4.6588483294289 
-9.6598358430904 5.6820120578637 
-12.819906712872 6.4258010409386 
-10.801120137114 6.1524274333156 
-12.951542274639 4.2770966736638 
-10.989231822359 6.2639042896195 
-12.382669240508 4.0504436479691 
-9.1430131765618 4.0378125785564 
-9.8349553130645 6.321160013226 
-10.610425735608 4.0097736733618 
-12.099022527791 4.4156873209062 
-10.673789726723 5.4567376566886 
-11.071157792227 5.1536244842907 
-12.34198260208 4.1065251782102 
-10.758609232516 4.9821718502255 
-11.352864302729 4.9671587400615 
-12.124994012687 4.5217192265819 
-11.042325837004 5.2894699961327 
-9.1467581259068 5.9996692374147 
-10.298994764474 5.6511046780982 
-12.2939720247 4.1323692163486 
-11.500981357298 4.6266334159541 
-10.652827260515 6.3746982171741 
-12.303823612358 6.3061600649754 
-9.6028157097982 5.6533647321142 
-11.635486324137 4.9315159118819 
-9.4459418745411 5.803486901863 
-12.271357292189 6.0776376163827 
-9.2846114412488 4.8718575025209 
-10.389674267297 5.2443986049618 
-10.96504992659 4.590957825392 
-12.794576250791 4.6339928392524 
-11.67709302997 6.1215628465153 
-10.246007344665 5.6916107411653 
-12.52653199414 5.8143818408912 
-9.1714566713968 5.2538031618363 
-10.176994013413 6.2680831129766 
-9.7294621429761 6.1315488354975 
-11.458592552293 6.3798371314337 
-12.071248927837 5.3606619986078 
-10.568512683233 4.3944465097726 
-10.703920126887 5.1893341496556 
-10.333786521089 4.8023538548252 
-11.102706504458 4.8643368344542 
-12.879628556502 5.1383895873765 
-9.9561782637022 4.2701415623295 
-11.592329699136 5.9545300068742 
-9.9285175123267 5.0381625870145 
-12.343683378206 6.1147351169983 
-11.541932873507 5.0553007922087 
-11.10089623814 4.2154760941454 
-12.593312897129 5.8964217447858 
-12.596021116615 5.693512591887 
-11.494330447623 4.148926533427 
-10.487898443554 4.6743290370745 
-9.4118506715871 3.9673114142397 
-9.4871589888697 5.249328548208 
-12.035045314858 6.0111333029165 
-10.927079657538 5.2698054983144 
-10.421701116929 5.4701200864995 
-9.8029129561789 5.2649030072469 
-10.948496010995 5.6968623537252 
-12.966903740229 6.0846338745796 
-10.5355604074 5.7025024184324 
-11.866674298913 5.2735392671886 
-10.724592979843 4.9858946413715 
-12.464027442129 4.2498032128697 
-10.850458607349 3.9852399637263 
-11.062861474165 6.0568409523718 
-11.74564937812 3.8292539421946 
-11.865864303831 5.5408170081618 
-9.4823647290914 6.2278632810248 
-9.5345985764697 5.3142882086892 
-12.914216598253 4.7412620209869 
-11.363818446708 3.9538011440406 
-11.255314457936 4.0577009331057 
-10.026918887637 3.9188014213329 
-12.149829660963 6.2097692056145 
-10.467601157274 4.1219387211422 
-9.4507216301345 4.528858155704 
-10.177937657846 4.7250829941565 
-12.584499671071 5.6533852819369 
-12.560963177273 6.4086682603162 
-11.589122970827 5.3938111627374 
-10.845581449162 5.3108222398404 
-12.854522084941 5.1785059149662 
-10.024756505962 4.0337729242953 
-12.31968638121 5.3072216871087 
-10.716250544183 5.1843310301374 
-9.6888040627727 4.7872094848743 
-12.495503919585 5.3165818740462 
-9.5621533191066 4.0067984012404 
-11.833363199526 5.0555855208225 
-12.486166490025 5.5655604591868 
-9.1136737264595 4.3242377383744 
-10.053420618517 6.256347469182 
-9.1670493532685 5.0087221155287 
-9.881676457921 6.2091701221586 
-12.922554417444 4.2153202124593 
-10.234859678921 5.2824730346943 
-9.7991545846073 5.963754402023 
-11.637877635928 5.2845172710444 
-9.2827001054709 5.9164836590133 
-10.367331158432 6.2011550590434 
-12.707389456688 4.1199511073112 
-11.126784127105 4.7602514679279 
-11.554319511656 3.8821145249874 
-10.448885839618 3.8421272464095 
-11.372294621545 5.5576935009188 
-9.6044737462898 4.9990890899924 
-12.856728141422 3.77800894907 
-12.238892037773 4.5292634251607 
-12.956831103266 5.5878821981321 
-11.176694011609 5.2946342816471 
-9.3581758275525 5.1612161903593 
-12.952764052412 4.1494567677968 
-10.943736135724 3.9043669436775 
-11.289470070992 5.9464918822476 
-10.368247697957 4.8130263081578 
-12.291146171523 4.6382964344901 
-10.111819333373 4.3230322586975 
-10.630298593278 6.2749946902788 
-12.044200536899 4.3584090559189 
-12.914671232026 4.2987577598262 
-12.638723590751 3.8190875650646 
-12.112490613207 5.3990135570632 
-11.201385998688 3.81284105629 
-10.646482151168 4.1849106709144 
-11.457800814979 3.9552382156065 
-9.5331327188469 4.4514998964733 
-11.237199962228 5.1452711937583 
-10.568257245221 5.2580011264852 
-10.981342080161 4.5947885951769 
-9.4892511949271 6.147607046601 
-9.2478924183531 5.1262495464356 
-11.631411775798 3.9217559273274 
-9.7171284342197 5.5013988224021 
-11.863726826186 4.7773289849685 
-9.6931805915262 4.3550905729084 
-10.638902192647 5.8420015064289 
-10.880196312785 5.5225333511893 
-10.852007492919 4.4892486929238 
-11.690323112726 5.4413870508169 
-10.541530077916 5.7636851071604 
-12.994301803795 5.0482103827766 
-9.8207574097696 5.7369693910206 
-12.868197470598 5.3631374367186 
-9.1197873521059 4.4020613348455 
-12.519440192119 4.2302022414981 
-10.05031519425 3.7861611756861 
-9.2408872716646 4.2517292501245 
-10.659988710899 4.7179964413206 
-11.158486778622 5.6363326566746 
-10.130700459317 4.0663722969316 
-9.6437724409418 5.1929329614165 
-10.254789670164 4.1419914989051 
-11.349441007346 5.7264995035618 
-9.7562639489912 5.9454808407325 
-11.793420771225 5.3514004728239 
-11.585980848132 4.5768365331163 
-9.8007839172233 5.4529724958438 
-10.149753824248 3.8770181557115 
-9.9310660911444 3.8405521334349 
-9.1976738806129 3.9742555191355 
-11.157142785225 6.021293038887 
-11.11688151348 5.4534307183489 
-9.3693057990587 6.0380463041395 
-11.327294341044 4.8623795640487 
-12.806913934674 3.8290949099752 
-9.4302541491673 5.6676725034057 
-11.481090938765 5.239395876399 
-11.664134786894 3.9429302877451 
-11.343414030988 5.0573696801504 
-10.69126019227 6.1246997844841 
-10.392348890526 4.716760271113 
-10.950144458089 5.9932973302456 
-12.221000614895 5.4273340561412 
-11.862501947211 4.6716634576071 
-13.024420353236 5.2337256691648 
-12.99492087677 4.9632650113508 
-12.239593253338 4.0380439823799 
-11.988989678852 5.7236247195017 
-9.3232951987605 5.3919699913609 
-9.6649966858047 4.2377318370447 
-12.115825520803 5.5657743145553 
-9.5111401241437 4.142508875295 
-12.940036093825 4.8408853168557 
-11.729056704963 5.028601617924 
-12.839672391733 6.3684251781684 
-12.876319475311 5.6133087634655 
-12.719819553082 5.370751707445 
-10.15643269308 6.1117241783662 
-9.1585721017379 5.7146796026836 
-10.472603783499 3.7804139195995 
-9.1690035761334 4.4240985739764 
-9.9795831938681 3.9916283673965 
-11.866040256135 5.4660259190276 
-10.759969464989 4.5545697752249 
-11.688445736637 5.1017856562059 
-10.147661565063 4.8712707882815 
-10.351016174754 6.3167890721657 
-10.416111148382 4.7450264318974 
-11.923117404563 3.9517126159677 
-12.596070006776 4.9923048722934 
-10.484065232233 5.3331110296642 
-11.018669260765 5.9332157756592 
-12.850929527041 4.8602719038876 
-9.629876180141 5.9497064805326 
-12.059610090868 3.9457158935003 
-9.211942982602 5.4835805157691 
-12.179633988676 4.8756264267051 
-12.398257807537 3.9845427955119 
-12.884047545844 4.4986047573737 
-11.521917171231 5.7701241390832 
-12.032286752438 4.4769738853046 
-10.171693946895 5.2679676105786 
-10.657817468929 5.4641604748893 
-10.311036611184 4.9099776279045 
-11.779366452932 5.8844269420446 
-9.5874416514418 5.7445171727957 
-9.2560965205893 4.9816554895374 
-10.281687167034 4.3430569682686 
-12.240645930102 4.1975213908225 
-9.5924890043973 5.858912675645 
-11.557115150091 5.9165581345023 
-10.652466145827 4.6414425162964 
-12.455294761356 4.4209380287374 
-11.162550518738 3.8048861360511 
-11.422496967558 5.954135874682 
-12.697204710129 3.8412906542931 
-9.6947617884864 5.2996774270614 
-10.734222644288 5.755483380134 
-10.795563068805 3.9021645912245 
-9.6923749081109 5.7381905610481 
-10.019460565543 4.7506763756802 
-12.492909982055 4.8026023610507 
-12.077180568179 5.2926948662608 
-10.109379092085 6.4020502057708 
-11.897332345463 5.239703814514 
-9.763642958207 5.4718944677484 
-11.719717686388 5.5108863777417 
-9.4270236816098 4.5281307714319 
-11.825799176039 3.7925233365714 
-9.2411201669207 4.6342785481263 
-11.281706236511 4.1791041955175 
-10.299776657365 5.6930802526519 
-9.7395165165724 5.9009523969111 
-11.636701333001 5.1707299803146 
-9.3839750376057 4.1107671206996 
-9.9104157795176 5.0578956035084 
-9.1712758582559 5.4502303431872 
-11.675147741395 5.6028511542664 
-11.542345522367 5.6517201204554 
-12.687859319925 5.2537265661192 
-12.523234103083 4.3792327280547 
-9.5912674653291 4.2152610786667 
-12.544852807904 4.2572562457068 
-11.442952138074 4.3013835834406 
-12.806277974226 4.1295460546319 
-11.651613408832 6.1963284442378 
-11.702694298215 6.3796498886305 
-10.708981654744 3.8349710319516 
-11.700423474269 5.9230960080775 
-10.113663124492 5.943429190469 
-9.5897130108287 6.3226538390556 
-10.611748167179 5.0472761431095 
-12.34595304639 4.7393959808991 
-12.476157495024 4.1896517227449 
-9.686539872601 4.1796208659121 
-10.926764897307 4.1116381121536 
-9.5881556878192 3.8685664026509 
-9.8564559560525 5.0192779888815 
-10.062656960128 6.23883883122 
-9.8963992163949 5.7231052683497 
-10.226462122665 4.4155471148188 
-10.807662596709 4.0298388708421 
-9.2999571903124 6.1484054621004 
-9.4858466697811 5.9380421871818 
-9.4388276357856 3.8860287905496 
-9.5179461999083 5.9525972130555 
-9.1470429732605 4.3523966115418 
-11.229732891542 4.0993704939679 
-10.001532199947 4.4979044081329 
-10.893270928106 5.6897563859917 
-11.82020580596 6.0674865218166 
-10.876471340575 4.008410942236 
-9.5945971697014 6.2449794757264 
-9.2406389450896 5.0765088394764 
-9.1655686857575 4.5992477390455 
-11.493623551103 5.0987406989074 
-11.558651063352 5.9681258437986 
-10.169816270179 4.0794329042434 
-11.63510771472 5.0103993160981 
-9.2974794677208 6.0800741414949 
-12.602878028161 4.8631889104931 
-12.487967618329 6.37687610505 
-9.8062787422624 3.9897311546867 
-10.050078765926 4.5996007862069 
-10.005719651672 5.6916183577579 
-9.9071710360953 6.02184182255 
-11.226253326046 4.8183417710516 
-11.08359507592 6.1495091101478 
-10.200629766692 6.207970283481 
-12.075026497056 5.8829067388806 
-9.6810916043738 5.7817290546044 
-10.36655298178 4.336939834402 
-12.001284070986 5.5700891424419 
-10.631417931368 6.1832395436564 
-10.12487227341 6.0916652962789 
-12.147978473634 6.2756883226921 
-10.568369334959 3.9685503838743 
-11.837971787627 5.0812311469735 
-9.1836024002094 4.4532789146497 
-10.136677213786 5.8318440154434 
-10.490873143835 4.6029424138503 
-12.383206771662 5.8081099480375 
-9.672868359872 4.6813315694313 
-12.47085730459 5.0361195642324 
-9.8931297035515 5.1840230794885 
-9.2686377001222 5.8383047307981 
-12.263099645196 5.4560384748872 
-10.144519684114 4.2761932156187 
-12.380699087434 4.0311178835181 
-10.744484549437 4.6456349635655 
-12.033649573119 4.5173463292567 
-11.433548665816 5.1084377446223 
-9.1394464705429 5.6301147161831 
-9.9298557979615 5.2962007549808 
-12.235535410656 4.5257949024584 
-11.660198381496 3.8960861651937 
-10.531596173292 5.9480658324431 
-10.251404130045 3.8652423693544 
-10.200852762735 4.216606407475 
-9.8345463336745 4.6012607744311 
-12.527666280677 5.8921569664504 
-10.247959299831 4.0650642526946 
-11.580341911692 5.325351716944 
-12.901009959405 4.893217081771 
-11.491768158251 5.8395486021714 
-11.939497639862 5.1685498344404 
-10.593470188353 5.6135325932841 
-12.061738509971 5.5266215099335 
-12.83404367847 4.8890476016564 
-11.969182335654 4.3640521433357 
-12.826823573249 5.5130539626653 
-10.468421631844 5.4055690316417 
-12.656628140502 5.0553123649583 
-9.7959064545206 5.9100876141955 
-11.865422379199 6.2217528637325 
-10.325070008608 4.3273875955263 
-10.748508706531 5.7901355257401 
-9.2516538474284 4.8214200158322 
-10.932125701274 5.7098990292479 
-11.626881097722 5.7082937109457 
-11.155737713408 4.1095880608832 
-12.686106059209 5.536729552736 
-10.212253178407 4.7265599853066 
-12.399106924402 3.8279461965462 
-9.9665212538574 4.9642129211486 
-12.43085592547 3.8640627192487 
-10.604437221334 6.3126065332221 
-10.253171345279 3.878503527008 
-9.2674482704213 4.8881307146477 
-9.2723527736401 5.4915104471919 
-11.637761833918 5.0212650818765 
-12.295919472451 3.8852140412044 
-11.550107655386 4.9348258221429 
-12.805762147119 3.9654538406846 
-11.895167843321 4.4311260725945 
-9.5397003167232 3.9294041210893 
-10.798198220665 3.9256664709382 
-9.1236615151498 6.0021041522402 
-10.680316332832 4.4856626543363 
-13.004518948707 4.2951420156831 
-12.331164920173 4.147778947969 
-12.6344230182 4.0763064169539 
-9.706485964828 5.6447607431176 
-11.679829964114 6.0026110258389 
-12.480653138901 6.3866828718142 
-12.34463240325 4.475421090491 
-12.220405780888 5.3317538804863 
-10.24999569073 4.4226680213776 
-10.047408236236 4.6462545704756 
-12.860172950583 5.5189693769694 
-10.379384361459 3.8344567651946 
-11.082093849897 4.6841521671662 
-10.3638653242 4.4742840510937 
-11.585924386487 5.7079984224688 
-12.508005276982 4.4117512361061 
-11.443751265572 6.1404897092659 
-9.7217629266479 4.4076915843118 
-9.7904738002437 4.6613141798253 
-10.419478489462 4.0533311016924 
-10.011223725258 4.5483922546885 
-9.3376294737194 3.9524462005266 
-10.138400899513 4.6082703293695 
-12.351608866871 4.4369701556492 
-9.4424744948787 6.0426860520756 
-11.634319665135 6.2300678877782 
-9.7523688512852 4.0182350900835 
-11.535245994648 4.7075470680016 
-10.191907748456 4.0006521721919 
-10.436862137979 5.2286449981463 
-11.544189485049 5.1899256875697 
-9.5592416484726 4.3535605557454 
-12.618315873797 3.982189878653 
-10.838273227044 5.2344244460554 
-11.685201403275 5.0422284504916 
-10.461124445958 4.1218500491988 
-9.6000843166135 5.9369451752525 
-11.021334630134 3.8157450162502 
-12.73762736962 4.2149880830731 
-11.078803858905 5.552603490402 
-10.751781204056 5.7700775934495 
-13.033379791206 4.8376720548435 
-11.685403085209 4.8861434949538 
-9.8455541363674 4.2835193193687 
-11.805657499001 6.029798489545 
-9.4748298544413 4.5587440541064 
-12.542191114008 5.5769294248887 
-10.281092616326 4.7689179890898 
-10.515666863688 5.9126364395741 
-9.5815271678509 4.5734294403378 
-9.9038526402987 3.9592806795594 
-10.531823710573 6.0772919297181 
-11.813586934761 3.9472375812661 
-10.887782243441 6.2163177817716 
-9.3580662359272 5.9958604824294 
-11.917736274711 5.7378711362167 
-10.777113424797 4.710139628845 
-10.758783378565 3.9312338082238 
-10.604181468933 5.9656158492711 
-10.101722552673 4.929046920323 
-11.838915720554 3.9825497139229 
-10.218678646819 6.0082047366793 
-12.538280283062 5.8268479781281 
-10.79863262489 4.4755873559845 
-12.404135408934 4.3469659978995 
-11.570100267844 3.8220594610115 
-10.851263590346 5.7452376539444 
-11.179319898761 4.7285454079455 
-11.419437057668 4.446483353647 
-11.65260990493 4.0700025721038 
-11.47896079044 3.8046039942146 
-11.784290645559 3.8324318346908 
-11.640713827301 5.8565811480443 
-11.827367903508 5.7732780479275 
-9.7778284851045 4.1764068229764 
-11.93203743823 4.3648385752558 
-11.504935422938 5.0783736435301 
-9.7904967315906 4.2567084451517 
-10.765149241323 6.0639463448741 
-9.2643485945214 4.9206787566171 
-9.2539240595821 5.1011508680036 
-9.8352923893009 4.6136689395176 
-11.160341336563 5.5806163897248 
-12.741139696824 5.4197668439989 
-12.250579623313 4.5946227494554 
-10.694945072766 5.7562020655355 
-12.159890101532 6.10442195973 
-11.256161154129 6.3561191742392 
-12.749049895003 4.1601444815748 
-10.027039236553 5.3568500741375 
-10.14581580365 4.7208345157485 
-10.971962731722 5.6531491261264 
-11.198006085371 5.9539995845424 
-12.458313071312 5.356057725267 
-12.340930303916 4.3725135161346 
-10.416412501759 4.5990744154476 
-11.317942097349 4.2743585727123 
-11.223908910077 4.3829783763758 
-9.9444575209824 5.8270757340873 
-11.144211667022 4.3916695699237 
-10.758804400532 6.3136725553163 
-12.013793008663 4.4673379438128 
-12.326066352451 4.0690856119804 
-10.810636432663 4.6355828041058 
-12.966678144188 6.0957599489926 
-11.896929058189 4.7824067218682 
-10.316378615068 3.9007140497802 
-11.661633208307 5.4787546618119 
-11.562103289843 4.9348929711739 
-9.112879401001 3.7797268276343 
-11.260646337556 4.2009772808858 
-11.75109467921 6.0283494637176 
-10.085191148939 6.1210958568613 
-10.458249123413 6.3719220020488 
-12.47620847192 5.7158903362205 
-11.77064882732 5.3169269299397 
-9.4474420524334 4.5608368773013 
-12.640377982549 5.8505131318669 
-12.935167816232 4.025984217336 
-12.267416334531 6.3882617731035 
-9.3424074678736 4.9322021062011 
-11.571818392229 5.4750247722769 
-10.898607906672 4.9827255665909 
-11.477294677754 6.0979841119559 
-12.782560454816 6.1793677352367 
-10.196563703623 4.0284755034877 
-9.1765197106152 5.1744214643624 
-10.311226911203 4.0706016387732 
-11.153057509275 5.8816789518904 
-10.409658010059 5.135986648267 
-11.166469624394 4.481684465247 
-10.760636584253 4.3589916893978 
-9.4979205785917 3.8634155322283 
-9.2720667983352 5.9784400286253 
-11.681183908737 5.4934195537517 
-11.691846741097 6.3379998557541 
-9.9537923230525 4.4903497029717 
-11.364183622432 5.3149731619396 
-10.346178127241 3.8647527185284 
-11.544450670055 5.8254790862295 
-10.969904506853 4.0129035960202 
-13.023952021749 5.4729546718109 
-11.807368900532 5.8215547323285 
-9.2395688330517 4.0319708257138 
-11.250930845029 4.0015761252186 
-12.618424623564 5.1452297263468 
-10.597679519834 4.0115215929892 
-9.4971565717401 6.1326374306913 
-10.650951654263 5.1671775466211 
-11.693635517095 6.0609616408978 
-9.2837909617583 4.7520254889812 
-9.301904196878 5.5984759300128 
-11.582096749881 4.2745894773651 
-11.682982533469 4.9046085134531 
-11.462462044575 5.8211495575712 
-11.913206344875 4.7924315526723 
-12.14180770343 3.8293942515684 
-10.290060819106 5.1889765412279 
-10.780032120738 4.864779220345 
-12.638998250829 4.5578609208769 
-10.134790271102 5.926186638686 
-9.2681463286738 3.9733069120452 
-12.556434801828 5.8350120867934 
-12.206651256036 5.6960326420851 
-12.345610536241 5.2567132284542 
-9.7990706918899 4.9391730732495 
-10.207429094037 4.1489150210314 
-11.050198827462 5.8318572870348 
-9.3495087958963 4.3639727270956 
-11.892649423479 6.3623217645365 
-9.8859359067524 5.2111012646544 
-11.100636331449 5.6715261600284 
-11.489021014243 5.9234802774803 
-9.4108509953191 4.1464854530094 
-11.998687493845 5.5607707616945 
-9.9764218143986 4.8388725546243 
-11.142374039244 4.5083922378497 
-9.5751438169937 5.5991481503616 
-12.668056561641 4.6451614346961 
-9.4191317819932 4.4732885782852 
-9.6610947607992 5.3983808971702 
-9.5714505449756 6.385493449655 
-11.763689851994 5.1075722906275 
-11.294092342817 5.4754094576377 
-11.34333072575 4.171743140606 
-11.583324009234 6.1255100476946 
-9.1900883518503 4.1997567964864 
-10.327890862231 4.8458358159951 
-10.545195612774 4.2164842833569 
-9.3077161058883 6.2512037912442 
-9.747549856313 4.0565385621699 
-9.2494919757709 5.2459579949031 
-10.006315587968 4.9971902846346 
-12.612983144573 3.9863273444536 
-11.664706122442 4.3873759429725 
-11.434630593457 5.7358961532546 
-9.8464698514851 5.3571006626549 
-10.328592165089 5.1283343395109 
-12.656006506632 5.6445823008052 
-9.2794708002724 4.6455101290071 
-12.637715902682 4.2566433705806 
-11.301230088759 5.6024085961892 
-9.5467306703976 4.3466378444986 
-12.32585026792 5.6995509337719 
-10.96063814495 6.308220896914 
-10.741984186799 4.7518020056667 
-12.950965621371 5.5121928406044 
-12.394963086972 5.3539251700987 
-9.6977979663004 4.3217316620586 
-10.284046168901 4.4721073260179 
-11.742234297436 5.6552719208993 
-10.960743136905 5.3027062189595 
-11.91070578622 4.3912161131966 
-11.799409089103 5.1578704615367 
-12.780320882814 5.8990697958844 
-12.572125271595 5.0289865350371 
-11.539449628766 3.856370253505 
-9.3464911489988 4.6032314358443 
-9.2128237929772 5.2820992622321 
-12.564156317512 6.4217962666333 
-10.769576684142 4.3827983199052 
-12.191629307318 5.6587088329113 
-12.441460573392 5.2720893603232 
-11.933006281538 4.1204316929844 
-9.245460079531 4.0336718370461 
-9.7976617988131 4.6933150258708 
-11.188241378061 5.0071566619509 
-9.9638382289107 6.4214418380435 
-12.108593188691 6.1043092469587 
-10.191861934522 4.3933183781735 
-9.6700594033488 5.4443339769925 
-13.02875892133 6.2723412392546 
-10.916288792562 5.816848901205 
-10.313138825013 3.8283499211153 
-12.281373769218 6.2994052609231 
-11.669753627021 5.6494119250718 
-11.124186569929 4.5263445839973 
-9.5101624202234 5.7117010930758 
-9.727135954363 4.8526939643501 
-12.405217230012 4.0053296828938 
-9.7765466585868 4.9174123769257 
-11.182395704571 4.0319583484364 
-12.636971138927 5.1814754718133 
-12.983909772643 5.2686122271657 
-9.5148719060698 4.3742796526868 
-12.88620306202 4.2098618155302 
-11.621134856325 4.0752935407737 
-12.723211322431 6.014437661709 
-11.067397565227 3.9479288378152 
-9.2357980901049 4.6751233282209 
-11.963018314194 3.9015435617225 
-12.689227794858 4.730357088064 
-11.898668686907 5.8354359887068 
-9.1571202165524 4.1334402216215 
-9.2453110334883 4.8849926677136 
-12.137473190646 3.9269853688 
-11.7641902162 4.5540302360432 
-11.357026925241 5.9816283052121 
-11.79569499802 4.4674366200139 
-11.585079360102 6.1035817015758 
-12.007390835822 6.3669519457581 
-11.373170047603 4.4538279131043 
-9.2168724115924 6.284424564797 
-9.7242559914893 6.3784634164762 
-12.27899683914 4.372944086319 
-9.9371881769038 4.1335039838798 
-12.132218587401 5.8102180224511 
-11.479849739516 5.3515634642136 
-10.68632665975 3.8009030505957 
-11.429122271561 4.6200354701264 
-10.758342100311 6.1177479258352 
-9.9750213009092 4.8709264043252 
-11.870775461692 4.855575855228 
-12.424626966984 4.3591751378495 
