6.2441991312335 1.0996100739577 
7.6206273777517 0.4857612435955 
9.602472831689 1.1471336512735 
13.480817656188 -0.035452481610939 
7.4197340924532 0.093447739399866 
8.0875944484592 0.93769345634968 
7.1264840195991 0.23410888441279 
7.3297149504329 0.3575056726587 
11.392667417657 0.83246396853737 
6.3889167790246 0.46565956229891 
8.8127389235285 0.80430856607677 
11.796101569769 1.050123963071 
9.8084740618468 0.84997411660569 
6.5963078321923 0.83678881742985 
10.889840020924 0.53792005717189 
5.9963223591342 0.73059621030117 
10.750938221766 0.03873586627239 
10.792118049512 -0.27579776873679 
6.1230845961666 0.2155018193841 
9.9749574259477 0.24296668864081 
7.1818955132405 0.10053648312717 
7.1740999922255 -0.3394789183606 
11.959317809996 0.73247846142864 
23.199784883127 0.58037649958402 
10.37585064498 -0.32844322936292 
12.803014229141 0.41006300773513 
7.2767165205982 0.82635660330574 
8.0861497191144 0.04205181459861 
8.2540336253758 0.27193050500317 
19.957018288029 -0.31147586166597 
9.7593611989248 -0.046202679085166 
23.395646289587 -0.28654166573246 
6.2322072349586 -0.29437579178733 
11.823808557272 0.45729528164301 
10.400706591359 0.48649955153941 
14.306433014011 0.12002772499762 
10.687464167522 0.31142566758259 
6.6606423862889 0.1013353696293 
6.8596098345503 -0.26874293091041 
5.7901083677407 0.69395141975002 
7.7971467232662 -0.061587545247098 
12.752438014968 0.68023203773667 
11.0386869549 0.92743126863266 
11.038662742235 0.14915448871368 
8.4471072717279 0.1224413523392 
6.6457053710853 0.47707319796661 
8.2357378347901 -0.080814804607424 
12.341481095347 0.66943205459564 
5.9015898410961 0.21043120122083 
9.3224870995775 0.22036236251171 
6.0218207023494 1.0556521286425 
9.2248900124151 0.38535485159174 
14.229260293198 0.65058465956685 
5.9549194169031 -0.21421214309191 
8.9349957764591 0.44208859303752 
7.4565440425061 0.10588785927999 
6.7034323293498 0.23283478181767 
6.8227933839298 0.607693031011 
7.7949654300771 -0.080961018736988 
7.0632024167038 0.68739590541111 
6.534292319695 0.23604045207999 
10.647679856639 0.01666512325492 
7.1237069250865 0.52459792681831 
10.257968288179 0.37556758545867 
7.3779112760576 0.39926610091678 
15.20570469793 0.87415748719086 
7.4408986133899 0.011380557418978 
6.3320192663178 0.033188393807504 
11.467661613207 -0.1445772399051 
9.3987992863792 0.53473396073124 
6.7286155181095 0.94463696485032 
10.157996756368 -0.16012652097476 
23.096101382278 -0.22072509054007 
7.8761824138853 -0.092593123203521 
6.0281348812349 -0.26986472293706 
7.1586700583279 -0.11373350386582 
8.3783316031341 1.0115423769981 
5.6090560388661 0.1623081276061 
12.56065293367 -0.24579369502813 
5.8848344183986 0.49524839421833 
8.3960384248258 0.88258443071674 
8.8759356778282 0.58313142936651 
6.369681030973 0.53817743797262 
16.499934478726 0.32587396030966 
12.916303186061 0.41757346593532 
8.1057628772539 -0.074188261315578 
16.450345259153 -0.18240123627307 
11.00198154332 -0.023328829205645 
7.2666099128376 0.14688806789362 
6.3727485232434 0.81821891289723 
8.5417257934976 0.48581367240621 
19.324952019385 -0.037529586496022 
7.1551367619324 0.42655466893593 
7.2029323719187 0.80787758615581 
9.699323568607 0.5066829684471 
7.686307187678 0.82660448021193 
12.199796770311 0.64547135006682 
8.4082039223861 0.60043532294182 
17.616873851249 0.2956118405848 
14.107473798547 0.34772463092835 
6.8355950128049 0.94685059071517 
8.2647830096666 -0.077583655605357 
14.723103997164 0.44176973060389 
8.1906101804903 0.31726390572856 
7.9899513705394 0.060463719715148 
7.4862652886361 0.2111266103328 
11.922000415604 1.0700541930992 
12.743220476202 0.10083403830883 
15.940681834086 0.014345977458276 
6.6634432088118 0.38635464805047 
8.9774996338479 0.30086662713576 
14.671541834221 0.5914547914329 
9.7938115624254 0.3948883107476 
8.8581349260779 0.85000432022389 
6.501653237055 -0.22709426630374 
23.327249179555 0.77499894066029 
15.253659807375 -0.31602431967728 
8.9221653295603 0.29300391581159 
7.2058853967249 0.42007668353687 
6.3143366073232 0.12218453402842 
13.846660121597 1.1688645463815 
8.5897850791331 0.73478800791508 
7.9392893797029 0.90941047842719 
6.0570489310214 0.86067154264346 
5.624497879364 0.22607770822495 
14.002831678904 -0.21941427847482 
12.503956659754 1.1165949337615 
6.3565886650768 0.28578377691114 
10.350425262642 0.66998919258527 
21.353319351031 -0.19365267357495 
7.4549697291023 0.75418608241575 
14.438581969149 0.45331093191915 
9.6284333729195 0.83160665723286 
7.6401669669499 0.86728359080183 
7.5773588268602 0.99644136674696 
6.1986812533905 0.62225947861044 
8.3063427429815 0.88512826197105 
12.433781918106 0.7196455916161 
6.2957380298385 1.050078846877 
5.6602328662786 0.21741674960437 
11.263565079005 1.1591494794006 
23.073500569228 -0.11064226734309 
12.705746980045 0.15995339059584 
7.8698263790976 0.62510939778667 
5.6156321801617 0.48310890641942 
5.8092766036004 0.43555419622648 
10.376007847093 -0.18115134672769 
8.9086482523799 0.81212487996234 
11.261346179884 0.71850880328841 
12.887532554053 0.28795555426392 
12.813565093903 -0.16267821597693 
7.1383778124424 -0.034678744269022 
12.069792452153 0.77565617254415 
9.3950880619657 0.14242447779211 
9.8683815477648 0.27669474340525 
6.7611947536476 1.0133842563427 
14.537041585024 -0.0060968657514713 
9.8220244645395 -0.13341129598778 
25.686147114774 -0.06273366831623 
8.1194788304242 0.24569880412394 
6.1667578870301 -0.062297232733751 
9.009192347746 0.74398980182439 
22.330855100248 0.67808428093341 
7.4945450613291 0.8976758521739 
23.110138070219 0.28745386241507 
6.2106912739067 0.71792680178512 
5.7925938434422 0.65807489360332 
6.7831385412917 1.0058326364686 
9.2302379496147 1.0699986139098 
6.9289387195724 0.2310457859565 
8.3713522884522 -0.16850145757997 
8.0583698511104 1.0707424249583 
5.6672180077171 -0.20074023072272 
6.5576218182628 -0.059989105306146 
6.5527666818303 0.39378026278149 
9.3166263706234 0.0032547237748912 
22.514016338391 0.8639436804226 
12.846665802324 0.052388228009689 
7.6787033095947 1.0240785439814 
7.7434250619188 -0.22924079226791 
7.3177496330261 -0.27926753177271 
8.5397740345832 0.79246468664649 
6.4222205429194 0.58234273878366 
8.421480889573 -0.085775982434532 
10.458091287954 0.42430203012621 
7.3803639168633 0.28268070199225 
16.67599834072 -0.20932588017255 
6.638499600787 0.68158721536891 
20.064633547395 0.51744459214645 
10.253318875812 0.85972143112943 
11.598918567532 0.73030976132901 
16.552745768081 0.92982069680181 
13.849394511803 1.1681921375149 
20.140928060043 0.51358784887709 
8.9416881988743 1.1237252485044 
6.8948988413477 0.70501401176101 
15.92863163893 0.63148717922031 
6.800061919156 0.95617766849574 
19.53415478345 -0.036953176298702 
6.8961095206223 0.7129427810403 
6.1815968800414 1.1639255020011 
7.8652041974172 0.23750006870043 
13.821211430964 0.9723050212726 
7.9394697896731 0.84846100869971 
9.3741801426831 -0.077305688902979 
6.115273988446 -0.10636649630083 
9.1244407750741 0.86878881506537 
7.6952490299404 -0.16290904166266 
9.057046394198 0.63023396796286 
11.527110332737 0.2204854116949 
9.5138934139596 0.04406905945466 
6.4248828334717 0.1078303609552 
13.101851659066 0.1552114156393 
8.0130655132169 0.68887941298237 
12.756119990792 0.75469192990742 
11.071317524694 0.15820240015307 
11.436079230298 0.96661861149924 
7.1541592226364 1.1678443964509 
10.103585778123 0.57842337664619 
15.421145056467 0.60496761692773 
11.137619139692 0.36394589481586 
11.159278557421 0.097859636907575 
7.1171951242697 1.1716010311109 
10.403431754133 1.1376911892829 
18.289156423262 0.90003928683853 
11.041245129579 0.97522992580398 
12.093426273188 0.4263212015662 
10.086610886791 0.41325684922307 
16.270844501842 0.78087754724832 
6.108128629344 0.86954105702775 
8.0392346226715 -0.22655831146349 
7.2261449901774 -0.1123263860698 
6.0629547497188 0.11518375512973 
9.1356944675881 0.86659834452204 
9.0542955390202 0.77059914481311 
5.7002844359566 1.114231363504 
15.039915133507 0.99436684518612 
8.5297067848917 -0.17137381304062 
12.639443856587 -0.19658743351928 
6.9938442412631 0.53620953805869 
12.800158394167 0.235083254632 
12.291375766632 0.37712468344658 
15.548250038517 1.0613297497487 
9.1729596692334 -0.0016182592183256 
6.0368985957812 -0.20122345250576 
8.015483829676 0.14960760719816 
7.1175339823256 0.21766595243807 
12.074740840637 0.45826264148865 
8.0715252021189 -0.32787686903502 
13.634565311931 0.9184954546403 
10.881108921242 0.21706309330414 
6.8570966576879 0.43535468151456 
24.974535655725 0.12735420015585 
8.4434426081897 0.8488988660211 
7.7927300741334 -0.14474856479227 
6.094864665581 -0.093720508454714 
14.077796189698 0.01338551632847 
6.4556474017725 1.0846378821072 
11.827937874429 0.81485906196213 
6.322053776834 0.77659119760897 
6.0239124360711 0.47167151645622 
7.5535841439176 0.43649628067981 
9.2171029418224 0.15298624176609 
6.6152014211671 0.097810584485816 
6.0073602491155 -0.27632704178663 
7.1879513630347 0.78353053546833 
6.1218420237094 0.27001864883726 
6.5150328308925 -0.19490444357302 
8.7363578795042 0.25810632154504 
8.3134816977287 -0.36132530031508 
12.450602955425 0.60733610721675 
8.2478807966441 0.3256072342913 
12.98529261977 -0.075424576993477 
6.4250430063453 1.0597528638843 
8.9771758623226 -0.2004891369288 
10.806635129868 0.79216221931352 
18.717958196491 0.71959648428216 
12.364210254924 0.48451176749249 
9.8081725410216 0.2500004736083 
9.4671941823651 0.38421421905774 
19.962787848179 0.1941582350132 
7.7602017986241 0.70818652515298 
6.7542220161846 0.20771243153229 
9.9743442692288 0.88498598306676 
12.845591015581 -0.321989436424 
12.075142784491 0.77561522808307 
5.9446132458265 0.61017749383566 
5.8722609299642 0.17007988415692 
5.6665899487797 1.0949076879755 
11.549919576892 -0.044742452736273 
6.1683096125374 1.0332481792483 
7.4428410691399 0.40320926897412 
9.4038422245634 0.76348400584032 
11.061808903765 -0.022296433739569 
18.228819991442 -0.026141338931516 
13.49449068717 -0.32532265518421 
11.937947266977 0.38738080538027 
5.7799829642837 0.80643282369197 
7.2307559307219 0.36125717173902 
15.4290674788 0.24795039377276 
8.1948912244649 0.40435310541084 
8.073973410116 0.14706812295781 
10.227548961597 0.1872981773226 
12.201734788549 -0.28106605889631 
6.6474502047421 -0.18943536586689 
8.8546126943539 0.48503110757277 
20.117703683058 0.33510922602295 
6.0346847269368 0.7706875516673 
6.0267405315837 -0.027987551372802 
14.617662040644 0.79937546109312 
9.0215506569602 0.032070632360188 
9.1235250733068 -0.33788531375112 
11.267131134317 0.50603112444441 
12.309306884601 -0.22453088759485 
9.3488548403953 0.031008604759515 
13.263836832547 0.9525035391618 
8.0836911002893 1.1031506130045 
5.7068291560464 0.96458957105996 
12.389660119233 -0.031687189689767 
8.8709845606228 0.49880037463249 
19.446071253317 0.13912302972263 
16.791363191235 0.42116771498567 
7.5696397638172 -0.14311209941257 
18.477969379899 0.91255776385149 
10.321713772791 -0.095209135249573 
8.3851416945635 0.79788283760418 
14.95224832428 0.50666667718105 
6.8824253585983 0.32760504742989 
10.183524203089 -0.13394750311998 
6.7533450495572 1.0978168340258 
7.8165917912937 0.19252756141157 
20.186131722474 -0.16311202107297 
8.4277049341041 0.026034520616518 
6.1732594615087 0.81558182649438 
18.36038325858 0.2601923131212 
7.3206745493548 0.5627027744447 
12.516698797069 1.0848201460155 
13.086570562892 0.56285769581344 
7.9462789371309 -0.25240026708149 
20.873335598049 -0.21839810674703 
9.9551744577773 0.35597285179636 
9.6957476865864 1.1490270705744 
7.81317775362 1.0211999238761 
7.7845167429634 0.53831579768237 
5.9957743809788 0.46517118134869 
19.257652809763 1.0148768518105 
10.349029686495 0.86368905852408 
10.381336994471 -0.12057416658834 
12.73597994953 0.36817531109043 
6.758847094119 -0.198718917789 
8.2475431222399 0.12480389120765 
8.2471057680057 0.23789261951162 
7.082424986989 -0.15980028041753 
6.5344464893564 0.47434893877218 
7.6407474315865 -0.3480113508927 
13.347122468497 0.51622208080153 
6.7387393412059 0.93395228134461 
26.250992395532 -0.23885533640648 
6.6547989963452 0.73085303726928 
16.122901104295 0.3376294225525 
12.584069184116 0.963136941743 
13.212245756442 0.14757660641459 
11.975480029353 0.88273226617204 
5.8029688928524 0.32465122675814 
17.986852445059 0.69296252925597 
6.0672820020734 -0.073446994004198 
10.793280246337 1.027416379436 
14.432052334381 0.77587841058288 
7.6003015572547 1.0409452337478 
6.1943443299158 0.55673807949532 
5.7519055237551 1.0830428943134 
14.330752284733 -0.32811254748859 
10.239426182005 0.3178354650262 
12.000527955892 0.66522766923351 
9.6596820688196 -0.18795685539519 
14.28303700723 1.0096421701973 
13.02087292545 1.1769873697681 
21.249404703186 1.1567529619872 
6.2849668168744 0.5076136126643 
7.7621165070767 1.13680987876 
7.9525718324539 0.56356475109733 
9.9096468319691 0.98848265792432 
7.4073697118502 0.61709840168583 
10.70314098975 0.39765165485803 
5.625851874414 1.1135558425577 
7.4378084406537 0.17661631859933 
5.6922065456366 0.47693435515323 
6.0986191121566 -0.14765605791683 
9.9362292158413 0.51983771655182 
14.742887221434 0.33043114283445 
9.2524355006541 -0.16170658506237 
13.242373022297 1.0487863550934 
7.2426933106929 0.24755373840607 
8.4386083154535 0.39594070836464 
8.2598456530555 -0.015733228402964 
8.2991649591257 0.81767942453987 
8.8418844833831 0.19058657578547 
5.7674283936862 0.17851861515418 
6.7030420300033 0.82329531913239 
16.085638323657 -0.1630010291101 
5.9564070586542 -0.22911657531777 
8.3683666616238 -0.2553585482184 
6.4037713098114 0.29663813957221 
18.816450209754 0.96721629122526 
5.5763450632612 0.6346929643804 
11.921293040569 0.20808772094449 
18.418485120597 0.69850721911939 
8.3578133173353 0.81930955636668 
8.3405869110266 0.26373127395105 
13.518629597707 0.91904386486916 
6.9586039095623 0.8103853222702 
5.5983639148216 0.05843347991967 
13.825970705229 1.1750852147711 
9.3294038278944 -0.24052510409161 
7.5423609956193 0.7609393455286 
9.1185173640479 0.32102460161971 
5.6361404851931 0.0015796582293204 
8.0101893867915 0.0037670614631385 
7.9022621159052 0.066317396852197 
14.451861576479 1.0145143608796 
8.1526542500434 -0.16373439325233 
10.490569381543 -0.17985012630984 
6.5867146839086 -0.25336171556304 
21.350618929708 -0.35660763300876 
6.2260143889169 0.8803522560525 
6.8454278872364 0.39922777416242 
8.4710621635669 0.16337242863044 
7.5869227410155 0.83308709863115 
14.256288044781 0.54973085562131 
5.6621623041163 0.31963772958695 
20.104845468066 -0.24986602729743 
5.8049401052655 1.085038642599 
9.3304241973214 0.82816242723831 
7.0322601688309 0.91445367144683 
17.089534560896 0.81792278948588 
8.6169695926439 0.62699354542713 
6.2696507932054 0.8463252026527 
21.099070095706 1.0652721302363 
21.17424624636 0.60161657362064 
9.6955503637838 -0.24767459910572 
5.6869745613292 -0.076004231633122 
12.460486265373 1.1127157198092 
8.6086734003633 1.1046349562414 
9.4800217655707 0.072134450092801 
5.7612647124756 0.84507481445949 
9.6929580026676 0.87782232081328 
8.6425204931638 -0.35605209992001 
6.8973142849429 1.0987480138076 
6.4445644370631 0.56246301562126 
7.2611576048992 0.31135093045076 
9.1196161551271 0.64914647175995 
9.1861154694824 0.93545804371357 
9.3386213408568 0.66994925827683 
6.0951115828946 0.045124985295207 
11.498185080195 0.77748616360691 
15.629894705117 0.93225317065767 
8.8224365938641 -0.34884325063541 
10.912227839105 0.49166003428346 
8.0497005721216 1.1076847565657 
15.318685654528 -0.27619591118779 
5.9425748105884 0.68655698231234 
5.6719180785439 0.033976870682333 
9.2007106505356 1.0012109529326 
5.6596661320056 0.63078904451657 
7.1549687797182 0.95307354042951 
10.37222772358 1.172010588795 
9.7428691551617 0.62220389044987 
11.713213576797 0.17573004832219 
6.2246633933135 0.88542677560909 
10.624452918479 -0.15082670408681 
6.8163371188937 -0.17539265826045 
5.9123119683923 0.66156352288028 
12.329486100549 0.99628518514693 
7.6556919357855 0.14147358501179 
7.0247054164944 0.39407584748467 
7.9728392363233 -0.12030374366779 
7.7275047523885 0.12385445100391 
7.2546050529643 0.39217622145715 
14.195500079416 0.83718002103862 
21.570957181241 0.56806484527043 
5.659913093798 0.7902640779233 
21.930952100744 -0.19964598390851 
11.904911105527 0.98470945844061 
6.966425001861 0.55057712251134 
6.4917268688416 0.40120984591941 
25.851620323669 0.35378723230139 
13.017804990353 0.075779778642279 
11.265185192848 0.023984616186652 
17.196891192752 0.068613085006817 
9.4551312542201 -0.22424546080235 
9.1834159501796 -0.070609222513148 
11.642303795364 0.76376508604983 
8.1054146438998 0.99623865080959 
5.9611112176319 0.20411744259975 
23.019267783168 0.27299586062033 
6.1602707107452 -0.010896787856306 
15.984809712225 0.70604280078993 
20.987186235953 0.04135661303341 
11.65963970742 -0.24980607759906 
18.736677261332 -0.14214239120846 
5.9950605449619 0.44750990378117 
9.512446498783 0.5286392265662 
6.5398131485159 0.01150158140969 
6.8353268554618 0.99316456556818 
6.0415305240356 0.82093657058254 
5.6106947311697 -0.19356520825986 
6.6403960981577 -0.2860695098822 
8.6850245152875 0.53373423425163 
10.060005081474 0.4529499360308 
8.9241761616014 1.0977134913994 
14.854839503795 0.7762792792429 
7.0035328658584 0.63236186918138 
6.3014020241073 -0.023293255157911 
9.4637538618525 -0.13853738481679 
7.5746565881662 -0.1048592254113 
13.452021825622 0.26030491386694 
5.6773870681781 0.14433672528172 
10.86442724748 0.55926441626368 
9.6563294606303 0.56257519268841 
20.805836012454 -0.36779029527813 
8.7394310849272 0.73784191269729 
6.2061322223194 0.82178187427984 
22.028666775204 -0.058914986156844 
7.4027094004077 0.24864096187427 
5.9251881194434 0.6580019968773 
7.3353835632107 0.67434359628482 
19.918765709262 0.47582885034798 
7.7444389442793 -0.11095835007379 
8.649567650833 1.0573209799389 
20.781850637861 -0.23198915044915 
10.38734810682 -0.033395588368231 
6.2169752044806 0.20971739373235 
17.318835533501 0.34794490859311 
7.7899542430205 -0.2289899709379 
8.9934670301632 1.1592125025504 
9.4502089176659 -0.074592931382165 
12.737382496291 1.0025798036428 
8.6594064514493 0.2903525512987 
14.830738458456 0.45513864668209 
5.8210547911014 1.0638153225119 
14.699372571423 -0.35121632511562 
11.634032525935 0.66660280775999 
9.131865436504 0.0037701066015519 
6.9838850999576 0.11936418366042 
7.3612644207828 0.32284663225877 
9.0853385178195 0.96229159241222 
8.2422198917966 1.1716428967086 
12.209669740419 0.41828352907212 
15.491726520835 0.2994663318486 
7.0797222329616 -0.26828567662965 
8.8535609692924 0.9282852513547 
12.527939389996 0.89963896704409 
8.611373064521 0.88693916252415 
6.5063055048853 0.058659317754985 
9.7245341179613 0.21422383277527 
17.486079975284 0.65503065122805 
15.813552252389 -0.013510482041087 
10.309340353743 0.35263457496764 
14.609778839765 -0.02087811026222 
19.345614592796 0.44146122778185 
19.807683538032 -0.04311978208843 
6.4388732571314 0.72566420781279 
6.5671079686235 0.74153643408369 
5.9577472800666 1.0797209920744 
12.758211353845 0.77841744507749 
16.534412078993 -0.067085131865725 
6.109862508845 0.67963490033504 
6.5892826376633 0.57783288078049 
13.529535411914 0.14848900364458 
7.7556246513646 0.49445077797278 
6.8993010221648 -0.15703872678337 
12.376947814439 0.87000820428873 
22.502568589452 0.095505683569606 
21.531243201564 0.83492399964617 
9.8323541929506 0.13887616803175 
8.5857560964723 -0.1122573908239 
13.242954151482 0.94994202766017 
11.783670853155 1.0982518743195 
11.323457421414 0.1195021313896 
7.2405237153028 0.95710143303755 
10.350635769875 1.0598455805127 
9.5785831737517 -0.033909197340766 
22.748042799402 0.60136016321096 
7.2874973181293 0.37669701691552 
6.7905897131063 0.59535714508213 
10.251801868897 1.1472234380835 
12.23527317648 1.1842350657837 
12.127491814467 0.69476360681023 
8.5886417239092 -0.17152793767847 
9.6060281760843 0.46555731737935 
7.0708583229068 -0.096927238272668 
7.1448432610109 0.14152327962344 
13.84840086358 -0.19626594185499 
11.882235291791 -0.19959374042181 
6.377405605439 0.38446633846187 
6.1442365152255 0.84617503119876 
14.594176002882 -0.029800739999186 
14.250640234777 1.0875914806122 
5.9216016302107 0.030863846272242 
6.8138933543377 0.64794908387265 
6.0685785123564 -0.29776672213519 
8.3090800855503 -0.16280151161164 
24.885143907491 0.8365125834738 
5.6093891577408 0.54774529056921 
8.4060857535144 0.15973015653617 
10.790089485929 0.65378902723968 
10.19626593979 0.56931049383088 
11.811424888084 1.1658804997375 
8.1731746869553 -0.13021514268525 
9.1021292096868 -0.069546672792706 
10.688625058956 1.0952173657222 
7.1827633504494 0.93486365043382 
7.4818549332784 0.63355734645127 
8.9432516575718 0.44294842208576 
9.1210001321553 0.45137589405777 
8.9910844728766 -0.066568873298474 
8.0513297423947 0.017165979366591 
12.728815126848 0.25517263678249 
10.532835611798 -0.031400672861348 
9.3805293807489 -0.33135247719361 
6.9184227334312 0.38517536005671 
22.311443859881 0.13343090021736 
24.560700496143 0.0020610238734111 
9.7589676760046 0.7334186709173 
8.5834194072629 0.55586944436862 
5.6726346266917 0.72135510700994 
7.3971216743211 0.16956345238501 
6.0838829617127 0.81652967715134 
10.598170608652 0.68092697097684 
10.75848272814 0.73109099309408 
12.205168278234 0.20718592902553 
11.232233121445 -0.26630190940472 
13.009288617101 -0.16738968050873 
16.283847201599 0.16784787799749 
6.7764838640235 0.95272900853539 
21.490976705073 0.0019494065836718 
12.216642498495 0.69332385467965 
6.0690345249287 1.1099996042311 
12.108877143797 0.9965749412736 
16.069751160496 0.76243817621875 
7.9801405575782 -0.23759444070072 
9.1035924247066 -0.09148984016785 
7.3973376783835 0.71618383266737 
6.2869433248995 -0.081058660486932 
6.1598818809033 0.75074703252489 
19.8717555646 0.88042368554689 
12.353086044365 -0.33072785858391 
15.907412158402 -0.25936748727574 
7.107379396981 0.16726568260957 
12.873215758543 0.014601567262585 
9.7756444884808 0.079788110251297 
11.125980963925 0.25622796217659 
9.5796430774831 1.0996066063818 
16.501175847875 1.003617487856 
9.7367962724573 1.1631833565898 
6.9471029016473 0.36171622175675 
7.4727777684115 0.63308293202296 
8.2733430603638 0.87323197329798 
8.2371457129611 1.0960058746963 
8.6492432782722 0.57502466673718 
13.24543874294 -0.30400237694535 
6.5868793416956 0.45534247998487 
6.3910297051314 0.48062512812523 
5.583750727001 0.53463360078012 
7.041263374593 0.25505290379701 
8.3520384791503 0.13180700543402 
11.553172550159 0.95366270663239 
9.3518827848149 0.88434240844154 
8.687135453383 1.1764197307193 
6.7743449948892 0.061529804960535 
5.7177633675054 0.29019850654573 
5.82585285787 0.99182396123247 
8.431034683986 0.78937226063843 
6.5643189654013 0.91794151378195 
13.094119035194 0.1803238353539 
13.571305507128 0.53300521299812 
8.8857938889535 0.084979656397958 
8.6815070400681 0.93964952373972 
12.306937732948 0.85307260088647 
13.178289266253 0.78041852574752 
7.7141911280071 0.30440877735911 
6.6750077575712 0.51627800062894 
8.9953581549413 0.1287490843948 
11.947023752714 -0.09729835824448 
9.5684010659437 0.81324407065836 
7.6990783516338 0.042858065261551 
8.260710460893 -0.24822092154043 
5.9315440094568 0.37482726537767 
14.186779983041 0.026880487241834 
9.8142078930504 0.079091403580256 
8.9171366606123 0.35636605424528 
13.746267920375 0.86284916474581 
10.093037015956 1.0545610723513 
8.8450659033818 0.72926137184855 
7.0577893818126 1.0145213403115 
8.8454078212957 0.9400001979108 
6.1636099183265 0.13373001737914 
6.9401738569891 -0.25835520883542 
15.685924008479 0.85265749153736 
7.8410623127757 -0.25797274660717 
6.8070009925761 0.88902065221051 
11.528886600007 0.56610343654133 
13.600354986784 0.25368075011575 
5.5947159224152 0.1251639350124 
8.650844633753 0.84593960312288 
6.3901930032932 0.00020946298017144 
11.57677521151 0.2063877450285 
19.550516545696 0.39077496255934 
14.124659950458 0.42866684466187 
8.4098562926801 0.73167592353227 
13.800194150448 -0.30466735519069 
10.251912435849 0.91397742734997 
19.48011510982 1.1070795122219 
19.259788666939 0.72501773105129 
6.5779425041417 0.04128793962488 
10.744041108429 0.4355517786315 
23.284455610618 -0.3032596581731 
9.0198270666789 0.36556185570867 
7.1388130169793 -0.24913418733724 
10.889724901927 -0.11800255035303 
6.9771012767248 -0.11991311831399 
9.6249809758459 0.12965264945698 
15.125862412064 0.8300581091425 
16.155437707309 0.41058089890859 
11.50365213726 0.31391381985174 
7.0513626442383 1.0448200870232 
12.137116171544 -0.26947411427106 
5.7072729218689 1.0448670527562 
7.8017455511117 0.96347824221072 
6.8396535452506 -0.23475429614245 
8.7154206598679 0.8843867340831 
6.3559709908447 0.45928865693884 
8.4646695621013 0.87675769989911 
6.9674043404883 0.72458672244623 
13.550707394146 0.8059196466011 
23.170024164941 -0.075100375292527 
6.3951340620746 1.1544862380792 
12.345768027051 -0.02286150085759 
5.9857936006352 0.29140526010652 
7.7251367569626 0.81661619308039 
6.4660857872235 0.78542176549964 
6.6308032379912 1.0644589110352 
8.5312537969056 0.22675406518325 
6.1139839649678 -0.23517786037909 
20.320226714096 0.057374028598908 
5.9249247147557 0.44935230323871 
10.959230025147 0.029300133843168 
9.1531218590436 1.1359942925312 
7.5851109905444 1.1312234844291 
8.4623099844568 -0.15944996145688 
5.8809150106778 0.022090929587558 
5.9058086375062 0.036317630357557 
9.2447061791849 0.88965713172237 
6.8600070203181 -0.26518728171201 
14.126403880489 1.0530577234036 
6.4363183721595 0.35354912672844 
8.8065720176927 0.79321752437582 
7.6819196780142 -0.3269967416275 
12.333233897964 -0.077170756677919 
20.348447640245 -0.34086070192173 
7.9736996610659 0.72916787281073 
22.877576365314 -0.26412338446687 
7.2007709826287 0.67869971325875 
8.8672682240449 0.99386569149859 
22.78097856998 -0.020724609714835 
6.7185478960666 1.1622899177155 
8.7450193832102 0.073270215810148 
17.070951781269 0.58121273194952 
6.2289014008877 -0.1979018465719 
9.7494564196348 0.79102577120785 
20.552684199321 -0.20369827951823 
11.632829386964 -0.22851936143762 
7.7033921154798 1.0277409623852 
9.1589083680776 0.23200275180966 
5.9449105567155 0.12443312696756 
6.9718407673623 0.27867276064234 
5.8406799893787 1.1182643196191 
10.380682541222 0.9239111399173 
7.1670758469632 0.41992465945335 
9.4973423017832 0.21577027868005 
13.773931136511 0.27704698140586 
6.0124826900123 0.89375619371899 
16.087048491636 0.042290009577485 
20.662803525905 0.44584032946417 
10.09899616939 0.07223163820619 
18.336514044881 0.76356165894692 
6.0798052161707 0.49794310571581 
5.683590628963 0.28635229879589 
7.3011484085593 0.18360838950741 
14.637725401065 0.27990613518152 
7.2235897161172 0.60688225919157 
6.2000201914807 0.24773075175743 
9.2748199410103 0.50892173573312 
5.6493781914409 1.0891819290294 
6.6468835706179 0.37244522070886 
11.578102438601 -0.058282278789921 
8.8017646329726 1.0475165661077 
6.6195442135755 0.38966878917859 
6.5149332784542 1.1126742633522 
7.8727028605295 0.82110771114966 
20.533059360028 0.96836955794968 
10.008964245219 0.11054615213868 
8.1474914156711 -0.23576650133018 
6.2613414065133 -0.13905054938933 
13.705372350135 -0.0040857165219552 
6.3330488745847 0.48343631468888 
8.5682404782078 0.56898515510854 
8.2511034445635 0.18692758814057 
6.1003612646003 0.23036640206089 
7.8649472031486 0.36072454305955 
6.2045331249644 0.11583139028689 
15.363002842475 0.94032807772817 
9.5211613582641 -0.28138878912275 
10.508843972861 -0.10502479383093 
5.6304244345376 0.88120888665448 
19.772509019898 0.78683247549793 
8.3484362831054 0.73533154987967 
8.7041394454732 -0.050514842741252 
9.1453689186811 0.95747021231125 
9.3272408919153 -0.20825267635931 
6.6640943780029 0.54196824839214 
9.3454492964176 0.31538704477365 
8.4521131299754 -0.25671630655693 
16.690294768882 0.2383318506659 
8.0480681864806 0.11045326221231 
8.4510671554714 0.094644215148529 
5.7061296421572 0.33076109416488 
13.227162228387 0.34161539849386 
6.8499328037153 0.75061857135236 
9.4705941991593 1.0608866174242 
7.6593991340869 0.68162171879186 
5.5958620941013 0.91060228959521 
10.198293372022 0.83752245803441 
5.822735536015 -0.076795342364894 
21.254020426962 -0.0576164054346 
25.068321531052 0.90072497994521 
14.333997286051 1.0736174717828 
6.047201626651 0.68660914689238 
12.46928852574 0.076207646664258 
10.079628694011 -0.010724937071971 
8.6904815263923 0.54063296059446 
19.621093349382 0.012512847909555 
22.104435268331 0.209299060163 
9.1586807574359 0.042380943616122 
7.9176504988664 -0.067197363497299 
9.0970397373165 0.046647649829908 
10.545932942041 0.52869789077607 
7.8589090332064 0.2566319224403 
7.9259861393816 0.93259634956001 
6.462175958423 -0.26362980014689 
9.743719611091 0.65080434963888 
9.858452218496 -0.066724672921371 
9.9650211942226 1.1737344119104 
14.856831013536 0.50993181574093 
7.9547688873728 1.1328007684125 
11.051391418457 -0.050477347991121 
5.8687975455787 0.25492734260889 
10.959844978579 -0.25846902353816 
8.6185855451682 1.0681164940178 
7.464601615196 0.39412962330341 
5.966277369123 0.34604362836733 
7.8466588193874 -0.22241973264136 
6.3740901831957 0.67381686286584 
14.217763392788 0.093540065504959 
6.4413244681702 0.036798071252973 
5.8502110044332 -0.2111363208685 
6.5402925085587 0.91789095484633 
6.6046647430156 1.0439406771167 
9.1562977096027 0.57412859501805 
7.1640751712393 0.7315663981959 
7.647749891843 0.63215972915074 
6.3513224434718 1.0197441872546 
20.288725772483 -0.021019525011452 
7.7426350996167 0.71706769869183 
15.793719777091 0.24635376342182 
8.4351883856808 0.56535214643669 
5.8470816717348 0.29967086499914 
17.347584808312 0.86600342136697 
12.440366363837 0.01107839776576 
5.8104931867343 0.76046792196505 
9.4249877023094 0.82282132982159 
5.9029906949266 0.4273165392865 
12.072906654054 1.1698764627968 
9.9569448920069 1.0424599598086 
13.031834921613 0.6216133348585 
10.31996058724 -0.30785441340399 
15.874142842915 0.18653974162502 
8.4145144001414 0.02121036455388 
13.660811399958 0.90519876140771 
5.5740868141793 0.60042464220644 
9.5132378948521 0.77415663010264 
6.8929415756029 0.31087404148901 
7.7392262073943 0.38234188249436 
18.09951676845 0.55634819917849 
25.926217952074 0.64723647715837 
5.6045997793717 0.75395328510766 
5.879899714993 0.006967402667612 
11.199091876181 1.1668147370571 
9.341974179724 0.092033709524154 
7.3154520850185 -0.30662677546661 
11.700685585725 0.45585457942894 
19.143619825481 0.3845088290506 
12.897348317945 0.852184029853 
9.9427351454474 -0.070883992775409 
9.706699331547 0.23727959132843 
12.602449992257 0.27048376699304 
10.374363590841 -0.16827633968927 
7.2968171169035 1.154000879636 
6.1186570825864 -0.059191511884231 
7.6822701819732 0.90243643359521 
7.9690347638858 0.77199177486356 
5.9191300394259 0.98081669132256 
6.1343402351947 0.88946635628814 
5.9634065116 0.51232001122032 
6.0956268006884 0.81503786103416 
5.6092424288384 0.4832984771511 
14.170290712482 -0.03166299928186 
9.62936074721 0.45092485650148 
14.660979385518 0.51065591016788 
10.342730120231 1.0122883113132 
19.360943107847 0.19572910899212 
5.6514789057561 0.18958049876074 
9.6784555019172 1.1226224189418 
5.8663859289563 0.40589999115706 
10.984564779247 0.58327900954493 
9.898165026986 0.59988217069665 
5.9769570509019 -0.044460276612087 
10.869254531066 1.0092980463616 
11.981051018678 0.03309962123097 
10.332265049464 0.33890213578356 
6.5816028944409 1.0073855101445 
9.2446490192127 0.88971030919616 
6.7382573864562 0.74572082074607 
18.84194602991 0.52253979544396 
6.6862276542873 0.71399557196967 
11.400230868839 -0.28823800621758 
6.6357493203515 0.80181577694104 
9.0158790661519 0.53905730905803 
12.609448345256 1.0281695620438 
21.22540647928 -0.36230751619366 
9.7458136482819 0.75435669430916 
8.421309294506 0.95534509874985 
6.5847140624132 0.45274930931935 
8.2339252120161 0.24936782681804 
12.60978416965 0.26483993436061 
9.5046177349407 0.65986161180802 
7.6356493110853 1.0786731315167 
7.0486317298445 0.96757979421133 
12.877600453903 -0.33169480258754 
8.9451980776204 -0.31284039064712 
16.221180970006 0.1960235161267 
11.876301309565 0.84338630662452 
6.0043828531728 1.0603874333947 
12.244567627339 -0.074779483162579 
5.7532373264462 0.048660956018667 
5.7688285427767 0.69339065559967 
11.862051905012 0.77974164097083 
19.634876079108 0.71365251708686 
5.7239978511023 0.54873114423545 
18.582661797046 -0.19231281726258 
16.726483680334 -0.095908287732184 
7.1344658311967 0.2244911563651 
23.082681097808 -0.13204777346092 
12.58996971385 0.39905702261033 
16.839185097615 -0.092786494703756 
6.7979400562367 -0.039896346403384 
9.522313529652 -0.3583304738073 
13.117116687623 0.42742931424386 
9.7193175114549 1.1736439928659 
6.2325275983231 0.061277861937989 
13.122779941655 -0.23500331836865 
7.0821014918221 0.17825043714261 
6.2893899302526 -0.16510432927831 
11.519377182797 0.066319564194936 
7.2059923463588 -0.11266078065671 
8.2286824500822 -0.10733043813283 
7.6509161095619 0.13689393789171 
9.3553885270583 1.0846552815161 
6.3146213776327 0.92159844147032 
23.165619843819 -0.18660210458714 
8.772767703912 0.012012163075444 
8.0457898430653 1.0463251759474 
7.1980287788862 0.90319647108274 
9.22131213394 0.038798053397396 
8.0525908087962 -0.19212614324226 
5.6645004282454 0.47972698371227 
7.9061202160625 -0.015908743291368 
8.7507623200123 0.1763051429647 
8.405721586178 0.97447649277805 
10.928229142227 0.33089577085628 
10.231936126685 1.092484316621 
5.8191722043763 0.91759191595441 
8.3164142889979 0.44040712991155 
9.4559486676383 1.1634541263363 
6.3038057198847 0.78727859978513 
10.585099781109 -0.15031556272079 
9.5688164922951 1.0405723500339 
8.8381264253969 0.60878965143207 
20.003378124665 0.15342858896915 
5.7991532033308 -0.31845556851231 
9.314477339308 1.0446894486387 
10.53977439009 0.32503426428638 
5.9844346822264 -0.11541616440031 
6.0964179424015 0.7332641903748 
5.7041062525264 -0.0057329366947623 
5.8450094774129 0.074336075146628 
11.88092226924 0.0013376313071639 
10.921878051161 0.049271109248184 
6.4699078487559 0.11793608956185 
9.9298073749817 -0.047434215579764 
14.604635623946 1.1601941990987 
9.6906920108553 0.27520814257265 
5.6930276165529 0.69882594615031 
5.8841753254254 -0.25984198533951 
13.100147584205 0.70399522504858 
7.9864795617294 -0.06885984403893 
8.3817167049791 0.81081390364136 
12.11137389463 0.37057920078915 
7.7096040902383 0.687664615211 
7.6813516986697 0.74799896903093 
10.535865915086 1.0504198381832 
6.1717667470364 -0.3356106728404 
10.603251860824 -0.36922077267831 
7.0000715840661 0.21451830824292 
6.6885355420064 -0.31859390632581 
8.8219964708365 0.23288104994218 
7.8983334963378 0.16177548036941 
6.9504884635676 0.41926722624143 
8.9967732546485 0.0131225371037 
7.058616530109 -0.30118796010528 
5.8582895375427 0.084400483305389 
7.9355561972085 1.0522212602607 
10.592211692275 0.64168475683837 
5.8493200283456 0.98969129464253 
11.123335225322 -0.19664564532486 
10.45399763665 -0.23914832622989 
5.5762493625812 0.17835758015527 
15.020159488678 1.0657802553833 
14.122239159402 1.1789266705374 
6.5594975172271 -0.01736608594764 
21.685871368788 0.93237926332895 
8.1401466793852 0.79747817253619 
19.293609960508 -0.049879793488763 
11.526794986814 0.96996761431775 
5.9491389645236 0.8114255249 
6.6490998243217 0.37406357933164 
9.3559541108712 -0.079938965490241 
21.419208601236 0.27502429694304 
17.263365808374 -0.085716569242613 
12.741238646337 -0.1613134725546 
15.639513250564 -0.14199880258691 
6.4000487652041 0.82931680357289 
16.040068039174 0.48982135095639 
20.689967801486 0.29121858001255 
9.7234941079818 0.96751268280859 
7.5769321448548 -0.14815887062065 
13.354138407184 0.22500043275045 
8.3969955498244 1.1410409080363 
5.9660721149652 0.34039100404973 
18.249791975316 0.79442852680765 
7.4201602196502 -0.010761270168193 
10.481251556476 0.0090261855384171 
12.520684947297 0.95047855947273 
11.941806068505 0.43653462525692 
6.3115594461023 0.86341483514677 
5.9870689850745 0.27661545792422 
8.6787287294357 0.96482730082362 
5.6368599528588 0.4142097299261 
6.8997400242514 0.35100036101042 
23.919597980101 0.20864423530652 
11.585090319369 0.01957214605847 
14.089454787449 -0.15623391310295 
13.210834099791 0.96974940957348 
13.520634691503 1.1110890576031 
5.5951123954042 0.7510542853942 
6.4335872494308 0.18298426201359 
16.112959179404 1.1563349632379 
11.299291861066 -0.13378357366095 
7.8633735406091 0.19610303625525 
19.097431862339 0.32783811635248 
6.020654903046 -0.013715773225754 
13.028797475525 0.53479977237133 
5.7193279387716 0.16285709978644 
5.9310253179531 -0.25633225702726 
8.9080396046064 0.36492543540819 
8.9816274775043 -0.28586816100147 
11.709100882106 0.48522462161762 
6.7354012371614 0.86301680101392 
6.0477841001079 0.35069708878894 
23.134301618101 0.045331098578321 
18.799045817861 1.0601902205881 
12.21073399488 -0.3337529552724 
12.315939033616 0.050599841000076 
12.94843461325 -0.25624947965716 
13.417334214449 0.43577803732542 
5.7702488111608 1.0519052823107 
10.726143336447 -0.21618738320092 
7.573014194456 1.161546903954 
7.2243527399843 -0.22445841480563 
7.2916603754229 -0.27455624264552 
7.733198886241 -0.13154801812669 
9.0266889374476 0.75088929399149 
14.326607133452 -0.30070026525093 
6.4719062215224 0.34198602800197 
6.7340089051113 -0.10103019523588 
7.5524557871952 1.0424098120582 
6.4364524745635 0.79502092174008 
6.4381405910109 0.55751922191777 
5.9471455298658 -0.023612975823189 
22.059910356244 0.4316571102695 
5.7700805564981 -0.14991070154692 
11.680661722587 0.030139313160358 
13.49758915462 0.18846932964488 
6.0225124288438 -0.16811840647936 
16.045096726799 0.67541597146173 
16.957926306133 0.613023074334 
7.143652521406 0.88885117918844 
20.849486771083 0.33520859899956 
6.5443848390965 1.0637640638571 
15.287339052619 -0.35064947377925 
7.8991668219718 0.85439600225881 
5.9652398215276 1.1149104616097 
15.269842015256 0.22580183340415 
6.2156796868622 -0.26807675901748 
11.257372992568 0.29189205553102 
6.2738795587999 0.76848354892155 
10.239196881037 0.53617363868889 
8.1766830451679 -0.18637452649448 
22.359537812253 -0.1272106108649 
10.075957799338 0.47173436879044 
13.435128465972 0.82192391259992 
5.7741299423197 0.57984582913712 
9.1182539949912 1.1502493935659 
21.646542310354 0.63696225610398 
12.505085884272 1.0797607795089 
15.106925302732 0.47010012495571 
5.9644539418307 0.18012367379241 
6.8675130356045 1.0774856706794 
10.114558291462 0.15795435306871 
14.107095986296 0.62913759578579 
9.2839222391665 0.42231678212809 
11.467388138749 1.1726657816658 
7.1921018038427 0.16976963723139 
7.7076349579259 0.28311175489107 
8.936676464724 0.25564282421992 
11.744049946591 -0.25051782670136 
