-2.0455399499888 14.735987620255 
-3.1623637191409 12.472205285417 
-2.1272303889313 13.754517223063 
-2.7653345911868 8.5285794937828 
-2.5210931224243 8.126992349513 
-2.2890533632839 9.1430802828811 
-1.2141611314046 17.789952364927 
-1.2639032636081 7.5582676603001 
-0.92119046193628 10.128264001809 
-0.60739773246092 9.2763126043165 
-0.87214703317115 17.439386291358 
-2.1482432651533 8.7069962567099 
-1.3207954946354 11.531655093815 
-1.0939483420021 11.130908104994 
-2.094719735397 8.2535734377047 
-1.2811266643048 10.236099202153 
-2.0397252967844 19.058752728624 
-0.90496440814831 10.783498215062 
-3.0881768982486 10.811082554574 
-1.0084429365292 8.1533115734643 
-2.0261201156549 8.4155392737897 
-0.90963615922834 13.889562770418 
-1.6699140981447 19.769802266352 
-3.0119564482041 10.336537380312 
-1.6779279517872 11.602244394508 
-2.3532507959107 11.857873194799 
-2.0111168983057 8.0484079804148 
-3.0595316668893 14.80146369559 
-3.0644083249674 13.215636899115 
-0.68201821576708 8.1874878919488 
-2.757402839215 9.7488538000166 
-1.8336616131643 8.3039991508392 
-0.87430704349307 7.444766327075 
-1.2250594422494 16.559370644575 
-0.72416691994092 10.287796300715 
-0.7037677731889 15.033636029922 
-1.5680879855351 8.6870923708549 
-3.0147067882184 13.438345217883 
-0.53371782365792 9.989380741209 
-3.1756609370371 9.5866740501929 
-1.2916279755325 8.9789402660695 
-1.0573666299101 8.062860040422 
-2.6846318591875 8.7047826577397 
-2.2133648727303 13.288819428025 
-2.7602875911067 9.165983509195 
-3.033699133849 14.055370863717 
-0.70245484706032 9.0195907255845 
-0.59881066796465 8.3633320460704 
-2.093938479633 12.543646523652 
-2.422092359338 8.4409611513744 
-2.4179647057813 7.7115947236324 
-0.98888623207451 8.9548535851954 
-1.9898155548291 9.5105528573355 
-1.7897181773743 11.577302369172 
-1.836239448047 8.5207975095068 
-2.6004646315289 8.3852699337158 
-1.4368876154594 12.493608131599 
-0.73900845424871 10.579613845733 
-2.0038983931953 7.7895114806942 
-2.2102577811325 10.727905779219 
-3.0267876307906 9.0361392759976 
-2.0491368141194 7.5281928939761 
-2.6020712634586 10.082742734999 
-2.9209763008311 8.3542436466621 
-2.0070986255889 11.948441615112 
-1.8433470120664 10.680848687663 
-2.3221300028448 15.829996816714 
-2.2030200161739 16.092223438821 
-1.8810607264897 8.1414433088626 
-0.5207918774091 11.003552685452 
-2.3980825930854 14.105257165875 
-0.93238101122514 9.2352303908176 
-3.0414067528775 7.8606614705914 
-1.6012240541134 10.573277253927 
-0.53309737888716 9.4116587587045 
-1.7656409924517 12.251181626966 
-0.91128784300356 14.977188285208 
-1.5913942196395 7.4107254711713 
-0.78197077263558 16.503899143489 
-1.3992659229985 10.811972858327 
-1.2607560175413 8.381635207468 
-2.6441156826511 10.091173180865 
-2.0520210672194 9.4451847901669 
-2.1318503555362 10.441947411666 
-2.8838925222636 14.167492347423 
-2.5972596582562 16.270116330909 
-0.79364672071675 9.1467710349569 
-1.4040213487313 10.181407321243 
-1.4395919291367 15.478912251515 
-2.7680479913494 8.3375039137942 
-2.8222637428439 12.361337688447 
-1.2396064963145 8.4882307781598 
-2.5888410827518 8.4915369000819 
-0.74042797894803 7.7512954956146 
-0.68332812283823 10.537300284918 
-2.5300732705265 7.7637969119747 
-1.1387678947022 13.51990285299 
-2.978752168054 9.7386467401319 
-1.8690735432352 8.6453947994033 
-2.6296584285154 12.232720473609 
-2.8162764920652 8.1599916219628 
-1.9563547844197 9.9063515064529 
-1.0649619720667 8.275271344027 
-1.4357653332596 11.633431544964 
-1.9917132809801 10.85756830229 
-0.73267875001981 8.6747138690288 
-1.3835874267001 7.804143534005 
-1.1619349344969 16.301514906607 
-2.3544795321756 8.7160459014533 
-2.2720503211506 8.1610085495461 
-2.0753159619 7.5510507593632 
-0.81115516335056 16.489802657584 
-1.2519655882838 12.898398773105 
-1.1214321293694 11.728899813619 
-1.2282185458266 11.109179165666 
-3.0918232966541 10.32344534286 
-2.3354756597078 9.4515074940162 
-1.37912601346 7.7833842908365 
-2.8415893485938 7.948150155997 
-2.2470457721821 11.829602722074 
-2.3434491095873 11.167695969184 
-2.4677686513835 10.502957177969 
-1.0979342072285 8.8754501314505 
-0.74271140245224 10.05202951379 
-1.1886666601209 10.721017801571 
-2.4221008084376 7.6112057908542 
-1.6081694899753 9.1061033546364 
-1.2279423865589 10.595268854843 
-1.300462357624 7.8800320358567 
-1.0017229259748 7.5275418533631 
-0.98183978000176 10.643423720923 
-1.0700028479626 9.1732302431926 
-0.53345358918422 10.153775409373 
-3.0611485291006 11.497450658185 
-1.4758134678576 11.440830593411 
-2.8671771898452 11.227364371817 
-2.5426980936845 8.5077448780065 
-1.0080941330103 10.652414382163 
-0.83234460839887 7.8099114887977 
-2.3623157958235 19.4172841415 
-2.6459082434613 7.7542413493107 
-2.445541452746 9.1184115377251 
-2.9857261071605 18.47580044333 
-2.4514153989103 11.10146740808 
-2.1923535007487 8.27683859737 
-2.3087275967141 8.9070561751566 
-0.63233685805407 8.7909521063255 
-2.7428058234901 7.766729790768 
-2.21278688386 12.063401502464 
-1.0920936427592 19.400351946155 
-3.0624713929875 7.6488417937782 
-0.95656506700375 15.699013966514 
-1.3695593249685 8.8810983707684 
-3.134337666043 18.577876329727 
-1.5672283872943 7.562607429724 
-1.2608494209189 9.0291089736169 
-1.0461067929713 8.4280981228392 
-2.7700178809928 8.1990885410474 
-2.8146902510769 9.0957954066826 
-0.58430281395618 10.027453390283 
-1.7677210590719 7.5021149123456 
-1.1671915526338 8.3120755893695 
-0.58346700011797 8.6925734458648 
-2.0391327305039 8.8889159812067 
-2.212769771586 11.745023132917 
-1.4193745512746 8.9498094642321 
-2.7699249670562 8.5779863993183 
-0.80361646937432 10.583979894738 
-0.71254111524157 9.6812657176245 
-1.5646861190765 7.9705167125249 
-2.6565933574485 10.119012669607 
-1.3245842923612 9.4892420727289 
-2.9611124177707 11.225237837531 
-1.2899750848569 7.6791002260022 
-2.8401430937696 7.9561157240787 
-2.9381937997065 9.0848791257509 
-1.6314748809799 8.4681539775719 
-0.61018152498756 16.645865713709 
-1.4387264936417 10.282236843184 
-0.97123727449393 9.7383249793919 
-2.8914389645257 7.9921717770254 
-3.1919170178881 10.077266828238 
-3.1683425709017 7.6782258821194 
-0.61386332380594 9.1946531997925 
-1.261883103817 10.747862002037 
-2.458226145084 9.7459845124478 
-1.2748086155446 9.8889365825011 
-0.74745608000796 9.5084129708946 
-2.3628624197856 10.562778113693 
-2.867063726746 9.3013041964746 
-0.74962799253781 9.0115342261333 
-2.9680623239925 12.836275114044 
-1.1717701369184 12.488315229386 
-1.6554483212275 10.582110462984 
-2.6297400977331 10.18975894541 
-2.2674191721732 20.114992502981 
-2.8138855187054 16.212778753406 
-2.6495268456674 8.1395570185897 
-1.0043567986942 9.5834684118449 
-1.4251761990229 17.061427282413 
-3.1626124888721 9.1560410814719 
-2.63984633514 12.747170367752 
-1.5749915039265 8.6207357009719 
-3.1159422331743 7.409212301138 
-0.67961947162337 12.55158208743 
-3.063736280929 9.4704881361937 
-2.8080021315972 8.7715458942975 
-0.92552634948593 11.036061368981 
-0.72122604398177 8.3153953241124 
-1.9148255910085 10.360086581238 
-2.8484643041167 8.9775418536803 
-2.2268924622174 11.590986819815 
-3.0378618082621 10.223256154221 
-2.7325675010831 17.920503387401 
-2.5445001124297 11.291958652515 
-1.1281389066733 8.6519177295355 
-0.83633602398897 12.509069527603 
-1.534178593451 8.2285527587891 
-0.8584560968729 7.6957575574456 
-1.9127747063936 8.2054971953712 
-2.1351632847808 11.738473050066 
-1.7420712828703 10.585931914495 
-1.8688197594788 8.275939283956 
-3.1057889030952 9.3009949440373 
-1.2952356251104 14.731181282699 
-2.4783925588003 11.602639791735 
-1.4684812711849 11.981071546317 
-2.7578147429829 8.8040947754607 
-2.1931035765836 8.5339682730107 
-2.2220201360184 8.0867624344358 
-1.4445208380791 10.701738676975 
-1.2089804135638 7.5671783544917 
-1.035323960689 10.898084624052 
-1.8188013997146 7.5229495357961 
-3.1514464734041 9.1194937280897 
-2.6712798825606 7.9024667983795 
-0.92243919439396 7.728633451213 
-0.78488682260255 7.4549105382913 
-2.3596157889183 7.8183961692756 
-2.179967639172 17.343873102036 
-2.9409059530991 11.08486524973 
-1.9998201734703 7.6944203872819 
-2.3482719731998 10.804692135846 
-2.0470160825113 10.766531216121 
-2.1159723301631 10.459949627527 
-1.2195415636876 12.727841222442 
-1.0524955996537 8.6333401514692 
-2.1009367394641 10.044178205176 
-2.0841068621761 7.8553504388378 
-2.7078497414465 11.548813273852 
-2.9990926231488 20.808647159066 
-2.9460214929602 11.693315892454 
-0.52706232614275 8.0214306431071 
-2.2498033504778 9.8930056059848 
-1.6584076552089 9.4730467542654 
-1.2851521207392 7.4347830065568 
-2.0643730167926 11.105317619486 
-2.0420565840386 8.930253120715 
-3.0112785000782 8.8655112056491 
-2.6846129765272 13.222765503557 
-2.4546497450661 10.136953521372 
-2.0524678139581 11.34877520538 
-2.7988905169401 9.9528620657684 
-2.9487002751052 9.2693917346161 
-2.8455706779015 15.159700019766 
-2.6480660803133 7.8133101909684 
-0.74061851037892 7.4487505199769 
-2.1274936627882 7.6036834319586 
-2.0218756514314 13.359655334574 
-2.6958064822692 10.36234794885 
-1.5875539917653 8.7421302517711 
-0.72242599817674 19.237024083205 
-2.3620410854266 9.7330993732421 
-2.6292251520086 21.198047939369 
-1.2159815742166 12.624786757559 
-2.7282973669972 7.835247288772 
-1.5596959591367 10.641655559699 
-2.2768545927249 8.1532331790323 
-0.51802497914552 13.524925767914 
-1.4405451936589 8.2831575909997 
-1.3168896661938 7.6644754296141 
-1.3550352634781 8.3995790496781 
-0.99633922449725 10.384588893817 
-1.3209607300481 9.367426953384 
-1.515370788308 10.707954005565 
-0.88549476037812 8.9105293769257 
-2.9418112990921 14.500871669842 
-2.4895578043519 9.1374858582356 
-2.5695756443121 10.680120950562 
-0.52882931032076 9.1796316437001 
-1.0534034207337 11.168405304197 
-2.2603755623314 9.8122215915479 
-2.9160154730597 8.9401737731081 
-0.53448202454813 8.7675437152979 
-2.2821260620092 8.3466048435348 
-2.8837861902853 15.560898116785 
-0.52037601283911 16.997702226965 
-2.415798671367 11.143927300538 
-0.60306650542311 12.84887724811 
-1.3405716706363 7.6770504395443 
-2.4020768713487 7.5884896354577 
-2.744021042115 13.395018761271 
-2.1535683594828 7.7694877601211 
-0.78555686049273 11.806741972835 
-1.2694948180782 12.038602851847 
-0.58053715281932 7.7543300553212 
-3.0897860481571 8.6780798236348 
-1.5405537294686 8.5616776853076 
-2.8025193142746 9.2156861232114 
-2.3857580004811 7.5804052878395 
-0.89895482842507 8.5105706995717 
-0.77829313830251 8.1773870961062 
-2.8329646917316 7.8293529483943 
-1.1635348429936 13.435376810852 
-0.691634096368 11.178175275993 
-2.1105301028482 9.4960568871078 
-1.7902394996351 9.5765946459059 
-2.9764657516874 7.5607680233211 
-2.9715944822417 10.727866651056 
-2.8374312328828 10.20602729831 
-2.5820202717725 8.0744873414965 
-1.0589471130035 10.578471733985 
-0.99345778636398 8.3281967817649 
-2.3460620390042 8.7309557259606 
-3.0915600476602 7.3415949386123 
-0.66832778461203 13.475304091455 
-0.54222617247893 12.605093806551 
-1.8915681236352 12.009106495971 
-2.1134533058978 11.4006962821 
-0.6249036578135 9.9986782749462 
-3.0082965897518 9.0647429547694 
-0.87232116873324 11.134801274888 
-1.4680539607617 14.136029441905 
-0.98487296890071 9.4537940071831 
-2.7241759346007 8.3242442000763 
-0.96865950055239 9.5661353963051 
-1.6321768045962 11.12495164124 
-2.713714280399 9.6944846607421 
-2.257359964184 8.3077663203948 
-3.0579516686329 8.4439717799242 
-1.2434311653996 13.391498531614 
-1.1866237713517 10.100487672906 
-2.9021798620408 8.4918162312881 
-1.8814802742949 7.6377036021599 
-2.5947675148871 12.009829715722 
-1.9162581525648 10.385131341704 
-3.1220340602495 7.9083708582275 
-1.7490509208595 10.384762885279 
-0.87688197867272 8.7299030118086 
-2.9812098841474 14.002730988819 
-0.85273973099014 8.4907342354474 
-1.5104455615973 7.4689037042151 
-1.2671458212482 8.6138637719308 
-2.187037464729 8.0678098332796 
-0.75000353568829 12.611991302921 
-1.7184008241825 10.644797431412 
-2.1621315203375 12.177237882215 
-2.2790756174425 9.8842092013999 
-1.2345454221677 15.32810662775 
-3.1135570966171 8.0854418730291 
-2.3753551139938 9.5830182234814 
-2.5159783978518 7.770127899892 
-2.2052820617032 8.4520391096834 
-1.6843965002694 8.2446698685548 
-0.77955616882219 21.506801166237 
-2.7515957968172 7.6304919661469 
-1.9436701396233 14.400499751837 
-1.0569098970612 9.8066639323169 
-1.6496090551163 9.0451112033858 
-2.632761148072 12.678843108254 
-2.4829007247268 8.0903081294858 
-3.1469299205603 14.210425009943 
-1.4542091108746 7.5828474151507 
-0.79298219357517 10.737986027691 
-1.1677509087705 10.782928763847 
-1.4992838750407 8.3367926755723 
-2.3329029002925 14.056224123352 
-0.87495475320476 8.7860467383729 
-2.6463729620341 7.9176318131655 
-1.5818225425355 8.5484114279229 
-1.0302083481046 7.7581230361034 
-1.2162818494855 19.767246031547 
-2.7646523749166 12.340719509647 
-2.3927923725362 7.6568704913384 
-1.7341851104048 12.512647840808 
-2.6804427210213 8.0401065908895 
-2.0506006287081 9.5619846308066 
-2.5702473293558 7.3738376863019 
-1.9284040760953 10.506666896636 
-2.7961699367529 9.4197075710968 
-1.9316788771821 8.9223338516705 
-1.0372519385172 8.6836076928142 
-0.66972563290927 9.04895522668 
-1.7732022664497 8.7443767782866 
-1.6542821170135 11.564109936225 
-2.5891332415806 13.512935216077 
-1.1228030439761 14.483400740346 
-1.3453335171033 15.158638042261 
-0.78382300205322 9.6437815781299 
-2.9172399450188 7.5982653299043 
-1.3302514115818 11.357477973951 
-1.6541520316614 7.7436984502364 
-0.60971844237822 12.928103001455 
-1.1580022184847 7.4045174159648 
-1.7747088609351 9.1684316558515 
-1.5532845446524 11.85288785219 
-0.98209558573465 7.5475752365305 
-2.4475441388162 19.552849625239 
-2.6764994795075 10.58035417469 
-2.0118139520493 11.066362878729 
-2.7178012785129 9.8541502390124 
-1.0088805037738 7.7674199108161 
-0.67840835565223 7.868140340937 
-1.0721485602736 9.4675849762996 
-2.3976264456357 8.7234303658917 
-2.5513428381606 9.7757804664728 
-1.8369825498973 8.3605178500056 
-2.5962315972813 8.5363033949098 
-2.1257099736533 7.5102776479699 
-1.0417519647553 7.4603615678918 
-1.0400344229627 17.081398755561 
-3.0773915753512 8.36075704049 
-2.4658905453499 15.629696524541 
-0.92898267805259 15.093703162226 
-2.1231913699058 8.7939263764688 
-2.4983237171601 9.136364609254 
-1.3782532633869 7.5745096251884 
-2.9179886797135 10.636132794193 
-2.3531765584566 8.9418554303752 
-1.3720067930066 9.4808212587964 
-2.30402211448 7.5841555585336 
-1.0230913894776 12.67294328013 
-1.5787686827291 8.2428279451086 
-0.53687627109836 9.7460825958815 
-1.5315407033426 8.3794958580594 
-3.0269317951431 7.6642676233477 
-1.5809500553095 8.4704110170695 
-1.288380059677 9.5642424706361 
-3.0252033121247 8.8509409747843 
-1.1046855197311 18.622034017228 
-2.3877343384279 7.5338233546518 
-1.0344932161936 11.377004686005 
-2.8512359064238 9.0823818226744 
-0.61620647514423 8.5053918601424 
-0.68138066811135 10.363164407891 
-1.6637800987002 8.3273262266239 
-0.54558971016672 8.7308392313611 
-1.7870106337172 7.453785125784 
-0.73998006900337 7.6695310937172 
-2.7804862981759 14.951715603293 
-2.4649566939337 10.718287801318 
-1.7817311523908 9.0709041540201 
-1.3398680527436 13.309042237312 
-2.4272602308245 7.6743957726253 
-1.2855098091409 17.059846984937 
-1.30943875756 8.358487398714 
-0.90237899977399 7.5168112520182 
-1.0084009368329 10.716779845321 
-0.76072705599773 13.630559427131 
-0.52273523688913 8.4782100518187 
-2.4840710040726 8.6647736115105 
-2.7980613772872 12.688590165048 
-1.1946018539774 12.624791630211 
-0.5440264695267 8.8846113039755 
-1.1147093025424 9.5179649482217 
-1.5782338468216 7.9723323780167 
-0.72897713701748 8.893667138061 
-0.87892475557639 9.882082998302 
-1.6968825133186 15.059780530071 
-3.1858856490612 7.36264126228 
-0.84149576760856 7.6378968412881 
-1.4208756651184 9.6558524746888 
-2.1214116468316 8.802214826178 
-0.92165181363208 8.5504658335733 
-1.4339073433109 10.294564857616 
-2.5272630751185 9.9165270778078 
-2.255838813089 12.593281806922 
-1.9254717277288 7.378048938114 
-1.565072191491 8.7069133475919 
-1.3218168815952 7.6310937460493 
-0.75357011144449 18.506966274166 
-1.9455735946605 7.9189744180765 
-2.2462800426795 10.889623382442 
-1.10519333499 9.627628596152 
-3.0389206688557 12.992277874967 
-2.7268516934225 10.381724590708 
-2.273446114418 10.898006507783 
-2.0964959857656 9.2372923050442 
-3.0649507538634 7.641158393139 
-3.1926525958947 7.9540628720555 
-2.6094221456239 10.042163186476 
-1.1531022359274 9.284626847372 
-2.3463205977877 10.638994041736 
-2.9125033284482 9.0234218578266 
-2.9110190759589 15.306448287142 
-1.2249320049131 7.8875806417418 
-2.8776623997439 7.8840143120249 
-2.5275298823238 13.510885511272 
-0.65578995083923 19.575453825897 
-2.9465404529137 8.6216289132482 
-1.3491289492543 10.246054580262 
-2.4048815220067 9.750511404351 
-1.3476948848964 9.4750747152329 
-3.1736549277091 8.8297146690153 
-2.2916909250009 10.946263669554 
-3.0994968705427 7.5938800453521 
-2.5970314926248 13.568269792745 
-0.55148534251607 9.8104389290206 
-0.54744290234649 8.7114062205128 
-2.0402697145828 8.351958226611 
-1.9375355755329 9.082164089016 
-1.526994994901 14.692620283548 
-2.2161034719737 9.2437427904832 
-2.5880932182397 8.2698285333909 
-1.5179734420173 7.6205908377667 
-0.92507801914428 8.3476762871532 
-1.9319082596256 10.164369082721 
-2.9213944434758 8.2784543035465 
-1.5961138266834 9.1595092071727 
-0.75861835317308 11.306871045612 
-1.0605268272803 10.241860566897 
-0.96245197381236 16.168683623646 
-2.6542100237889 20.803242101984 
-1.4089285688991 8.600905158773 
-2.2507873568454 19.288567279476 
-1.7276951802024 7.9588176139524 
-2.2246806373527 12.110603239094 
-0.8458747469888 14.726379322978 
-1.4464680500628 9.9135787559934 
-1.4893594465005 9.8442547340802 
-2.3735486851457 7.4296202505738 
-1.5602937763342 10.147103026506 
-1.1286425979944 8.0034260911176 
-2.2414100767901 8.1112978559357 
-1.4356553977105 9.1678772919773 
-2.6593866660453 9.8938349946525 
-1.6148961795751 9.0384822062211 
-0.73895171229732 11.061471256709 
-0.97981545346097 7.4466768750942 
-1.9016906171595 17.822795395271 
-1.2276893404688 12.390511395663 
-0.80900887812621 13.181886428515 
-2.6170590395191 8.4090809772295 
-2.1880357440743 14.235976797419 
-2.8364038514409 7.6247618739887 
-0.70161211962104 14.575239351506 
-2.5570727403829 8.5987093892434 
-2.8726586187693 12.535663971104 
-0.8882479729053 9.1285709674916 
-2.5431538250204 19.633242467802 
-1.2042104126388 7.4243276867898 
-1.5925053123447 10.871825165904 
-1.7626401333568 9.3478502541633 
-2.7867413114577 11.251144527979 
-0.97278712620889 10.677745458626 
-1.5135934381173 10.511292760245 
-2.7222297453611 10.518236105541 
-1.8339272987358 13.897915996092 
-0.84887083797914 10.068368117726 
-2.4941515122743 11.011096224446 
-1.4210159125513 7.6340988139809 
-0.60490095468151 8.4607678916579 
-1.7536503552627 10.304275054389 
-2.692955028887 12.336338014816 
-2.109735629665 17.287239480964 
-0.65441263572917 7.4550455956403 
-1.6250109227839 7.9786309438856 
-1.9708206655877 8.3848774813849 
-0.89675230052236 18.78808129623 
-0.80277736721619 10.407834917971 
-1.4294826669025 8.9533364328107 
-3.0491497498319 12.977805651924 
-1.09448826118 10.831353351796 
-1.6178448013766 13.791297279387 
-2.6770963366653 7.6250971988613 
-1.9453794674166 15.1198984068 
-2.7590802194747 8.3508144409021 
-2.2973202940752 7.9387566714693 
-1.5513717136866 13.517980565992 
-1.5600165029544 11.318486378637 
-0.94741308943974 8.9382350622784 
-2.5775474317382 9.9596787449804 
-0.54179875828453 13.055655347463 
-1.9897344490359 13.747025207306 
-0.86609296506245 12.274715346584 
-1.0535327668051 10.740816521268 
-1.1205445647193 9.7947468592088 
-2.188183368113 8.3192301169045 
-2.4593543014989 17.589568903014 
-1.2851629547084 10.797208268369 
-2.8625305627324 10.854644757816 
-2.7629072587765 7.7343680275087 
-2.3326337382032 7.6628228975088 
-1.4516192306341 8.9002539110182 
-2.9770650303804 9.1350948186928 
-2.0666820217515 8.2891108544249 
-2.6797303858681 8.6944622925057 
-1.8724872188392 12.021234415265 
-0.71487770662805 14.829926481944 
-3.0294238629184 12.125698490449 
-2.7901041484885 10.23590727249 
-1.0249309373362 10.500447522249 
-3.0048551940918 7.6830111261452 
-1.8990053352298 16.218378335861 
-3.0789686101975 14.131049670996 
-1.0862246423888 12.331145545808 
-2.3715054431487 8.9739723351798 
-1.776408165214 12.896465240624 
-2.5498210839249 15.689740739339 
-2.2632146861476 9.414093190681 
-1.6661734357629 8.7282590879933 
-2.1165127548648 8.6910702759907 
-2.7679827074042 14.192108626255 
-1.5594658099072 7.6157338235325 
-2.6779816052891 7.9669272522849 
-2.9522604773622 9.5644336633628 
-2.6689173736756 13.98219627525 
-1.1652950802417 7.4662310364747 
-1.8753527196297 8.1811824989033 
-1.6850983161805 11.334337962812 
-2.8696037088959 9.3474644599531 
-0.78275673831736 8.5633010562715 
-3.1577121918861 7.9143159067092 
-1.3736499535323 8.238381972024 
-1.3608945209732 7.8885470474559 
-2.1209914036577 8.9597410009367 
-0.95816527934468 9.0726702281999 
-1.6222888853545 12.988137925856 
-1.627774139411 9.9719971028586 
-2.0025870747075 11.811149266298 
-2.5745910234853 7.7405611537735 
-2.9780222000066 10.938670583443 
-1.4433894415703 12.633532600282 
-0.62911127675226 7.7362770962625 
-1.2529671013052 10.086986314321 
-0.53928770938846 11.188022511209 
-2.7656991368209 7.4147195938825 
-2.1714347528398 13.905722672912 
-2.9256250021618 8.5702628981278 
-2.5784692998167 8.2142114193646 
-0.68984007188277 13.088426452937 
-1.9554424073779 8.8686650434666 
-2.1236397872254 10.424857714498 
-0.58202819902878 8.603834297898 
-1.0236334121799 10.572737729922 
-1.7620371031552 9.6852317507266 
-0.76013116868689 15.486880068307 
-2.0741769301093 9.0574504865073 
-1.2358632456043 8.2207765386799 
-1.6523763136937 7.4514787195653 
-1.47110324263 10.984988104957 
-2.9359437925929 7.5759861998102 
-1.8968328834196 11.658783959129 
-1.1684223349781 15.630735777141 
-2.9855682429141 14.775549387536 
-2.0974154186962 7.6954780073351 
-3.1442816183839 11.780321492396 
-2.702353710038 10.878828798423 
-1.4346560440724 11.296017500837 
-2.0417825833239 12.18253614059 
-1.3212047888067 11.074275533024 
-3.2003810442756 15.708790895494 
-0.73933558364617 10.922770066975 
-2.4204837095192 9.6991336851482 
-1.053385115466 8.7192915146935 
-2.1702174995804 14.439325633445 
-1.4180753516774 8.9944979491318 
-2.4975368333727 10.159955888944 
-1.6094273664514 10.262369906878 
-1.2558909609377 9.8592946050875 
-0.73024787708085 7.8848858237743 
-2.9851250715701 9.3443898306125 
-2.628745290532 8.5636801748286 
-2.8569895381932 9.4925961105141 
-1.4020825945869 9.0307777493499 
-1.7897786472278 8.6804325900948 
-1.1124482599659 10.51262031385 
-1.651181163516 9.1436135243376 
-2.6157841295103 12.420327080009 
-1.7147841048687 12.722791060148 
-1.0912222140738 8.039744692781 
-1.9766179378723 12.52892384469 
-1.932619410069 8.6976431773092 
-2.2317411218122 14.673395041682 
-1.829679958701 12.22547156386 
-0.71895667845435 7.5241366265083 
-2.47544721574 8.8419210593915 
-1.2525321568306 8.2243668115637 
-3.0664525023218 7.6197968818792 
-1.3720516380924 10.724513379346 
-0.91798148335181 10.458308388166 
-1.2379536546765 10.274695118337 
-1.6240680223297 8.538584362858 
-2.489525826949 15.762522959746 
-1.9263414053947 8.4528444444119 
-0.60831432921306 9.8927146219499 
-2.5810194048473 10.645857008566 
-0.87894534445713 8.0481684054251 
-1.2879732490197 9.7373234896934 
-1.9221166433672 9.180017438447 
-2.4374508372153 8.1836141073209 
-1.2349659271446 10.687358377298 
-2.2174711690997 10.897943781517 
-2.4573482132696 9.1529319566292 
-2.4483618719224 8.6466771510343 
-0.59316935428025 7.6059960013419 
-1.8057986845088 13.407290860235 
-1.1493849580288 13.734828721501 
-2.989011066702 9.0603642884811 
-2.0224182305541 15.646022268389 
-2.9459092680443 10.210725028993 
-1.8189839688688 11.784598465381 
-0.52968278197445 9.1167387724484 
-2.2466356788651 12.784256595062 
-2.0475684604777 8.7106709298678 
-3.106048066393 12.406488866478 
-1.1099496546822 11.562277162813 
-2.1430537226968 19.557901148654 
-2.3795415705994 8.7626320718097 
-0.9008700053013 12.047032635781 
-1.3521426383052 10.715870774875 
-3.1266943281546 10.782717721626 
-1.4089583118854 9.0877592457318 
-1.4874015778573 13.568137056107 
-3.0106802218868 14.399643959391 
-1.4738331896246 10.130467893104 
-0.67385689923745 9.4188791805687 
-1.9092592264598 9.4688426228095 
-1.979541315317 10.921554893437 
-0.60120726760958 12.541726556636 
-2.4710704074485 12.589145339783 
-2.6246163806956 8.9770223415449 
-1.3241732214298 7.5143579703085 
-2.6192986035994 10.54220719139 
-2.0845559909425 7.7270437679131 
-0.57528790561105 14.99214235219 
-2.1186095676732 13.875140795776 
-1.017378482997 13.901994179194 
-1.4239777595135 8.4224983059059 
-2.8262955074369 8.6819562614039 
-2.9941464167183 8.3670409216055 
-2.3261052105084 7.896691157013 
-2.1363783695857 10.479633542938 
-0.69226237472811 14.840728845407 
-2.9708868061953 9.0140222683172 
-2.1005077404081 9.6520559810973 
-3.0822872377956 8.5441182363249 
-2.8884837948042 8.0035938968482 
-1.9530894650723 8.1843172791082 
-0.57097995083258 8.0051623155292 
-1.0781277453563 11.065556380669 
-2.8521948832107 12.169339574193 
-1.0564843130214 11.261782991765 
-2.789794289306 8.4706626486768 
-0.78804484792646 10.213972230084 
-2.2003475813605 14.611737598674 
-0.69043880880472 9.5330740115272 
-0.98082322025077 8.8317480228141 
-1.8606263797704 8.0752585692635 
-2.3372334077932 9.3660051079784 
-2.0880556115203 12.698955194768 
-2.7985723943513 7.438460179064 
-1.7851653005185 8.7148719758094 
-1.6993504232222 12.944394317103 
-2.2556178474304 9.6834600086452 
-0.76463702905281 11.995812881938 
-2.2251852386335 10.219191314764 
-1.1270709640465 7.7504683608812 
-1.0523215760615 15.584479704092 
-2.2160548730796 9.1207155991962 
-3.1714701050083 7.6418644319021 
-1.3667953133654 8.7723458317804 
-2.4571315374203 9.4212107576843 
-2.494481160987 10.180092098239 
-1.3041001843991 15.235276662597 
-1.5872668342989 8.5561357363393 
-2.3396003138332 10.093661225734 
-2.3915742405649 10.540499648863 
-2.4601625601246 7.9818385185797 
-3.1481065925543 7.9725529988572 
-0.67228138902414 11.675719263151 
-2.6452241413043 7.647867828187 
-1.417511511215 8.7633590490517 
-0.69169452932529 17.390079638593 
-2.7114421508917 14.826814300239 
-2.648398815469 10.241702598313 
-1.9682555858059 7.9913074900377 
-2.4140101446361 7.4393240215068 
-2.6574904418126 10.867345775927 
-2.8926347665408 9.4132248360588 
-1.8196663575853 12.718153391061 
-2.739794559673 7.4743209923905 
-0.59654709774061 7.3441640816362 
-1.6173429181311 11.543758808881 
-1.1858448667309 11.995774975178 
-2.7039289621977 8.3959888079881 
-2.3340750710136 9.2940439058661 
-2.1519069261813 7.6212396636386 
-2.4040305871078 11.218320475122 
-1.8420297680089 8.8394004294943 
-1.8013793102556 8.0185555540518 
-0.71695596170451 8.4309717734 
-2.881554879151 7.7032850858055 
-1.62961229001 10.809364821352 
-2.6264594041177 11.417553365626 
-1.5739264636257 8.7394508504525 
-0.89138577528253 7.3844160070607 
-1.8387603567159 8.48672076409 
-2.1120858951271 7.3597222412205 
-1.6998071847937 12.798569858279 
-0.79277490237607 21.485007291543 
-1.0803669130554 12.1326398532 
-1.7912511778726 10.677081228919 
-0.85419723802924 9.7349056545892 
-1.0023357305832 8.3982533944213 
-2.9885792483511 9.4908398089957 
-1.0708111731241 8.4879599619261 
-3.1970248061438 14.716433014123 
-2.5776963594111 9.7612939271961 
-1.6460696156021 10.079084252069 
-2.8860608328511 7.9162610501486 
-1.7347061403203 11.571378699529 
-1.0636749281097 10.280937802161 
-3.0318570357231 17.10235268654 
-1.0627902828199 20.405346518382 
-2.8339873742115 7.7108035201512 
-1.8650135665687 10.477574787665 
-1.1245483817292 7.4305791319473 
-1.2648527507893 9.8058054502378 
-2.9432614980887 7.72545613642 
-2.9435367950353 8.6287830167413 
-1.8253779661265 8.3704211952293 
-2.2254218067095 13.596263343103 
-2.9856818278412 12.312921551884 
-0.87251706516366 10.665177330684 
-3.0548961649009 9.7972389266497 
-2.1681367426963 12.392396983169 
-0.99490692644158 11.485217311019 
-1.6508737701348 7.8457871647204 
-2.1158617479989 11.267964089111 
-2.282921478428 14.376514378158 
-1.9597072727121 9.5877020672328 
-0.79290215615163 7.848568001196 
-1.3132479965163 9.0127482612044 
-0.92052906416442 9.4157133819157 
-1.1097546374175 9.0327549108517 
-1.1440601476059 12.99644135286 
-1.5697996217481 11.369771944927 
-1.4540460370547 13.436246496291 
-2.5949605982251 11.910864850717 
-3.0930785649201 7.5265018114328 
-1.0222746111257 10.195339922897 
-1.3977296701257 14.497630301699 
-0.89482855708594 11.608784938874 
-2.3319444444179 8.3443983859085 
-0.98171833241194 7.5817007651565 
-1.0648976955319 10.842788299828 
-1.5869079992079 11.062501094156 
-2.7917409074317 9.4840416476398 
-2.90931940867 8.1059252724584 
-0.60079337342925 9.1835792665505 
-2.8990439259048 13.259421838502 
-0.56161352845299 9.4821560353163 
-1.0307148599473 11.243791580816 
-0.85264284790459 12.767313851448 
-0.63485670086745 11.772280848999 
-1.6878717437084 7.500712145473 
-2.6946877994267 16.933017547793 
-2.7120591633024 7.6926568325924 
-2.9497089274571 9.0414939978545 
-2.1837679714089 9.8298060432114 
-2.005572301597 9.6000693180996 
-0.87092091661247 9.6107230424547 
-2.3296574228991 8.7730154428207 
-2.0136004530833 10.967400474285 
-1.2306493503648 9.6643376839548 
-1.6925922682607 9.6812539697508 
-1.4830504511321 7.3722550742573 
-2.3631447491212 10.212736758571 
-0.98989610682625 7.3920284492804 
-1.273540305864 11.667515859255 
-2.5398903528921 8.4681268604544 
-0.74011528525908 8.6364944049199 
-1.9374179013573 8.9009145693167 
-1.5389158544877 10.974956826118 
-1.8377310715193 9.1082078835757 
-0.7989645054316 10.418346718891 
-1.5354889269879 8.7245961819907 
-1.9052928695872 9.0436864114561 
-1.7988426340082 13.801267271466 
-2.7674754848177 11.49786773417 
-1.9228115563874 7.8636612507953 
-2.140937933 16.918405436879 
-0.6814743075144 9.0467681647638 
-3.1449320913175 8.5731463833874 
-2.5496231393742 9.5186152912664 
-1.0700353066052 7.3796758074699 
-1.2039600110091 11.126003567598 
-1.7524401761509 9.5283348319927 
-2.1175120954804 9.0236525908742 
-0.5263817445558 7.6410024952393 
-2.4909495451235 8.3433052486986 
-0.87647043717186 9.4752619736568 
-1.6211281808735 8.841537747866 
-1.2721822606085 7.3614229220675 
-3.011239108982 10.152453171033 
-2.8169134077365 11.629301176649 
-1.4999491446275 7.7067828798208 
-1.2131112093673 8.4932531462027 
-0.93164146940431 8.3897642589524 
-2.5567051973798 12.528617287583 
-1.3198098781111 11.693379372551 
-1.9113957092891 13.071536221618 
-1.4867916813967 13.050184650501 
-2.1865725704893 9.9608971243426 
-1.9928470203505 10.434185437061 
-1.8296453339626 7.8888316088311 
-2.0523198520606 12.682780131828 
-1.1152175694485 8.2477218446832 
-0.85595968042254 8.6443719093397 
-2.5040217892993 9.417497265803 
-2.0487487361801 9.2521564166067 
-2.7079696093617 8.3046284227164 
-2.1539357190668 11.248461805294 
-1.6476478283094 8.5901974736056 
-0.72936859969811 9.964090003669 
-0.89360154223969 8.3142584470372 
-2.8632472714703 11.3367577696 
-0.85821579710329 10.628076336103 
-1.0585582067767 10.058037075532 
-3.015382178463 7.3948593495147 
-3.0206428984442 15.26174892157 
-2.3252929855418 10.556576216799 
-1.6897766185789 8.2671181495207 
-1.7961891643903 19.725848652821 
-1.4797927341474 10.087438715845 
-1.8542958028907 9.8528261945568 
-0.5238638534711 19.818469406759 
-2.9941729456354 9.1932845453407 
-2.894796751877 13.565822208956 
-1.2106522679491 8.9127702564453 
-2.9426785787905 12.709778415947 
-3.1572906027436 11.733752841753 
-2.8685957579595 15.198702608246 
-2.5308101618704 9.7319890540282 
-2.8235214814114 8.0836193827357 
-2.5453543131417 10.675273577215 
-2.8334593371583 11.868052871522 
-2.9993122682 10.097544449799 
-1.2501262503284 10.517372223919 
-2.64225648285 9.9283910598793 
-1.554765786332 16.211316403118 
-1.9790150154041 11.141111323153 
-2.1836984432555 10.108480032834 
-2.4334814985506 11.999548298092 
-2.1100137027159 9.7145967659875 
-1.1407740683631 10.107543544868 
-2.345698904683 13.918457889832 
-2.3146562252929 10.860516652182 
-1.5707345055521 7.7996796639798 
-0.88781155806885 14.803978954718 
-1.8877022850863 12.41776167949 
-1.8566627965524 10.170800208175 
-3.0058897202276 12.746789523924 
-1.6473340009692 8.3636946485949 
-2.3895344672153 8.4957977079265 
-3.0991679440229 10.759683459566 
-1.6348068598536 8.6349033694233 
-2.9422389821725 13.891004101888 
-3.0967006910104 8.8445148999681 
-2.4979324619573 7.4340993558158 
-3.0848884889626 16.928373891573 
-2.7297426336358 7.7037253396814 
-2.5694179164165 12.273017383231 
-1.1293179262683 7.7133592700869 
-2.4035139399568 12.26569229592 
-2.1789854996979 8.3260765604878 
-2.6497500892384 11.540008909924 
-1.1154967182833 11.323853698281 
-1.0980899312477 7.5350048818574 
-2.0784984729577 8.236991341881 
-2.8632931851753 8.1209385955797 
-0.82244164965653 7.4192595988784 
-2.9584137124523 15.093247922849 
-0.72646362294902 13.80194473694 
-2.718012054962 12.661390977112 
-1.6625045135716 10.861355654776 
-1.3818224014022 11.076171763564 
-0.99676726106351 8.6678185329231 
-2.2135870494472 15.447794222279 
-0.66241530776571 11.245950268635 
-1.056715400592 21.647833561828 
-0.59010657257195 10.1604657527 
-2.116500421206 10.968479466364 
-2.9923217815034 12.351074666668 
-3.1578983207028 7.6051225178697 
-2.7708849232579 8.6532992002981 
-1.4273249443237 16.296150629755 
-1.1186328712814 10.803082902747 
-2.7941388280856 10.82956885741 
-3.0192341276115 8.956111015075 
-1.3754407576356 8.4759816873284 
-1.7676853457988 11.032423954347 
-1.1680569525967 12.270778131392 
-0.55232231790799 7.7582191143691 
-1.4518047745982 13.263136287048 
-3.0214575357531 12.09129649265 
-0.85027798442364 9.819317100863 
-0.97376220042852 8.464273606951 
-0.81238705182579 13.253363324697 
-2.8523899064528 15.306486807416 
-1.0999231068643 20.300348463258 
-2.3039044426723 11.275462335488 
-0.53512012500202 7.695228833948 
-3.0697278732312 10.136079369967 
-2.2819776196381 13.558544077824 
-1.6361898070893 11.298117892349 
-1.0794488923096 12.70209628706 
-0.70296400942943 8.9343613652437 
-1.80793060287 13.069668249897 
-1.5251118705723 8.6797730783685 
-1.5691858318664 8.2027424515824 
-2.7628489597183 7.7162663274224 
-0.90284142694543 7.8587277425248 
-1.4971750355132 10.794983204407 
-2.5975041358366 13.347717336773 
-1.0505288498865 12.40354709036 
-2.0011574856922 8.7108989456507 
-2.185250858667 8.0416540250465 
-1.3635507722216 11.286759308944 
-1.5296670829174 14.005753290786 
-1.6731051068435 9.141246000946 
-3.1161553424155 7.8622029183128 
-2.8247563957985 12.395828878617 
-1.0920624524194 10.901522968741 
-0.96999587722554 7.5524402703967 
-1.3264694201947 10.928603523559 
-2.9844987139154 11.018947003714 
-1.0050347869513 19.863858288407 
-2.301184881201 7.8208049333124 
-0.73209014608108 7.8464463342966 
-2.4099890019403 11.090114787324 
-1.1383906519075 12.376854377361 
-2.8131153691565 8.3106094458663 
-2.8010105606466 10.439475851133 
-2.3477689660663 8.9329740228684 
-2.6925777973705 12.534741487525 
-3.0776057086245 14.121532136203 
-1.5794262953329 10.685372827592 
-1.6859116815821 8.9484764720834 
-0.63380276474471 8.8874696592833 
-1.6532295360894 8.2418262750325 
-2.682597915957 11.192382669671 
-1.9372715655913 8.0052559484226 
-0.97591894053886 9.3881610136603 
-2.1037181306196 8.1999961161274 
-1.5258203274596 13.407840652209 
-2.1383660698986 10.534231928019 
-0.97558029354591 16.641575338972 
-3.0759190542724 10.581990206421 
-1.2895567160646 17.469764393785 
-1.8310528345547 11.962261020754 
-1.657514545248 16.272274067244 
-0.78172747309817 7.5656263196648 
-2.9624815564091 16.678423029267 
-2.070168131303 10.310386517636 
-0.83230773714178 8.680645413331 
-3.0508055683648 8.0385813016149 
-1.7743450181467 15.664081360543 
-2.9328162255617 9.3640862878159 
-1.6301564239598 7.7770864580917 
-0.93484191254172 20.759531008109 
-0.63695195260989 10.399576406837 
-2.2724192269186 9.3970285639866 
-2.2387644910167 9.4050680370279 
-1.6923511136698 15.090802371399 
-2.7640163916686 8.882299940991 
-1.5775045874791 12.152831802963 
-0.99778265212668 8.9446865949501 
-1.9358406252575 8.2050554563855 
-3.155798689411 9.2261249976021 
-2.3522151594174 8.1475137862818 
-2.8406081271362 11.025589770825 
-1.1699368688801 12.424505310753 
-2.9368810790088 7.8046297994234 
-2.8653513336282 18.321204985766 
-1.1612788424341 8.3424064274261 
-3.0535425609389 10.321334648711 
-0.89756646033104 9.4088181450818 
-3.1393957573931 7.6431574593137 
-2.4455863188608 15.16220248237 
-1.4972980240634 8.9243383784211 
-1.8155702142192 9.7563347982002 
-2.324635083631 15.410439240097 
-2.8175553900155 7.5970553705537 
-3.0671091637837 10.605519474543 
-0.83801846213849 11.581688826537 
-1.7248882037894 7.5362478576686 
-2.1888789763348 8.5761269621737 
-2.1569980780905 19.098625756929 
-2.841002383303 11.351833488369 
-1.6346701772739 13.943561752235 
-0.69710878320392 9.9420695429837 
-1.0107227536587 7.5321722935132 
-1.0845724558134 8.314722212459 
-2.0497555580296 11.128755654039 
-0.62042483453007 8.4736557203504 
-2.2890581240629 14.4498053382 
-2.4558271226937 9.1195611023932 
-2.5930459831476 9.7079415479621 
-1.3712493606248 7.4206343685359 
-0.64207465410255 10.859183559933 
-2.4437565346569 8.4414870260238 
-2.6631728462703 14.518926717302 
-0.82295272307457 9.1875990585355 
-3.110920815764 14.557079711014 
-2.8537480033828 12.24521692351 
-1.9708104641083 17.318855440477 
-0.92615472708721 9.5397488363492 
-2.5855977174184 12.384014115368 
-1.441580233817 13.757344577639 
-1.5715455125319 12.238274893759 
-2.6580859678468 7.5647698081229 
-1.8572683306477 7.5005311685737 
-2.5979084247051 8.8405203542523 
-0.73341946803852 12.02740998873 
-1.4721104559384 8.3638376257402 
-3.130188350942 7.9262177768001 
-1.2086119032985 17.284616166978 
-2.0257777015175 8.10005928343 
-3.0263420054943 9.2891962125296 
-2.7072736633352 8.0726399931077 
-1.1188603374819 16.700241913607 
-2.3416360614414 9.2537258473815 
-2.8606536041508 11.186520257505 
-1.4783913663496 10.946169069374 
-3.1568552684118 10.950923053061 
-1.707743472639 8.7615984562232 
-2.408082104965 7.454775440258 
-0.63114456697651 12.983810865512 
-1.9956657725805 8.5664609699444 
-2.4714637284737 7.95283298113 
-2.3327706265995 12.852024306563 
-0.90379484876356 8.7890153152894 
-1.5115003373025 11.62666771044 
