-7.1520998552954 7.4990066675523 
-8.0873599282689 10.538895492154 
-6.3122132105319 9.2431963602391 
-7.8275510095967 11.675002156973 
-8.6608113076537 7.3913956431762 
-5.9812312564114 10.47197332013 
-5.9133539267146 8.500951473205 
-6.7498924509877 13.066979279188 
-6.5636339906868 7.288843740925 
-7.2502555321374 7.4908623121159 
-7.1833145003923 7.8032295754216 
-8.2375327699885 11.149635867969 
-6.1430556731965 7.7022036863551 
-6.5730988738942 7.6839888992624 
-8.6520177848156 9.577611502949 
-7.7819696280008 12.249407608065 
-6.5558623523915 14.333646376595 
-7.0709456204728 10.145308174038 
-7.8071121756243 7.3395103051771 
-6.6099104177775 8.7583251545667 
-8.4994127581356 8.8031382847335 
-6.4557873504183 9.2537482136361 
-6.9230793056734 10.862049687102 
-7.5759683397601 7.8198245356199 
-7.7590947760503 15.748584108888 
-7.1471977048174 10.881367679585 
-8.71953936442 10.6336094461 
-6.4372623787699 7.045193691734 
-8.6232769261705 12.247475594197 
-8.7155187022387 11.347836275382 
-6.3565977772954 10.31478439182 
-8.1971140428833 10.045232933638 
-7.054184152722 7.0980918914461 
-8.6092245640868 7.3294421382863 
-8.6256189819465 7.444227082008 
-6.554582034377 9.7479545401617 
-8.2842154108824 12.071330452112 
-8.191407666188 7.0984992560029 
-7.2896675620072 9.434337988894 
-5.9775644598801 10.630187780452 
-8.2970733855691 8.6486259117026 
-7.8197614445051 7.628896623752 
-6.1792432024458 9.1829299309379 
-6.3674280761038 8.8484178008366 
-7.2730819702125 7.3611627445931 
-8.1575360898735 12.849729024707 
-8.8277965293669 10.540210256385 
-8.5545712957091 7.3421808618433 
-6.1893462709345 10.839007921231 
-6.9667936798015 9.1436533689544 
-8.7066014626093 7.904872247442 
-6.5441669769779 8.9081192935523 
-7.8435431661354 8.6328394847856 
-5.8979873581395 12.166093580311 
-6.3248052829115 8.2637090246941 
-6.1016487938928 8.7460491565634 
-6.9085612191171 12.068282978095 
-7.4473036505784 8.8704254098761 
-7.2888386375894 10.093086182031 
-6.6708918669578 7.1530224382531 
-8.8168292035267 11.634975431703 
-5.9531574603384 17.85825741926 
-6.0827834596802 14.364126425868 
-7.5291871754526 7.8228893038752 
-6.8782491588334 10.250516988237 
-6.3249754737358 7.3433655454228 
-5.9560410656058 9.70212324826 
-6.9095618677306 7.7176653936417 
-6.2006454325849 9.8757523896079 
-7.88555890428 7.2836590383324 
-8.9460729344326 7.6028270100509 
-7.1562754463335 8.1271775562208 
-7.7545907905894 7.723216764702 
-8.3913717239316 11.821618333867 
-6.815454950383 8.6661480339308 
-8.34381752264 8.5067997759831 
-5.9231019517318 7.8414677177863 
-7.0514971377581 12.781574321737 
-5.8864940425875 7.3717272980848 
-6.9246641910554 13.310301297436 
-8.9434448033636 11.548354487937 
-7.807982225122 8.8719967065792 
-6.9588822961113 12.453705737157 
-8.6684683807674 10.606253260716 
-8.2927660440934 10.564308735232 
-7.0455915505409 10.001112257526 
-6.1170485536323 8.1164008672589 
-6.8836715088386 7.0307092343341 
-6.5835609306002 8.3761329209494 
-8.1652324123744 7.1827709856879 
-7.3081274977565 7.2319256418952 
-8.1715644621192 9.8886646122674 
-7.175432091777 9.5318144572064 
-7.9017485441859 9.1780209291689 
-7.4788636872616 16.943402299369 
-6.0075465091849 7.2697966803075 
-8.7196557561556 7.2946135494775 
-7.4065311885274 7.6651877524102 
-7.2209030434866 8.3111537058119 
-7.1321083102896 8.7631821553579 
-6.2103815657833 18.849379707787 
-6.4642027147179 9.1189119116663 
-8.5496127717232 8.9220340548525 
-6.4743626649932 14.397979635527 
-7.5357632538231 10.57743680213 
-8.1147806434206 8.3078501578247 
-6.0905855544287 7.1942887858498 
-7.0463290864487 10.128876857 
-8.721076525941 7.6382835020695 
-6.6872845294238 10.361150983177 
-6.11382934744 10.755567373371 
-8.1798815597914 10.463333403099 
-8.9198526906696 8.4717677871004 
-7.2235243401591 13.437136061839 
-9.0028301009828 9.5827841938515 
-8.1494258634272 16.797371201349 
-7.6655020228522 13.598003678611 
-8.7529554217651 9.9627318149939 
-7.1835119014152 10.753596890302 
-6.7637406238512 9.8804639252241 
-6.3435533492717 13.729820134476 
-8.8496118078972 7.7035427036046 
-7.4325394456373 8.1332430547215 
-6.2631944153541 9.5851287682382 
-7.3715936032409 16.517679170241 
-6.4661225884834 8.1708440090037 
-8.6681081897422 8.434372036738 
-7.9071006784296 18.470152916188 
-9.067946744372 7.2100545655801 
-6.0186040001124 15.676778842608 
-8.232369198061 9.2186206829912 
-7.3667153630722 13.530607069715 
-8.4508669930416 9.9165909746985 
-7.5288952132555 9.3279621834118 
-7.9611415521597 7.630769608221 
-7.6693421036069 8.4597350069609 
-6.8642405718597 9.3982365496692 
-8.9871765764091 10.046055290873 
-8.6767006198649 12.70523547141 
-7.0550125923834 7.2377438458326 
-5.926066556466 8.0108697367055 
-7.5696908639882 7.3386005002405 
-6.371385880289 7.9963850499612 
-6.1874711560267 8.2577480227609 
-6.651628376994 7.1652561968232 
-9.0016666660029 13.86922044335 
-8.110825501982 14.15576701136 
-8.8946634917519 17.1484391484 
-7.7131738688896 9.808935757285 
-7.7666032815585 7.0596359649859 
-8.3900408524612 9.2297633264943 
-6.2955178837639 9.9276038416339 
-6.3148011944203 7.5286497312666 
-8.0390537983296 7.5307593483906 
-7.1045669181869 8.0641990962435 
-7.4054594064134 14.595187216612 
-8.7467348463715 13.082360766497 
-6.7443162016882 7.5670713905697 
-6.4881412608221 8.1167889147817 
-8.9778071775431 8.0680628284649 
-8.7667908955067 16.592468247274 
-6.2539996826586 13.785329042487 
-7.4498056280219 9.0753108446863 
-7.711670033486 7.0389024461126 
-6.9840973088543 7.6839823161035 
-6.2689467185901 7.8880594123785 
-8.6437345608783 9.2045837314563 
-8.3511551489852 16.666758249216 
-6.3043187691735 9.7766978698806 
-6.1832413967194 8.2936976869546 
-8.8014195119677 9.281270113464 
-5.9080705353709 8.423561640394 
-6.0296924152304 7.1348175647673 
-8.7687687700917 10.464538225402 
-6.5373725603099 10.862464555694 
-6.4865259614122 7.8719095286131 
-7.1517670488039 8.442010415802 
-8.3889116006171 7.6656735159451 
-6.5213622675666 8.4871024127248 
-8.8066612728036 12.754906353289 
-6.6989614418823 17.59192954238 
-8.0365742353717 9.9336506948159 
-7.421918883709 13.446020610565 
-7.2008201953306 8.9394119296882 
-7.6459703399555 8.6003565398122 
-8.8740898630941 8.4397639688654 
-7.2903338419425 7.5279846102548 
-6.6588049309448 8.4199475356298 
-6.9895111493543 7.3960402532469 
-7.9285639106207 8.5688341582242 
-7.8918529580532 7.6670911740526 
-8.6059240223316 10.686968440505 
-7.0164334039897 8.1294286186695 
-8.0856745767424 10.022999012281 
-7.9344652049284 9.2069371812253 
-6.930199031765 8.8406792117245 
-7.7630569639258 7.6936762630443 
-6.2437207686211 8.4335663251095 
-7.6847219938243 9.9632743840013 
-8.13655065391 7.4286403907175 
-7.6645560227048 8.2162470906659 
-7.0273769424074 11.631309557759 
-6.812794994911 9.83010833338 
-7.2007709146318 7.1766129350639 
-8.4488966525457 9.9534379175472 
-8.9871208559 7.4324579504114 
-6.4496503613907 8.2293545499613 
-8.284113579697 14.415446561836 
-8.4903200532557 9.1677662641582 
-6.2851192245318 15.049848705121 
-8.2118078531151 10.601609044375 
-6.4445757606994 13.077943177015 
-8.1199261504966 11.605078723514 
-8.9071986520645 9.2771603843382 
-6.1113012513645 9.0229367641179 
-8.2859355895649 7.3621132122731 
-7.5669345525431 10.335180527945 
-7.4442977353781 10.10438604012 
-6.3208329086047 8.8347896992973 
-6.9206454202024 13.448160061108 
-6.5791293923659 10.721709601787 
-5.8891700537045 14.57446479373 
-8.7826504014049 10.300563678778 
-6.2173942177352 8.2434810192099 
-8.6464100022668 7.2480197830199 
-5.8933108667988 7.1029793764873 
-7.0944891379607 8.3827523950002 
-7.1173503985928 10.37872087072 
-8.4059729937665 7.9902741143337 
-6.2723908637068 10.074782870823 
-6.1254282364353 7.0642031279508 
-7.4689233245575 7.0756489730283 
-6.703323968298 8.3465372122603 
-7.4639292608235 12.916165556815 
-6.3852743767315 11.885383015096 
-6.3356565672858 8.2911154904136 
-6.4579314365033 7.096582768889 
-6.795395741629 9.5888761947854 
-6.6661123694841 10.612105234627 
-7.2828171035714 8.4135778190758 
-6.7621075061097 11.037049195769 
-8.8213310696411 9.1305401802791 
-7.2215324276945 7.6685139795639 
-7.065869718991 11.36421625905 
-8.3494170794946 10.544025400209 
-9.0942595050627 8.372209816536 
-6.2467585085455 11.961761590363 
-6.8109453227284 7.314910893173 
-7.0955761456525 10.533353867847 
-5.9175147621732 10.603238075283 
-9.0259412790523 9.921460281733 
-7.0490096057031 10.169921567662 
-7.4242183503199 8.278370338301 
-6.0679361820529 16.314901980201 
-8.7559724609673 8.1755369642506 
-6.0550251170939 7.2476436864269 
-8.3726401561495 10.490341491997 
-8.4666682615129 8.8497911170956 
-8.2210716619493 10.263072560977 
-6.5381090861001 17.749836483495 
-7.19729582427 11.774882524541 
-8.2244215444594 12.450115662309 
-6.5699545227684 9.1256312813236 
-7.2155898533354 7.5624749492494 
-8.0847473084811 7.8611485762691 
-6.9766124498883 11.337285358085 
-8.4247681793595 8.2151257099108 
-6.5970079290769 7.3157563700591 
-6.3690731910189 14.590429297088 
-7.0098278381533 10.898323097664 
-6.8003742451277 8.1451180106773 
-9.0067141749774 7.293426825804 
-6.0009724139182 16.376053700587 
-8.0951663802937 7.8847226092572 
-9.047258032088 10.54986088436 
-7.1421585172368 7.1450090619087 
-8.6674544310545 7.7451077301294 
-8.4520966299394 7.0632401820025 
-6.741833412327 10.548686804541 
-8.5888651925885 9.1518503941968 
-6.1197083857593 11.037952146788 
-6.099149336064 15.58297085233 
-6.4436225096673 8.6858097946437 
-7.3284061417533 11.968879743735 
-6.2362675343894 9.483143878449 
-5.9991448266585 7.3479640626008 
-8.9772185505463 10.613083696559 
-8.5286673311776 10.639080375378 
-6.9610543540685 7.7456454990499 
-7.7141713882509 13.952129187854 
-8.1230386004514 10.162132046058 
-6.5908959174271 8.4807468379576 
-7.0454143563352 9.0609419950464 
-9.0956023591939 8.8695445075557 
-6.1215863756675 9.5039596593477 
-8.2984938305833 9.0273466267066 
-6.6597983208694 14.63531870845 
-6.7295203261936 13.379664975744 
-6.0860586596841 7.2576133282145 
-7.6355877241102 19.389409765924 
-6.4754387363596 10.185717800904 
-7.7128436356098 7.7851892378894 
-8.1630323421085 8.7835074021844 
-6.5948503672395 8.9746537900556 
-5.8704089105723 12.013029007626 
-7.4228149507457 15.180599198558 
-8.1572828374364 7.5707630832524 
-8.2262795366722 8.9178265360301 
-7.4713526766837 7.0839376494282 
-8.0152360008446 8.8970734451062 
-7.4648628812255 11.63737302636 
-7.5641738184815 8.6215228726923 
-7.6048874204627 8.5961369098555 
-6.660647498395 8.9286111843062 
-8.4336078403426 9.556547751378 
-7.2220423281614 10.586151054048 
-8.7804734600435 12.816943338186 
-5.9380432295625 7.1630149780783 
-6.8533999362859 11.23238575122 
-7.359288834934 8.7518561314116 
-6.1982312183215 7.219769843608 
-5.9956488967917 7.9596122428116 
-6.8498367863938 8.3933485963266 
-7.1843956899265 9.2838484886198 
-6.747218803045 9.4843545345213 
-6.5916410505666 9.5620101472959 
-7.5843588415266 8.794685140487 
-8.7917205879917 8.529091573582 
-7.2847494198194 10.64091299594 
-7.7501928878452 7.5964916227207 
-6.0575107290608 7.1768883327701 
-7.2849940077349 12.867206536725 
-8.9766541473617 7.6274132365482 
-7.3011115750819 10.005302231039 
-6.4333115417719 17.026771436312 
-6.3440865184354 9.6384394508244 
-8.9183756423261 7.8282103657415 
-6.6314087658136 8.7039010765516 
-8.0550057487 7.9781310528401 
-6.0498726719167 8.6677239997527 
-8.7802196506348 8.0259027472737 
-8.3271939151844 10.128278286194 
-7.2849533628951 7.0510404231811 
-7.0813274610497 7.2024076789445 
-6.6013838952623 7.1306990316221 
-8.4498173502016 8.9639190076677 
-8.7963834610287 7.8931854679452 
-8.2373521930554 10.034432622433 
-6.9288341118846 7.0849960496376 
-8.9102915694143 7.5687910138721 
-8.3618063733455 8.2699129294196 
-8.6506443712916 8.1992893407814 
-6.0382774141203 11.437059232427 
-7.1170526722789 7.3727945946866 
-8.6642897265922 7.9615168744035 
-7.973890628261 8.662924673809 
-7.1091248476511 7.8415429286048 
-8.6519335388679 8.3119483310079 
-7.889341810629 9.4994479120538 
-5.8694182202427 10.20038380552 
-6.5785566763434 10.008019747727 
-7.0203301318644 7.820647677465 
-8.9807644259584 13.008943094012 
-6.0058389144942 15.973805951896 
-7.4952872320418 8.8162328187844 
-7.236484969579 9.5364355586812 
-7.2950224449902 10.93510072798 
-8.5495117123285 10.032104181054 
-7.7489880424795 11.39905996509 
-9.0543990259858 8.4894743712363 
-8.0920722095041 13.824344545104 
-7.9891733034377 7.3067345547331 
-8.1566468420385 8.2068225153919 
-6.3961845923958 10.059904826268 
-6.7206183948556 11.148005106721 
-7.8985379847591 7.8825174261693 
-7.3788092885282 8.6109175036831 
-8.9599795212158 7.6147154957839 
-8.5299100103089 8.3901961738144 
-7.2001298306448 15.460446380408 
-7.9338724637428 7.7118702086548 
-8.3369115074094 8.2001925157383 
-8.8188765791449 10.052612356924 
-6.3984883455382 12.143663089105 
-6.8317279967918 7.7706456630494 
-9.098240206534 10.644388958656 
-6.9816109976293 14.022305542544 
-7.7846149155398 17.699557703673 
-6.0308499552445 7.9344324147929 
-6.4024803624864 14.03248627735 
-7.3354518810737 14.279030683088 
-6.6551918687187 7.0806146829287 
-8.5615240948828 9.895910672926 
-7.9610714052219 10.244862069147 
-7.0198593634355 8.9910641121903 
-7.2646384717393 7.5065278884435 
-8.366996216077 11.03721214759 
-6.7820457652936 9.7747735227531 
-6.9643638566705 10.373003697244 
-5.8903391188797 10.239774293172 
-7.0713938272533 9.1726894252568 
-6.2361174786963 13.327435729331 
-6.711206357739 9.065086696518 
-7.5280912211392 12.084959505373 
-8.728066719269 8.6040452807754 
-8.0360831760839 9.9412128107229 
-7.1167524901285 7.8350077658602 
-6.8624475064053 9.8335726251488 
-6.83926875127 8.9125154467109 
-7.4757497674091 12.736237582608 
-6.9194351867021 10.018212288552 
-7.1803140299226 9.3114128489372 
-6.7931157839275 10.007098005372 
-8.7947904825584 9.3991600907547 
-8.8592989476081 13.604553114437 
-5.9980436659663 11.25619241407 
-7.8830058184751 11.727813813698 
-7.6705763326239 10.645639420304 
-6.9722023900939 8.7577711040266 
-6.587909513122 9.3839644196881 
-5.8789153358597 14.015453676677 
-8.0460861042862 9.9674252301068 
-7.836804999132 7.9435398647403 
-8.510687379797 7.1087958349882 
-6.042821574626 7.6271741287703 
-8.1405590142048 7.1723617394286 
-7.2423162281839 8.2716165913168 
-8.8004342511841 8.3811029511108 
-6.8507801584421 11.104068748796 
-6.8254755203091 7.6097310629563 
-8.1348116265265 9.0130503973345 
-8.7902474328666 10.778160855602 
-7.9282195487015 7.9839290705819 
-7.9300825974323 10.658744636139 
-6.9813000665742 11.149898560061 
-8.0289291554797 7.0704599785655 
-7.33592708854 7.3307147541423 
-7.8218661200246 7.3439236610385 
-7.9163325823077 7.5199954145894 
-8.3422798471976 11.09661935551 
-8.7236671777116 9.656271564216 
-6.264597240924 8.3444556353723 
-6.1266903695311 7.5725846007458 
-6.8399531238635 12.420284103328 
-6.5639569808356 14.624328715766 
-6.2392319815955 12.183165850578 
-8.2323130699578 7.1642450332008 
-7.3129791234259 14.811515930916 
-7.3907781959641 7.7676149259745 
-7.2198850359115 11.393652740639 
-6.1830624514419 9.6317904709225 
-6.2789901980815 8.1078562119249 
-6.9999168688437 10.60092602675 
-8.5281706173372 7.1796147884066 
-7.9737967761332 7.3226606460963 
-8.0435540541752 9.3461702654164 
-6.4689402173448 13.873161910319 
-6.2888123478543 8.0962766187817 
-7.2255315360886 8.0863989869351 
-6.122113018145 8.3090946614353 
-7.4921395302954 15.41014895232 
-6.6359079715213 9.3840824185957 
-7.6964778273843 7.2676906602974 
-8.8366417549566 8.6404563936316 
-6.0531575585388 8.5522920159038 
-7.2243658905698 12.135712315454 
-7.5150704949839 8.9160362639785 
-8.6732380715684 7.0995996056405 
-8.357131271175 7.5326191811464 
-9.058010606084 14.662751689022 
-7.5342138157362 7.7211992598762 
-7.5376543395402 9.3126401559361 
-7.8171825520504 13.581728577307 
-6.1983436824743 16.349918908364 
-6.8912080072381 8.3549866067173 
-6.0987011715205 7.7942769424379 
-7.7160814093152 7.4962242953128 
-7.6640985604119 10.987249092647 
-8.5851629562199 7.662495952192 
-7.4482882405866 11.156140524359 
-6.4023493818931 10.009179591295 
-6.271373698661 9.6596449269524 
-8.1757453084147 11.211617176327 
-6.7473621564204 10.954668452198 
-7.3468456995193 16.362628407792 
-7.055362529686 9.5245228247504 
-6.8717290571993 8.4378239410646 
-6.7323438396974 9.1992892732242 
-6.9846751279285 8.4408064649446 
-8.523769552458 9.0625948574881 
-8.9490372006475 8.1760231561843 
-8.5488950559056 10.702640006672 
-7.8514564312657 13.327545910991 
-6.5457655579674 11.828652232465 
-8.9653138683095 10.490379355808 
-6.4063419372174 10.49196432906 
-7.973064785178 7.4974298454167 
-6.8212358619379 8.9030321751947 
-6.9986676370407 7.0605772632591 
-6.3962626608757 8.7648180106163 
-6.2668705229322 9.4486104316456 
-7.8693850030533 11.155488120201 
-7.9954110629708 9.1641927963714 
-8.9553472362364 8.5014737074709 
-8.7708907604641 11.48915305643 
-8.1191265663624 8.0292308171949 
-7.6826551732268 7.2666156365865 
-8.484276042603 10.432691691103 
-6.9278434797885 13.04595013209 
-6.4869139839016 13.627936674606 
-7.2473864066096 7.8029493313099 
-6.2758676453085 8.3418666826913 
-8.1146700200166 7.6626400334545 
-8.4549110695285 13.500208034999 
-6.0257692142835 7.3136045586235 
-8.4133678493479 7.8190833463152 
-8.4889311938697 10.161049826112 
-6.343343116797 7.0433483970948 
-8.1726781752992 9.7911875090836 
-6.7624113682086 8.1809756166482 
-8.6758825259538 8.2428555493231 
-7.0224459006717 10.02083650185 
-8.3174187848601 7.2055876303642 
-7.1995411773882 13.451566623824 
-8.815645305058 10.426819236942 
-6.110569231459 7.4132763774033 
-5.9505081118031 8.1286555151406 
-8.8756659169989 8.6948280216068 
-7.5183526105744 9.9359707914313 
-6.9022673311558 15.343790634708 
-8.2428924196654 8.6065028181108 
-6.8952888351718 12.910132563078 
-6.5181999670517 9.7129330175003 
-7.0412335312963 10.535839329563 
-6.9786142382408 8.3100468402641 
-8.2162792721671 11.628150711176 
-8.8812889000102 9.5841590576132 
-7.8178697842369 15.332817222471 
-6.1993665062386 8.9047027227338 
-6.0031872558427 12.54629000376 
-8.0640981960789 7.5568159714047 
-7.1014240848508 13.58401687333 
-6.4239028547094 10.85759826949 
-6.1004044979538 7.3774452398509 
-6.4133199305892 9.7433886628966 
-7.2422735999389 11.036735562437 
-7.3294375803811 12.546821877629 
-7.6457009761025 10.20967472607 
-8.9675039773109 7.9397802897095 
-7.0091423689967 7.1954565895425 
-8.6469949453124 8.313430444028 
-8.6452061438795 13.814965483798 
-8.5654487942672 7.2295973802203 
-7.9541523462108 11.259736149717 
-6.6460354058156 15.44566019466 
-7.1830190923175 12.797639719066 
-6.0088945196572 7.9477279574033 
-7.1252451936795 8.4577758406938 
-8.1627705577756 14.243676028964 
-8.4348968997038 9.3049586212016 
-6.6315656622039 10.984552252608 
-8.7859604009342 9.7469726673882 
-7.3857822706115 9.7909887631996 
-6.9120001527452 20.549999229411 
-8.2482509903619 8.0542333463235 
-6.336809234485 11.207833674247 
-6.7638751768799 12.656540794881 
-6.5085995581363 9.5808271403723 
-6.0961302296339 10.952440046221 
-8.9798534100747 12.839808014448 
-6.5002032233714 10.893483466564 
-8.790154661122 15.417988880081 
-6.3436156750327 14.477914881232 
-6.6970778284872 8.7550995608608 
-6.7263646096092 9.1926088620324 
-7.929436469787 10.8073145462 
-6.8371903204949 8.4137258010494 
-7.1490402026955 15.803422321403 
-7.9161802803738 10.626796777469 
-7.7433041172081 8.179795517355 
-7.6864386319249 13.209199955829 
-8.0532986213738 8.315881420673 
-9.0000708341199 12.376237120232 
-6.0334437981401 7.8883598524204 
-7.2810691411743 9.2752177664169 
-7.9130336575065 7.6083106823282 
-8.1459386640453 8.0703139784701 
-6.3850558191014 11.210799274366 
-6.7537918653142 11.167031612019 
-8.8394615675953 8.8133457397976 
-8.6982148342197 12.892353200898 
-7.7862890733207 7.6519531486874 
-5.9404861151056 8.4599552270235 
-8.5095540418731 9.4313358990375 
-7.5589421325887 7.3721921551803 
-6.7301176510902 8.0532158178443 
-6.7869490138849 9.4919327108851 
-7.965657681722 8.1904863770738 
-8.8744595449449 13.1911506059 
-6.2520737256005 10.839136533003 
-7.3427240774036 10.50325494644 
-7.6946526775209 13.268981161444 
-8.9377565506899 12.984417947371 
-7.2528948649337 8.3978665747028 
-6.5736991260009 9.5207426659067 
-8.512553662748 10.325579671245 
-7.8663619810049 8.1580037910687 
-6.6229103714549 8.6059308126682 
-7.4392936999568 9.3350259607669 
-8.6675300378137 7.1355831298815 
-6.3365303693384 15.565212547209 
-9.1004361447355 12.163218137828 
-6.5626970716392 10.867925774497 
-7.4492298505395 7.6910844464728 
-6.746349642525 8.3488308944322 
-8.9125473038818 8.9878697634969 
-7.1878390758714 8.3265351866715 
-6.8500712314055 10.950705399421 
-7.7593809779487 7.9543684999656 
-6.5889598794077 10.912421167787 
-8.3177952516888 9.9995209667434 
-6.0530707545216 7.2410104033692 
-6.9169809252422 11.122525505388 
-7.3625678709001 7.1452135701611 
-8.4795839944562 8.0764500382819 
-6.809451371787 10.712233274682 
-9.0266585026878 10.624030185548 
-8.579449872519 10.313236005734 
-7.8127072147657 9.3716359351839 
-5.9122445557733 7.8527433627713 
-8.130683444313 13.243128867867 
-5.8652452712046 7.1286077317592 
-8.5494573670371 7.9056917090011 
-8.6366187317132 8.6745321135373 
-7.3726479850305 7.2684359419554 
-6.768959702286 7.075605517528 
-6.3408359692738 10.569084714809 
-7.3162545373781 7.7960517596067 
-8.7808320959312 7.0844452157905 
-8.3059941627509 12.504127634171 
-6.6259569882537 10.785122452929 
-7.9580128299599 9.1200224021452 
-6.864755455064 9.9137001599668 
-8.2118757711235 10.309530428654 
-7.0037037791884 8.6982131176881 
-8.0609783683567 7.1917093724915 
-7.6446939424705 9.4100659116268 
-6.2718448119984 8.3529864783858 
-7.6459919386728 7.2680321620834 
-8.6854938270453 9.7283497408947 
-8.1606597395905 13.498190239287 
-8.5882235447429 15.631708958285 
-8.7464388773822 10.529493629332 
-9.0969103221796 13.381266895702 
-8.4401589490753 10.35175804916 
-9.0617449240802 7.0548924872827 
-6.0916818986494 7.3049774942608 
-7.9240375807988 13.919282953574 
-8.897660764227 8.056742448353 
-7.0699574349234 8.4629444292218 
-6.6565111779145 9.142010431308 
-6.6951396214253 7.5061262820887 
-6.8467009752681 14.504903933416 
-6.1070962630303 7.6177103130897 
-6.9744652711965 8.8608391974816 
-8.1471879672108 9.542722396451 
-6.4101995762732 8.300068435336 
-8.071506265485 7.1309224920552 
-8.4525876795393 7.3610697725606 
-7.3148324485324 12.639442688355 
-7.7675479281744 11.432364943698 
-9.0167661036193 11.985018035123 
-6.6201149076656 17.67452302094 
-7.9640640165564 11.881116467912 
-6.1427844407323 8.944404586533 
-7.5031127727131 14.693585095982 
-7.8022677204166 13.112911904205 
-8.4766986787949 8.0436190308177 
-6.9881457234206 9.5452372526005 
-7.8491250484478 9.3040248517662 
-9.1089928172648 10.255483745366 
-6.6237878336174 13.667632223158 
-6.8045725276592 10.016129412779 
-8.9347142190053 10.129909146975 
-9.0689197557216 13.698207072613 
-6.4988511801338 10.262034927563 
-6.4945725499243 13.688183628481 
-6.7112933266654 11.909091567526 
-6.1998797703195 8.0464342196928 
-8.6687597902575 7.4344182075786 
-6.9070990866097 7.1931263022974 
-8.1847288701768 7.2084158548353 
-7.5129170130369 12.776055348833 
-8.5517147384522 7.609984122023 
-8.6116784153972 11.827672167637 
-8.848395084048 7.6059586477491 
-6.5551803691046 9.0443569887222 
-7.2975199885775 7.3459941963041 
-6.0151669853845 7.7214194460083 
-8.3303160887098 8.8529305640181 
-6.9696334479557 19.273711585003 
-8.7192544063806 7.554654436436 
-8.422965548267 10.617621327256 
-7.5135817991134 11.718229495092 
-6.1809020351645 10.820643119332 
-5.9362413825506 10.330946995858 
-8.1193652666368 10.76291875651 
-8.5977477436997 13.102891123892 
-5.9044616475861 8.2779991140716 
-6.6172105617777 7.2768413005486 
-6.4647100280388 11.455507925241 
-7.5371251489978 7.1236843614366 
-6.4064348734059 9.0433379420616 
-7.8029600370676 11.099126456422 
-7.0824481490898 7.7984001040211 
-8.1328543130591 12.439525218979 
-6.2772195978505 9.1001056477325 
-8.0772068332654 9.9373177312171 
-8.5053819735153 11.477676621145 
-7.2509155002717 7.2357069635713 
-7.1021775082052 7.210698473786 
-9.0134354584681 10.528711706667 
-9.1077382766144 10.920738347485 
-9.0135140404852 9.7155485870263 
-7.7999889814634 9.5970040752425 
-6.3353449322878 13.355172654232 
-8.268666618609 7.0396543655564 
-7.0914546118212 8.4584378073998 
-6.677562209195 8.8698622472843 
-6.7078126135635 11.781187434268 
-6.5576173458895 9.670557371875 
-6.0984357229204 8.5661232174938 
-5.9159121210939 7.2246087780631 
-5.9508991918496 7.4214682798759 
-7.8626016325959 12.771041571691 
-6.263809137433 9.372508568568 
-5.8942109757942 9.4397705713175 
-6.042890538406 8.8155455338948 
-6.2353477321751 8.6631541542708 
-7.6345946448375 18.121427646279 
-8.4946113800697 7.5571134361856 
-7.8377066083832 11.33557155544 
-6.7183799275386 8.6715721784877 
-8.0227890969891 10.452243337886 
-6.6379117034284 7.6593941932958 
-6.8869078530343 14.460930788183 
-8.7092331504863 7.584160463835 
-6.043722212326 9.3361748983495 
-9.0005807612784 13.099549431095 
-7.4434723797906 11.0289945965 
-7.7743355684771 7.3501150035918 
-7.2088228025097 17.075528397519 
-7.4716567592614 10.175435026176 
-7.2013801485173 7.4197347298333 
-8.1619641863423 8.0452318783502 
-7.0451459403918 7.5107026667513 
-8.478934759941 12.995833377051 
-6.8609987498192 8.9407851026669 
-8.2201222936641 10.55787792401 
-6.4991463231164 12.329721910515 
-8.0605627400506 9.3711388672772 
-5.9396407506117 8.4991326899499 
-7.3291983690577 7.9600613158007 
-6.1348428123693 7.6372291449802 
-7.1843546664963 7.911539656505 
-6.9025937382699 8.1806278021484 
-6.2530521686357 10.372959790294 
-7.2058198375805 8.6793104182585 
-5.9244395212041 8.1588579502527 
-6.8515988850239 13.280334702753 
-7.2926952037159 9.5144763911992 
-7.1210601277287 11.052804891785 
-7.5318796187278 11.90625800711 
-7.3201915798197 7.5818603666408 
-7.1254827278666 7.3895851283165 
-6.7727639025539 18.826147264421 
-8.0114360286062 9.2310986877943 
-7.1489467120989 13.395410510955 
-6.4980219551802 11.152054883195 
-8.983176834706 11.288230991588 
-6.5654133609404 18.185877409211 
-8.9682546281341 7.0779883854095 
-8.0421515350209 10.254551903517 
-6.4521885799987 23.032246437647 
-5.8986610690737 12.67554713914 
-7.3878202006595 8.1439782209846 
-6.7407749624804 12.121935205712 
-7.9525887876093 8.079646815795 
-5.9134819225028 7.1778046744882 
-8.648251270316 7.236183442226 
-8.5916817436766 16.078667305673 
-6.5300896003655 9.1170238697742 
-8.9429049876756 8.9905447814107 
-7.214823308955 7.7336783656744 
-6.9312943372317 8.6033380869273 
-8.4950999190999 11.980269802452 
-6.1763621783855 15.458186161755 
-9.0837397329507 10.484838827931 
-8.3505255381247 11.275710657451 
-8.3715591640497 9.5083959622958 
-6.300215585966 10.554113532419 
-7.2416357326095 7.9617512394719 
-8.809093604308 16.019781888002 
-6.2816544155978 8.4051143953922 
-6.9981346235471 8.080691465439 
-6.3532625946716 7.9482673072338 
-8.0967371620632 9.8766907233995 
-7.8337582310072 13.034928039288 
-8.8243034590261 8.7045267822782 
-7.6978900461371 8.3561353550558 
-8.5050571984363 12.672513771475 
-6.3584377166153 7.7434160766603 
-7.1002716916484 9.0329975112196 
-8.5040185197999 14.117871360215 
-8.8619925461618 9.9920884033427 
-8.1111657583835 8.8125417937663 
-7.2608679368596 8.6181481202019 
-9.0048140753444 9.7733910687829 
-7.1228929175794 16.652414870007 
-6.7980216671105 8.7390662200652 
-8.525989257021 9.5746677422248 
-7.1076306424077 12.017187721136 
-7.1119051014773 7.6523617742917 
-6.907848206233 7.3709228000108 
-7.7662483892725 9.6820013004123 
-6.8941735878378 7.9768518401419 
-5.9574903314168 12.504476724379 
-8.796078503042 10.92542786645 
-6.5583282844734 7.8722805138856 
-8.67109405037 10.242926221545 
-8.997657061409 10.921076560086 
-5.9295891353167 7.683857421858 
-6.0034715416266 10.97273667166 
-7.8715169237676 7.4720957842199 
-6.489393491994 7.2360267913189 
-6.8684170689914 8.7233794079169 
-6.3150377670277 12.17738410395 
-7.2874654404823 9.9733777781843 
-8.902701228339 11.681937620802 
-8.9584883602563 12.323076415104 
-6.0170163442728 10.825372487535 
-7.7124680975898 10.727526151381 
-6.5332674333997 8.8295554668281 
-8.6396615081181 7.7750598949853 
-9.0940424993683 9.126342252532 
-5.8900320846249 7.0762808737975 
-8.6825729340057 13.866477850355 
-8.508164408702 18.670040756514 
-7.3409912924053 9.553995759435 
-7.6928642436001 9.4517655896302 
-6.406362946531 15.515017016508 
-5.8975899398335 9.5020953686975 
-8.3386922840041 10.111391454146 
-6.8426499013113 16.058197612293 
-8.3373846704646 8.9946548895155 
-6.0856637557099 7.3288461642697 
-6.4725285960201 10.672158410222 
-8.5555839175949 8.7072570349306 
-6.4943881944045 12.778350296728 
-6.4976614317474 7.0562478527827 
-7.7025504504511 8.0433004119947 
-6.0244882612081 16.233886514413 
-8.2242461877294 11.773230529961 
-7.3611330842656 8.1577927286402 
-8.4092379923436 8.1148508070776 
-8.4216891192911 11.187277741282 
-7.3333886609048 7.4888307923727 
-6.6832836066062 18.054769947713 
-6.8980127458506 10.608413797906 
-6.2932691260744 9.4463120151493 
-8.9780565907093 12.713897628561 
-7.1918910238436 10.489678318023 
-6.7902128731952 9.3236356168921 
-8.9906387665044 7.0793827771909 
-6.9739439595225 7.0401495388218 
-8.6254232700068 8.6331229747826 
-6.4748406816164 10.469266004507 
-8.20487385904 8.1628814425242 
-6.8745212139828 7.9782242464737 
-8.8844715699884 11.51287772677 
-8.8082272240112 10.992694311192 
-7.7907822716129 8.8077313336484 
-8.1858323983963 7.1879675976699 
-7.7646930105295 9.3165574037592 
-6.1324951894022 10.401898563761 
-6.1396023598971 10.173619804539 
-7.4032936695144 9.4783515066433 
-8.7441547364852 11.12625820596 
-6.218511316147 13.619340698489 
-6.3707078773403 8.6417283778045 
-7.34972316807 7.1040348270396 
-6.5701909792949 12.082321310973 
-7.0727401014775 7.2090438820901 
-5.9842288244625 14.497929833491 
-7.9304372877585 9.5175300263644 
-6.0502736781067 16.296690598314 
-6.896191092722 14.95614884412 
-8.6467047239318 12.288921951133 
-6.4040411097547 8.9679795493842 
-8.1440496929069 8.5166651189718 
-7.9201567098552 8.8199586730993 
-8.0370740797262 8.877356100934 
-7.1289177980608 8.9323972711047 
-6.6521738079017 11.11529044596 
-8.3102678790199 7.1595330109319 
-8.9588907554274 9.5065120171789 
-7.3980087784481 10.495413061684 
-8.7225396607109 13.239195328396 
-6.4954160497811 9.5496562503993 
-7.3084963454889 7.0603542376374 
-6.6529369185047 8.7245858627234 
-8.3945030668377 13.295861246719 
-7.2286662252664 9.1738870783191 
-6.7570869906768 7.4620205046407 
-7.5285401473635 16.777114687562 
-8.4167896557919 8.3976043175644 
-8.6089035183695 7.0775742767951 
-9.0841745367384 12.245925475873 
-6.1669179487264 9.1952335414899 
-6.4309236835225 9.0944596333487 
-6.1483846242389 9.0056901615779 
-7.4246909535136 9.6327464496041 
-6.9214075736004 12.847432532559 
-6.9074033845414 7.445121691109 
-8.03238197384 10.960167133078 
-8.8265533766858 9.582005918207 
-8.4367058097654 7.6337269981063 
-7.3474705611994 9.4354806496994 
-7.8125375675615 8.2792648155745 
-8.3339333483244 7.520714594272 
-6.2291548383174 7.1742275308181 
-8.983810185971 10.510198193662 
-6.1369558441116 9.4983887683089 
-6.6977647017008 7.6213243386681 
-6.4519978875712 9.8632972388966 
-7.4239876595707 7.5252841658819 
-8.3168415882781 12.431250906629 
-7.1641546101593 9.8740699677196 
-7.5373215445132 12.93082990426 
-6.2711108397612 9.3342914508454 
-6.9446954049104 12.022700754112 
-6.4954944541667 7.1346041046221 
-8.444207807838 7.4798736727325 
-8.0815709954435 8.7948770766261 
-6.9948789491339 11.733887823858 
-6.9614885314432 7.0416598784272 
-7.3413064427553 9.7668569766592 
-7.6016654252445 8.7839752855977 
-8.9993861900864 7.9329381324277 
-7.6459437211292 7.5158292354833 
-7.4474209199301 9.659551339735 
-6.2748274630783 7.5878582292521 
-8.0713344042544 9.348926734772 
-8.5777945650119 9.9627901682924 
-8.5919378663489 7.2839154328416 
-9.0658914083493 13.317023205811 
-6.3084455975737 7.336474444047 
-8.4687450976255 15.973821528791 
-6.7488563870131 9.4872509046042 
-6.8150909934258 13.011472962671 
-6.6504875023417 7.965725287574 
-8.5914501301705 11.923266119179 
-8.4506521217127 7.1956628911537 
-7.2300490710954 7.9313219763619 
-8.8465866918784 8.1030902074628 
-6.9428825624906 7.7106486031937 
-5.9603548320057 9.0712339107763 
-6.3205873862116 15.264560382831 
-7.7732588298761 9.3457708480228 
-8.864100051301 9.0980548376559 
-6.8956797975273 12.451439869914 
-7.8224330004999 7.6773654461971 
-7.7621346526599 9.5632255340902 
-6.8651192594637 16.094624280611 
-6.1565145374932 11.267301941527 
-6.6315409570024 8.6945968657005 
-8.5784305059186 7.4472737023031 
-8.8390386720954 7.4091180579574 
-7.9171707359118 7.1085415642565 
-7.4414630968936 10.409982152229 
-7.7284495243651 12.016133042301 
-8.9298034669275 14.394246059192 
-5.9069864737952 10.27472475485 
-8.3604753985607 20.00800232101 
-6.2281529253918 10.843578121739 
-6.7653356609722 15.20727813725 
-7.3182571174633 7.2509451905627 
-7.0984686737957 7.3418717683948 
-7.4270592917519 9.0622275670685 
-8.9246218196919 14.577893217824 
-6.9479656376492 8.9433226587763 
-8.2663807917077 7.7411642925149 
-7.5434503389267 8.4082848127462 
-8.2938270178308 13.988141134801 
-7.3669877144685 8.7223531111975 
-6.6169882228747 11.706746605214 
-8.7987151021294 7.2847842439747 
-6.8417066436064 15.485570407702 
-7.3112175011824 13.387029753034 
-6.8660363730187 16.364978879243 
-8.184691998476 11.046152431731 
-6.0492561329094 8.4637081659699 
-8.0817365153381 8.638819541126 
-7.3144030213482 7.7738506533554 
-8.7417345576356 9.51897582127 
-8.843492619919 16.3870731015 
-7.2591297091189 7.9826321431322 
-5.8993498266767 15.189575655792 
-5.9948928853708 10.04952311855 
-6.5673490985966 10.285180898735 
-5.8827300972463 7.9984855225174 
-6.7165401306525 7.9232279718368 
-7.4859511198413 14.431310492474 
-6.0914428075574 7.5506347052721 
-8.6332401886656 8.2824616455137 
-7.8955269587828 15.93875596319 
-7.7217435237538 8.6082836665737 
-6.5800866752311 8.5401718581857 
-7.695394163303 12.858878979381 
-9.0970050557786 9.6350893269086 
-6.4570372272715 9.6198448685623 
-7.5126751817566 8.3585666298383 
-8.3779453244851 14.230530731995 
-7.7298168264477 9.1252851025563 
-6.7749298681017 7.1568461267403 
-8.944791608794 12.576420139188 
-7.7589523779901 10.414555396653 
-6.9400049413336 12.605096988325 
-8.330619774609 11.10331596908 
-6.6875775131707 11.600132566325 
-7.6280155610353 13.419536032816 
-8.9370650701006 11.994379411167 
-8.5345493727797 7.282206372186 
-7.4082530460988 12.111390662052 
-6.9980101712379 7.7412433074858 
-6.7380655292154 10.90159848834 
-8.3855416840514 11.209792889779 
-7.2923467290726 7.404566673347 
-6.4518400952988 9.3583079619511 
-5.970921116173 7.596348228482 
-6.6849113200864 11.004559171476 
-8.9262308141425 13.024127838157 
-7.9447847375956 8.2799682295973 
-6.2207345182101 8.9277425974399 
-7.6453000795474 13.853955476347 
-6.6802392186291 11.961293183268 
-8.0631827685453 8.4347875201911 
-6.2346431402119 11.401611465472 
-8.4395909143493 7.5992683245561 
-7.384875368958 8.5587401701031 
-6.4877568666755 7.1823702870576 
-6.2168415111575 7.7894626064659 
-5.9830809255591 10.813381463782 
-8.7343159860198 9.5559381034336 
-8.2923051108972 11.513231714291 
-8.6636657445079 8.9563480920839 
-8.2819688803529 9.378882880205 
-6.2784520068253 7.0493569652284 
-8.6368156620207 13.207334959685 
-8.1595534214981 8.1591688654766 
-6.122773724268 7.7027132363217 
-6.6212906360859 10.224780183157 
-6.7784735236707 8.3376721726668 
-7.8386512879588 7.2876265604224 
-7.1193839240965 12.882373620516 
-6.9972963016373 9.9370725253239 
-8.8933167391811 11.043202657896 
-7.7358841651116 8.6483655495032 
-8.5028796053863 11.086372217759 
-7.9343506405965 7.1428140327461 
-8.2772368364925 16.837038974729 
-7.3870167789122 7.4318020587528 
-9.0194309202657 7.4487793401964 
-7.3839246274061 10.907068091617 
-5.8991845008338 10.116783560658 
-6.5872378884766 12.29566051206 
-7.0203463292048 9.972358900267 
-6.6682959352761 9.4902370166621 
-7.7748229587003 11.057194376989 
-8.4623871886183 9.5462677018451 
-8.5383259744572 14.999626362933 
-8.2229678839191 12.089787576161 
-5.9099338341408 13.342922476696 
-7.4184064547862 10.098261053017 
-8.8228897176809 15.531756441376 
-8.2113660756769 8.6610463345062 
-8.9395631564919 12.773067587554 
-8.0830176206274 14.118231864812 
-6.5573362577264 7.7012617784275 
-8.0522524624542 10.809386243953 
-7.0063827985078 12.252452765008 
-5.9546208353046 10.358986421269 
-8.7486864290466 7.5691242755762 
-8.3852078626791 8.472648579104 
-8.7185537638513 9.6172465903637 
-5.9793953751543 16.887143663296 
-6.1798174377861 9.6629349335849 
-8.0626964676441 8.789507719009 
-8.7365171457124 9.3786721535475 
-8.6835882290643 8.8696469189165 
-6.1634290651742 8.332386651234 
-8.6376524421384 7.3598276382293 
-6.3149057222841 9.6406324484723 
-8.3722007948862 11.92593275934 
-9.020020185126 7.9389412147767 
-7.2423428055272 20.796017023744 
-8.6457218386895 12.62813808944 
-7.1497569244647 9.0143762241979 
-8.3601879214823 12.841944904577 
-7.2547226110729 8.6663278256938 
-8.0423864292772 11.273350171061 
-8.3453589060417 10.652777501784 
-8.7739295714477 13.429986047679 
-6.3180833914033 10.69772010008 
-7.5038512287474 8.3285330778535 
-7.8284915255356 15.874061441498 
-7.9236025115469 10.161826146161 
-8.3501543429648 7.3168846660102 
-6.5089933090212 10.076762714115 
-6.9131603918023 7.7679680542091 
-8.6330055797103 9.9707686877496 
-8.3449511294309 8.7597236695477 
-8.4155456575308 11.494220817843 
-7.7348341864401 11.944456130757 
-8.1665237608877 7.2574478789659 
-5.9758927802734 12.764976409579 
-6.7418847817956 8.5135334902336 
-8.7975159821155 7.2441234703746 
-6.5766177220199 16.601366882715 
-6.9839897234112 9.2575298080227 
-6.7788295781857 13.861508476577 
-7.3357401179336 11.526320085422 
-6.5046783495929 11.73149208754 
-7.4917708096734 8.4588429084275 
-7.023090123886 12.465991172006 
-6.7960367776913 9.4712480308956 
-7.2104494819987 14.427827775175 
-6.2318401656088 8.1380427846314 
-8.3653098581578 8.928999086869 
-6.614897217314 8.1221799517017 
-7.7286882125665 12.671056550246 
-8.3217034973292 16.059366804661 
-8.1029827071487 8.3843101383718 
-9.0185900852142 9.0125180947684 
-6.5267813760613 7.3522977377691 
