-11.886083086349 -7.7533113754959 
-11.57486382874 -6.2901715401105 
-10.054359948477 -8.9656097358067 
-12.477855916656 -13.753677652594 
-12.973887527669 -6.4923821666221 
-12.853868594726 -7.0683190035607 
-10.703395870354 -5.8563398815242 
-10.816413815906 -8.789962081627 
-9.9708771837769 -8.1796162317603 
-11.055420651948 -6.4687581004576 
-10.267911545818 -7.6959715125018 
-12.209011394352 -14.536002690264 
-10.392095926017 -7.1779760765874 
-9.7958371518395 -13.657934243354 
-9.7939821067246 -8.8013466391838 
-12.046336866012 -7.97661792063 
-12.156922054561 -6.0487599977252 
-13.12829153821 -5.8723675913841 
-11.770203689815 -6.8325769509425 
-10.633012670722 -6.2615962949547 
-10.819577732733 -6.0452474854509 
-9.6839097322828 -9.634054860711 
-9.812436474367 -5.8400920238924 
-11.933067250415 -7.383560421206 
-10.309445478029 -11.785322261556 
-9.4453474556004 -6.8419224443404 
-12.415453995571 -9.4022544581303 
-10.387040245669 -6.2551086701928 
-9.4404337102867 -6.5208763025316 
-9.9492263298299 -7.2388083154664 
-9.4661076266064 -5.9883345926915 
-10.262155222294 -6.7684659216128 
-11.100971645789 -11.168540088144 
-11.629612366716 -7.9107601681954 
-12.87811804563 -6.2146856467931 
-9.3528269219634 -8.0404559819431 
-13.349602208991 -6.8331794255211 
-13.384148931432 -7.0562167592171 
-9.875872619779 -8.3701354042388 
-12.751004181205 -6.2809744739028 
-11.608812236559 -7.2901319750789 
-13.219531493723 -8.8346843541669 
-9.4372316052024 -7.0952160627612 
-10.649329458748 -8.5845687314328 
-9.8894484534328 -9.2986367462589 
-10.771096140429 -8.406676895722 
-9.9241205088975 -15.342500106069 
-13.161488360092 -5.8824743007698 
-10.40158359467 -9.5058393049716 
-11.917108758351 -8.869312428158 
-12.717986592693 -7.3862606720808 
-11.206936079707 -8.7563406993267 
-10.956999771022 -5.9901954252756 
-13.146281671056 -10.760078181225 
-13.233248041544 -6.8757998711319 
-9.9197692182143 -6.0975396950657 
-10.926618723142 -6.6603571665738 
-11.529539287734 -9.763810121226 
-12.340433236424 -8.536741119706 
-12.303504270249 -8.6248136859937 
-12.474286010327 -12.970337400967 
-13.314317150494 -9.712430885741 
-11.720328936243 -6.5690011867138 
-10.638121325242 -11.447608876815 
-11.193442541058 -7.2377319415425 
-12.278427578984 -14.467693206117 
-11.249438360422 -10.605557117841 
-10.848201453304 -11.831906149315 
-9.925461866078 -5.8099442536513 
-9.4522893976152 -5.788785856817 
-9.3124502128572 -16.154253345447 
-9.9084051755275 -6.4435076248762 
-10.506614892602 -9.6743186177401 
-10.204709483425 -7.2388477139784 
-9.3607519385268 -7.3144392822301 
-13.346702389798 -5.9775880999054 
-11.781873781388 -16.758443913524 
-10.397005220603 -6.2389021608592 
-11.453831628938 -12.161396275234 
-11.071422279048 -6.3772308204555 
-10.165665164973 -7.508343592501 
-11.735494421092 -11.345591547544 
-9.931811333677 -8.1785232499296 
-12.368917511376 -12.673697393788 
-11.170010833859 -7.4464852149171 
-10.724324208333 -11.109828956854 
-11.289029631707 -7.5420735523106 
-10.377345179244 -6.2114917599177 
-11.504464207256 -7.5951458470077 
-12.398590729201 -6.7500394143016 
-10.639804245618 -8.5656031229718 
-10.819125335895 -6.9353248786298 
-9.3233180945604 -7.3536199363526 
-11.368657465125 -10.451355310414 
-11.339499682418 -6.3617826192394 
-9.3403640553478 -6.383476951689 
-11.018899561601 -6.4668471581377 
-9.7978978693264 -11.516847030867 
-10.811927116458 -7.3584214853581 
-9.9573049469708 -11.723969288936 
-12.265364809659 -7.699995614543 
-12.673861491667 -8.3152748786241 
-11.871281752666 -6.8138246211797 
-11.412172514281 -6.2740234118196 
-9.8929090889793 -6.5611717982366 
-10.927031674802 -9.2438451483982 
-13.097535538685 -9.2379428685107 
-11.081506501026 -9.8785758908033 
-11.763435159401 -8.5260454758695 
-12.892285084734 -8.9869256227172 
-10.443161589459 -7.3647168435589 
-10.453756135553 -9.9390899655549 
-12.168359366209 -7.2224557557745 
-13.101745337223 -10.208007298504 
-12.103083694513 -13.973659753743 
-11.995908744724 -7.3140691577806 
-12.213311199223 -8.0702929316224 
-11.082495369697 -10.620143119564 
-13.3712098867 -10.7511936644 
-10.520989691391 -7.7939094536661 
-10.750296043001 -6.7587165201647 
-9.400842642994 -11.516334670501 
-9.6043250845718 -10.500122879307 
-10.228164393268 -11.558397112433 
-9.6417282142147 -9.6161115153706 
-10.176465745274 -7.920207532998 
-9.3025054531779 -7.5710705597014 
-9.4677757241467 -7.2729982034103 
-11.24259823952 -13.372626194078 
-10.645262410354 -8.2508646485566 
-10.28779444196 -7.5871095276837 
-9.6435834294951 -6.8724305475776 
-10.123702713832 -8.9147781035546 
-10.802334419206 -7.473427133441 
-12.936222173852 -8.1816102410745 
-12.546486070587 -8.8137763945252 
-12.755348891844 -7.2904889621735 
-12.61332625036 -7.5804474206185 
-10.342940239432 -10.38295321615 
-11.790220360316 -5.7464214593517 
-11.369615431795 -12.941478800423 
-10.962193634999 -9.0125324178473 
-12.624060607153 -6.0074183390178 
-12.864457132056 -8.9379212672866 
-12.547238881853 -7.7541324872655 
-9.7756388051785 -8.6268716124368 
-12.394922478884 -8.432420725652 
-9.7835754607946 -10.038417019692 
-10.318245783661 -6.3447577753911 
-10.482637904182 -8.2726441656118 
-9.4550345280714 -9.5940408103621 
-10.609728723488 -7.197611616529 
-13.197358780746 -5.8793076471923 
-10.136794365702 -8.7592260663529 
-10.392203642816 -16.15166383307 
-9.7874661003201 -8.7966148701254 
-12.346864874301 -6.6620978107748 
-10.140617193216 -8.0403982135629 
-13.083475483022 -8.0991432384781 
-11.29597013937 -8.4547726342409 
-10.651607421628 -7.674715839571 
-9.9268879683108 -6.0139949656319 
-12.466707840111 -9.2474523542074 
-11.594246625448 -10.034590182597 
-11.901918108599 -6.4844936368857 
-12.195437381301 -8.8615431929045 
-12.151448090442 -8.4879900443849 
-11.769754142073 -9.7318314139084 
-10.404142469242 -6.2276955885129 
-10.873999295551 -9.8805567883098 
-9.3113793494299 -8.3607278832837 
-10.678773672299 -8.0959050411195 
-11.306095514232 -7.7586805614513 
-10.118910035339 -7.5211394415807 
-12.091859991938 -12.947988410529 
-11.508788859687 -6.6563924771499 
-10.280614134074 -11.230338674456 
-11.972630773711 -10.613779482477 
-10.953013163488 -7.9497890966799 
-10.170082501623 -9.0021628465616 
-11.479576644525 -8.9082758743575 
-12.995748043433 -7.1022577871022 
-10.190007888677 -6.3904139052773 
-10.428258826878 -7.2171896825153 
-10.535586949709 -7.3288071676459 
-11.864675939509 -10.741062575138 
-12.312292965659 -7.8479553332316 
-11.212589173867 -8.3195253917404 
-9.8894976299377 -9.9748441849796 
-9.7456501696591 -7.0634715241545 
-11.722429253081 -10.09873617767 
-13.3431058361 -6.1462489208722 
-9.5281077086633 -5.749248025907 
-9.3066450686109 -6.5548995122563 
-11.578347048556 -7.8796943303501 
-10.892928243193 -7.4506741350234 
-10.782681297503 -8.5683551947456 
-10.366239219212 -5.7934031374254 
-9.9091414036079 -6.4543905272624 
-13.03743564141 -11.028147395153 
-9.672641519847 -8.201889593927 
-11.962752331024 -8.8562694608986 
-13.349688242903 -7.9463102471031 
-11.538682099671 -6.7650331363766 
-12.757873186825 -8.2371069106019 
-9.8122176113106 -7.1978172847512 
-10.212804456849 -11.189872546908 
-10.54489170071 -9.3855197800239 
-12.484535485735 -5.9996153929543 
-10.435748502627 -10.315312165117 
-9.8491672908842 -11.278436893297 
-10.384292369775 -6.8715308882615 
-9.9522853937418 -6.4306835330079 
-11.735935181968 -6.2365980145369 
-10.071601360371 -8.9700015090558 
-13.300224146449 -12.546119920381 
-10.893130624351 -6.2575028513633 
-11.583222365162 -11.247816481897 
-9.9546494027159 -8.782543502465 
-10.382449137924 -7.6696375108534 
-10.657585509191 -10.07619627954 
-11.270911360047 -7.6786400506208 
-10.368505710717 -6.0322896132807 
-9.7158069270994 -6.0480272100659 
-10.977769113568 -9.0172699682107 
-9.3091713385515 -16.014980495146 
-10.475748891114 -9.5671846942816 
-10.288930801824 -6.0757652159373 
-11.32382062421 -6.4514646286729 
-11.311246691571 -7.3125074475325 
-12.399310866437 -10.942495751788 
-13.22085074779 -11.698860919568 
-11.821103094064 -9.9512452626234 
-12.154166426866 -8.9446518166907 
-11.783533860452 -6.503252418251 
-12.24095650166 -12.944502382311 
-10.715431683847 -7.2228344325773 
-11.030826529526 -13.20570496769 
-12.883799447709 -15.531684109454 
-10.587721824378 -13.472357878995 
-11.760794743387 -6.5519322455628 
-11.599455568805 -6.8151399137741 
-9.4835836987782 -7.1364443175315 
-10.660197271808 -7.1591985137927 
-12.319603283734 -6.5200737521068 
-11.335376652903 -7.8539132393786 
-9.9079229148966 -7.6125247908164 
-10.877990135975 -7.4202556560398 
-12.005770794621 -6.0859398195365 
-11.548869311341 -16.165365921349 
-10.653306674524 -11.716482577152 
-10.710455843648 -6.0159066348238 
-12.455270994555 -9.8976622001238 
-10.010523023995 -8.5335251481247 
-11.585655006859 -8.8915480255253 
-10.172035776783 -6.9619842047085 
-10.402446145233 -9.2180043983298 
-11.800867597831 -9.6365881588043 
-12.699995065907 -6.1306519925106 
-10.250926243164 -12.513412948232 
-11.539208675914 -7.9874619764786 
-9.743166128951 -7.3048517147205 
-11.852095520483 -6.2483361382234 
-11.315820380031 -11.500693745706 
-9.436383623611 -6.3928898160793 
-11.693332331296 -7.6188449141551 
-13.382558391093 -6.403824352993 
-10.033691826962 -6.3752342389167 
-11.596077712928 -12.897447692059 
-12.531453324175 -5.8080452000986 
-10.363233837164 -14.603274629683 
-10.164591630899 -8.2088795480891 
-12.810670260593 -5.9861348450206 
-9.7677288308468 -6.0551038371316 
-10.295462969477 -8.5142340879399 
-11.643862804609 -7.8570528496206 
-9.2820370726503 -5.9964992950434 
-12.094013195936 -8.8874457374744 
-11.481341554648 -7.7743642307097 
-11.694711995227 -10.910697957685 
-9.8270865958339 -9.3965853409908 
-9.3610425784079 -8.4177770393819 
-10.054825004689 -9.5738944774941 
-10.166455187321 -12.680951870088 
-10.796064226519 -10.502221629737 
-9.4903999103977 -6.5459058630134 
-13.125731343402 -6.4119993787646 
-11.409188407906 -8.971956885445 
-12.078271311865 -13.205809812536 
-11.970175134008 -9.250865571064 
-11.877687563977 -6.166102379788 
-12.455962512601 -7.6926437390528 
-10.293979080184 -7.7483995215465 
-10.809214359279 -17.886369028364 
-13.173906852839 -8.3129400603033 
-11.992506712211 -6.0477888200679 
-9.3104071248899 -7.7670531313034 
-9.9051044405555 -7.9490038648273 
-13.381001329212 -7.0637575169963 
-10.421298726252 -12.076380080852 
-10.662042416841 -6.4479214186235 
-12.445497253938 -7.3038686343266 
-13.226233327169 -5.8277631230863 
-11.122962866593 -6.2812916788911 
-10.929580030205 -12.407334447547 
-13.422551756921 -8.70873764014 
-10.883905260057 -14.949849475213 
-12.912786346704 -6.7602900794372 
-10.770072214662 -8.5615218012423 
-11.138703626747 -5.8774308344334 
-10.365046838946 -5.7530915293192 
-12.104143451293 -9.7388695885814 
-12.636081279621 -7.613929733353 
-12.50896536288 -6.4572055459349 
-9.6126998504261 -9.037494160238 
-12.255846849402 -10.019623280949 
-10.270263739642 -6.1817609541537 
-9.9181369366398 -8.9390252621792 
-11.022446999611 -12.591843412743 
-11.375321940205 -7.6993887583354 
-10.737345966137 -9.4964527119058 
-9.3749210910471 -6.7098635919815 
-12.473516622163 -8.1101989723204 
-12.097252494691 -8.3940242249831 
-10.315492226825 -9.3943836901313 
-10.645808954162 -6.40583243639 
-10.42180641466 -5.8278686991353 
-11.721027088355 -8.3459543209471 
-9.9467472132126 -9.852263058691 
-11.692024497659 -10.661400267712 
-12.363855577178 -14.96350617074 
-9.9753157302197 -7.0397746985727 
-13.029262103215 -8.2608089929056 
-10.464113897436 -6.6754329263637 
-12.544081145614 -5.7719430679185 
-9.4563577727303 -11.279813215069 
-9.2959332403406 -7.094779177435 
-10.315241034237 -9.4527653572781 
-11.057333470081 -6.2139574424156 
-10.609536143043 -5.8391440492349 
-9.8225061299812 -9.0337098268573 
-11.796266907455 -10.675126364396 
-13.078396956785 -6.67358414373 
-10.945743293393 -11.591126071927 
-12.627154305008 -6.8966794973179 
-9.6708421878525 -13.106508082145 
-12.548569991886 -7.5215424441799 
-11.40628879681 -8.5656641228378 
-11.18251497188 -13.033592240805 
-11.966274321335 -11.678025938639 
-12.362431977515 -8.1841494523833 
-9.4507012856335 -6.8354495379484 
-12.389605564051 -7.9110345496575 
-10.228509000756 -9.9975662322518 
-12.188105531649 -6.0022166394183 
-11.205299248351 -12.068090715588 
-9.6831212958927 -6.6523234542651 
-12.527888733468 -8.7025532224497 
-10.228093512996 -6.0231205566352 
-12.871316075841 -7.8579371500179 
-9.4239077704618 -10.378107877406 
-12.493906030825 -8.2533806374637 
-10.766529372067 -11.51836746685 
-13.327082955784 -8.7443715107445 
-10.592266980418 -8.4236882605649 
-9.9478432360285 -6.4022584012356 
-12.427334480581 -8.0552679735601 
-11.739625553476 -17.531834973928 
-12.87415184136 -6.5022996538733 
-12.600014499498 -7.0061500575684 
-9.5139157960624 -15.446437549415 
-10.760264272401 -11.963648887269 
-10.521846272602 -6.3204515359034 
-12.649989000329 -6.9246066320622 
-11.986679092128 -8.299302698234 
-13.248563140663 -7.2945164975042 
-13.201085886083 -7.8046933496136 
-11.9234075214 -7.2051777253553 
-12.08468131576 -5.7003383075148 
-10.944157331441 -9.5183610760911 
-11.417488997995 -7.1496402547319 
-9.9836337707321 -9.0524379663803 
-11.097479500286 -7.3311452634196 
-9.5981122614668 -8.7581723856622 
-11.319021330791 -6.3464020239071 
-11.399629085057 -8.8634956789656 
-12.49335774745 -7.3682183304248 
-11.458135181567 -8.0499359995404 
-10.282168705812 -16.834450462692 
-11.323402389553 -6.3155787884542 
-10.305671115883 -12.072536735663 
-10.030493751654 -7.1145713101582 
-9.8717994868009 -6.8451714516401 
-12.792267971299 -6.5134682461808 
-10.395801554536 -7.8316542316387 
-11.198183640548 -6.8618310328307 
-11.099284245574 -13.842089262573 
-13.399844359365 -12.197194911102 
-11.606658294126 -8.5619632670057 
-9.728684352196 -14.669300797283 
-10.088864179867 -6.4606765348742 
-11.439566773997 -6.0412838665259 
-11.769808645057 -9.4384740767459 
-10.217476980228 -8.1356055119389 
-10.764418422572 -10.545375902633 
-12.985477344552 -9.1276378506912 
-10.287174056399 -7.1848459225153 
-9.8165573870762 -9.0974041500797 
-11.07849699769 -9.2153150089643 
-10.152029864516 -11.54829546378 
-10.631002929806 -8.5948896881798 
-11.406491462818 -10.697205871112 
-10.262579528003 -7.2343657466008 
-12.624269583654 -5.9620493449602 
-10.229024088721 -6.6540862077083 
-10.110126717107 -6.2100513875528 
-11.853940836497 -10.033931067252 
-10.47197172223 -11.110218352448 
-12.192638272281 -5.8192509196021 
-12.582897148664 -8.3259068842985 
-13.241422316577 -9.2264086453903 
-11.549901468204 -11.616822526234 
-13.384483744326 -10.544144571568 
-10.248942601683 -11.412226436834 
-9.3546808823028 -9.3202710196296 
-12.322245520692 -8.6130235486763 
-10.050722754726 -12.851105568806 
-11.961011577249 -6.6860605803103 
-12.44882530805 -12.051008679105 
-10.84096872047 -5.805537693393 
-12.192463985936 -8.2994030780301 
-13.39371452854 -10.249785340342 
-13.243171816406 -10.911386349293 
-10.99723565777 -6.4358658033073 
-12.248100308358 -12.649954633079 
-11.901646270469 -10.369016813898 
-11.087369208331 -8.964441313242 
-10.519034839779 -5.8101497891392 
-9.4235332144679 -8.8519684352144 
-10.473487483299 -7.3152220009117 
-9.7608255608241 -8.4119507952297 
-9.2985072171663 -8.8714720156703 
-11.103529219805 -5.8746077127796 
-9.3250781139176 -8.0224120342908 
-11.244913842299 -9.9583639581642 
-11.055460165124 -10.828192416095 
-9.9646193481107 -8.4605868624512 
-10.082455780636 -10.860587536619 
-12.998468075873 -7.7241817858189 
-12.448677986387 -6.8021640495299 
-9.7703727509801 -6.6296622814925 
-12.010837704784 -5.7733437967738 
-11.926834447582 -7.9785816771596 
-11.537024836441 -13.343713917293 
-11.476875365323 -11.127122618579 
-11.432230892989 -8.8376937980429 
-10.457500272418 -7.0201822463938 
-10.749413176255 -6.3846782751976 
-11.723810614918 -6.9739201315367 
-12.125225212921 -6.9491147301446 
-11.529258400553 -7.4365071217066 
-9.9104138398694 -10.820573305851 
-10.482620393374 -8.1942258240635 
-11.079202268018 -8.8294752638961 
-10.180196767752 -6.8356340655476 
-11.350875827447 -5.8147985019151 
-10.443067252604 -5.7798642365034 
-12.558620377254 -6.2578801700528 
-11.493877803448 -7.9171798660201 
-13.11728768161 -13.932244786933 
-11.739677033652 -6.2680808471658 
-11.649056663921 -6.2415222252519 
-12.403965831379 -9.1242711969277 
-9.4066331079354 -8.7803626188474 
-12.196538223017 -7.0770389847102 
-12.360943617299 -5.7236643572056 
-10.807599099564 -19.985799925962 
-11.565720524305 -7.4554093715951 
-10.203218792197 -9.5058213537982 
-11.095664285762 -9.1852452659535 
-10.653586374057 -5.8204152277828 
-11.783038314761 -11.603554192338 
-11.262457489637 -6.0671502744419 
-9.9035040773787 -8.2170956987959 
-12.776618545798 -13.896816924199 
-11.858543100968 -10.159121810865 
-9.7634637157673 -7.1517102538289 
-12.56003993172 -9.1297563895411 
-11.801916425827 -9.9633321017181 
-9.5901155246418 -8.0262455917613 
-9.9662202488609 -16.675028611117 
-12.92882750276 -10.151210695704 
-9.6614875100596 -7.0540956073992 
-11.30301585753 -12.791152421067 
-11.609264107262 -10.273378064889 
-10.770753313095 -10.622776921977 
-11.54467029497 -8.3446828248519 
-9.5856459421182 -6.6049295823844 
-9.4838382983825 -16.949239216258 
-9.6202160178292 -5.9539526094008 
-11.951523442037 -6.2772449288499 
-10.702890695507 -8.3539960378177 
-9.9015931384477 -7.1531888435715 
-10.517542990021 -10.222031700323 
-12.015722658379 -7.6896781976301 
-11.783271395782 -7.0973077937513 
-12.806507509501 -8.6734344936884 
-11.511218131177 -5.9790460831556 
-12.133680117379 -5.9587389301779 
-11.59761784839 -5.7528862606378 
-9.8994990566746 -12.085870345033 
-10.644865290164 -7.7788422741499 
-11.1413340028 -9.2383740192711 
-9.5150026971718 -7.4160901394511 
-12.91109226441 -14.545152729633 
-10.290737915401 -8.7610314760529 
-11.290402520055 -10.825516171473 
-10.290385407109 -9.5753362838489 
-11.003188657209 -8.612298574964 
-10.883701791492 -9.8930738696136 
-10.472217629399 -6.0274630002101 
-11.535475810995 -5.7541100444039 
-11.435599204942 -11.520599316911 
-12.7445871225 -12.856079693961 
-12.100568558414 -9.484957630675 
-9.4236679509473 -6.5109475039457 
-12.529457843368 -6.3764202056304 
-9.9553715391708 -8.6004547020389 
-12.071876769414 -7.9988004404514 
-10.474725639508 -10.046112629353 
-11.995132709885 -12.301317412048 
-12.237839041085 -6.1794170212275 
-9.5970254246474 -10.168649066284 
-9.5883296196911 -9.0371962960829 
-13.196583589307 -8.3253173727096 
-9.3282047285647 -5.8782590897174 
-12.630316141223 -6.3914243748636 
-9.5129895911709 -10.62605323629 
-9.8178225571979 -11.735394846321 
-10.680796788836 -10.306751436635 
-12.031649253773 -8.2385864782791 
-13.349086261532 -5.8986021744802 
-10.192804966724 -8.8817941406571 
-10.173136746491 -6.666532971592 
-9.4477228269189 -8.4247946813624 
-12.510935961004 -13.018742832067 
-9.765720416303 -15.737838981253 
-11.765779842422 -5.8690384462784 
-11.656604559113 -5.7290320425998 
-9.4780421630043 -7.0886926128329 
-10.133261580794 -13.361554622838 
-9.5874834444003 -6.1997187180915 
-10.58272059157 -14.363646075595 
-10.759416273942 -6.4340774342768 
-13.331951894689 -7.4665006897198 
-12.900521198137 -6.7366050945008 
-12.497339788218 -11.708672468406 
-11.0598283814 -6.6313322544301 
-13.163540030688 -10.176343067117 
-9.7039412976445 -6.7384370742044 
-10.916893543736 -7.0808337230802 
-10.116824884724 -12.642623433431 
-12.361477549915 -6.2657269423818 
-9.4969775785835 -7.9791476594388 
-9.4178550015435 -5.9814324599191 
-11.826907837999 -8.4547142146575 
-11.499496442871 -9.067442164215 
-13.055451893157 -7.829748835428 
-10.850818524134 -9.6435746925407 
-11.124504711192 -9.7466151018391 
-10.987350014929 -9.3183222707812 
-12.794423586009 -6.216630892169 
-9.3245193728455 -11.279035204211 
-9.3521724408241 -8.7617605811537 
-12.98042522625 -7.9243315735234 
-10.225422435919 -5.8576427059001 
-9.3998846550638 -5.8909382815751 
-12.442628331105 -9.5139284565084 
-12.592984878221 -6.1665524815843 
-11.669926166957 -7.7934961810528 
-11.617179691036 -15.816705757506 
-10.115088719706 -12.606209592576 
-9.7380044575428 -7.0989797170241 
-12.641999566463 -8.353515412015 
-11.223594075377 -6.1740704940438 
-12.380949526484 -6.0252237843574 
-13.296360498827 -12.14335755785 
-11.831617311125 -14.359868235211 
-10.998027369248 -9.3173428570546 
-12.479988329659 -11.255369779102 
-12.985790803246 -6.2155419977876 
-12.601287761219 -7.9424559267296 
-9.5661710198077 -13.361860141529 
-11.394091287037 -5.8597782741616 
-9.7562908574925 -5.9663870432189 
-10.727625288423 -7.032376023889 
-10.274860146194 -15.820637528269 
-9.619270713802 -7.8218893833255 
-11.549632887503 -6.1271220499614 
-9.3063344454972 -8.2315483570651 
-9.8535921021488 -8.96308999549 
-10.952629692917 -10.035769176081 
-10.853998815594 -8.6679461416049 
-10.123317641122 -9.8169582611676 
-13.030654326118 -6.0721921559857 
-9.7464512408022 -17.946870524374 
-10.791734336433 -8.0235615315512 
-12.700843318473 -6.371327360549 
-9.3066118069339 -7.9202106096932 
-9.6918732539614 -5.9099429622144 
-12.06249097636 -5.8746948981375 
-9.3970776367458 -9.1553187505565 
-10.116643400781 -9.132168064138 
-13.210241918888 -8.0009755950662 
-9.9544526489114 -10.028628447669 
-9.4269649052773 -7.6333034301879 
-10.263321150694 -7.1942878391024 
-9.5518398561604 -7.2422135091742 
-9.7742240886386 -5.9111257434183 
-12.558484566068 -14.695770351271 
-12.653967046018 -6.3768240645546 
-9.4451981008481 -6.8590281342944 
-10.06507404612 -6.4476969265974 
-11.130831287691 -9.4626584050715 
-9.369551324835 -6.28814539086 
-11.156831676964 -7.0121239502284 
-11.453038489786 -8.6443123485738 
-9.4914696676361 -9.387883118435 
-10.52871040605 -7.8975117173011 
-13.127952130305 -9.8285128341701 
-11.679523432631 -10.564234349943 
-10.744139496408 -9.6670866364257 
-10.4144415449 -9.7600432674218 
-9.4584214764598 -5.9581807763714 
-9.3585132458135 -9.2411933736152 
-10.268744801015 -11.213376620452 
-11.507890374234 -8.4786736793313 
-10.243869220306 -9.4760473275693 
-9.837583412707 -8.4739255738127 
-9.7250652376078 -6.1942490766034 
-9.8015040252972 -7.6104334160904 
-11.422576375271 -9.0926432510993 
-9.5201337198447 -9.0243267252238 
-11.089107312349 -6.7914624001599 
-12.261576629047 -6.5543886398516 
-11.175257371276 -7.3226668345887 
-9.5913788766624 -11.378938478335 
-9.2923476074467 -5.8794576562647 
-12.17953812534 -8.0427157061674 
-13.258944766424 -5.9036713895443 
-12.748597475013 -7.7061842343121 
-13.022760507192 -9.1347350930963 
-10.633780579078 -9.8635564139365 
-10.647345356008 -6.2850256836388 
-12.496626832598 -13.154622978055 
-10.641774502576 -6.4027757359122 
-10.156297570565 -7.5617665171657 
-10.449330733088 -8.0103804916589 
-10.393821498337 -6.3714267167764 
-9.4129391182435 -15.377777456815 
-12.118104204886 -12.561804837024 
-12.604717073897 -6.5641237441173 
-12.286363065383 -6.611655064687 
-11.310817442367 -7.1300821293783 
-9.5982160611874 -13.98921077738 
-11.527823951711 -7.0685029293057 
-9.3821446828304 -7.4542078160523 
-10.011491697303 -14.134457384894 
-12.678147601768 -9.1954388799061 
-10.167590696933 -6.4844862600321 
-13.257773040137 -7.0980776987773 
-10.205926888662 -8.7627217338539 
-11.013739387906 -6.0469333629594 
-12.502090337071 -6.577282704185 
-10.239217180845 -8.9835608545942 
-9.8108675933495 -12.69317544861 
-12.026185420089 -9.5098476538325 
-10.510005167149 -13.203308457621 
-9.8196416790838 -6.5986708141742 
-10.261950048018 -5.7992286320805 
-10.244163875557 -11.333775899507 
-11.334606348792 -7.0234592576187 
-12.836305501582 -10.672038979842 
-13.404807681251 -6.9029189106022 
-10.099114264262 -10.503654760458 
-12.482676566613 -7.6703815201816 
-10.489094566525 -10.162548285589 
-11.820032957777 -5.8459732755625 
-12.436687488104 -11.441153263083 
-12.24157892234 -9.7418484981915 
-9.5706397668415 -8.2012448883469 
-12.933510769473 -6.3980860593665 
-9.3443195738115 -9.1458622341391 
-10.503933473139 -6.0945214925425 
-11.797778008552 -8.7840202095695 
-9.8827926446842 -7.8721686709139 
-12.561922638193 -8.7775240041707 
-11.002658756051 -5.8350825719412 
-9.5826040775192 -8.8886073184596 
-12.371343998774 -7.9735716609017 
-10.578719977589 -7.8389902077859 
-10.766831821855 -10.913672893164 
-10.075812286697 -6.8191709256995 
-13.072275781669 -5.8945633163173 
-9.3989971069596 -6.7625881310487 
-10.14221799621 -6.9132213315034 
-11.360294042099 -5.7396599708249 
-10.858506306596 -6.1570438548864 
-9.4862581402216 -6.5688525585133 
-12.921880927841 -7.534844045772 
-9.9606793368961 -11.961941509131 
-10.56985451586 -6.8076044552634 
-13.205055553456 -8.3686202806869 
-10.038057319478 -14.427967515956 
-10.311462254106 -8.3043227822788 
-10.071686500151 -8.1049565646136 
-12.82092419735 -8.3063817234124 
-9.6531304272789 -10.450137213424 
-11.291156645929 -11.729586155875 
-10.26032896418 -8.9054667066531 
-13.174275381388 -9.004960253989 
-12.916811882889 -10.650431982015 
-9.5653213235345 -6.5007260186624 
-10.48654420111 -5.942459318777 
-11.695715925705 -7.433429319579 
-9.5931164630015 -9.2847172938128 
-13.13596598588 -5.7422227363466 
-9.3562757589925 -6.1243016283473 
-12.863736642752 -7.2341400000778 
-10.876028192056 -9.0759770143123 
-12.737769528826 -7.3032411530512 
-9.2876756188024 -9.1522386474444 
-10.111018138152 -13.964507725603 
-10.247712914861 -8.7668245666542 
-13.408751810872 -9.0518292700726 
-10.301521772244 -9.1833893458622 
-13.272233334552 -13.254370663927 
-11.132355829354 -6.0329239011127 
-11.148901917893 -6.2970201974357 
-9.4260760519005 -7.7463328811166 
-10.946194632597 -7.2982060147161 
-12.184444552787 -5.7479998552981 
-9.6422453855669 -11.232261760635 
-10.915883073849 -5.8876295319754 
-11.747459549369 -6.8398475460849 
-10.219453047814 -8.0418538322456 
-11.929344750033 -9.4981430286351 
-13.376094305613 -16.216236447485 
-9.4302392326886 -5.8570158013598 
-12.573124551456 -7.8826047162453 
-11.961659694985 -7.3164130576986 
-9.8693246706383 -6.7954171050476 
-9.4407520802888 -9.2814852426112 
-11.777740508702 -9.2990943207009 
-11.899629846939 -11.440995358606 
-10.564723393082 -9.7434210614323 
-12.938507980411 -7.5624663798134 
-10.078057384171 -7.2756544827773 
-11.482964116665 -6.0919203588375 
-12.429948824895 -7.1237110225007 
-11.081238224657 -12.495854303614 
-10.435381441501 -6.3821253587604 
-11.779941649022 -14.319102405431 
-13.420126236162 -10.878116705333 
-10.622072421742 -8.4449249971551 
-9.5659439524406 -5.7875834611726 
-10.658066643352 -9.4169418828271 
-11.831750437526 -11.328140753819 
-10.081837590954 -13.952067731584 
-10.020055786942 -9.9894338727596 
-12.080565793152 -13.074960247671 
-12.962954303561 -9.723406619697 
-12.694305602677 -8.9441656706737 
-13.400795362587 -8.4679473702667 
-11.174706625159 -11.956028928146 
-9.9132874980478 -13.33967702036 
-9.9326442382847 -8.8890192417188 
-13.415676900831 -9.4069093825911 
-11.239688588923 -7.1322900906935 
-10.973917346109 -7.1560570317041 
-13.248100223203 -8.8068371355183 
-12.376379549864 -9.2197819617392 
-10.539602490819 -7.4625690081866 
-9.3499239577328 -10.393501942541 
-12.193249465163 -6.1249136518018 
-12.356079768678 -9.8482625955461 
-12.202632802065 -6.1600980982676 
-9.5353261346136 -6.565437323165 
-11.618880549745 -6.0324202320979 
-9.8063781211727 -5.7686161728129 
-9.9066654439213 -7.0637620166662 
-12.070176433022 -6.9753950561767 
-10.726475935918 -6.2055172620793 
-13.160699583166 -8.984894614114 
-9.3146000456355 -9.0320958142558 
-12.653918076727 -8.3723627240396 
-12.824815802492 -5.7427663887501 
-9.4074317002626 -9.0967479340315 
-12.706551483813 -6.8002015298442 
-12.641887570818 -9.8303348547313 
-10.488830955496 -13.24071767346 
-11.525097526576 -7.5214370080217 
-10.934484344594 -12.735442415076 
-10.748899764276 -9.4522747951694 
-12.573476270889 -6.7168590050953 
-11.000692180637 -5.9310695238264 
-11.788837598292 -6.2070494980169 
-9.5057355800148 -9.7432274353184 
-12.352429264699 -7.3681042813886 
-12.973359754776 -7.9565929891252 
-11.074718924667 -6.5283810954379 
-12.855744400304 -7.5596534404627 
-11.472785839066 -5.7345225876229 
-9.4157096727251 -7.1402934011628 
-12.976155357705 -5.7134066600169 
-13.116576772147 -9.8225829047982 
-11.119850326554 -7.5732725269608 
-10.704706675414 -6.3630367581539 
-10.68078055436 -6.7391563363303 
-10.117497087381 -8.0133250240512 
-10.926462392383 -6.039901112236 
-12.994203328274 -10.581672197199 
-12.565021820686 -10.449204970726 
-12.125461422955 -6.6635083581313 
-10.843684459666 -11.020762150503 
-11.638690393501 -9.3722611026669 
-11.483612861019 -8.5842081199733 
-10.642307343872 -7.5206792274733 
-9.4683452120819 -8.9293704933057 
-10.014542115098 -7.6482865978687 
-10.033362705372 -9.2696199942869 
-10.325255569938 -11.887710449221 
-10.047703963515 -6.5728729426006 
-12.266783604532 -7.2181314226504 
-10.897764430563 -8.059118621663 
-12.250675736769 -6.0715180793017 
-11.32305528938 -10.370645914176 
-11.759080602937 -7.2841023711005 
-9.3369456596192 -5.7181289656702 
-10.446672486971 -5.8965328117646 
-11.485374416866 -7.4679887001116 
-10.694554430976 -5.874607977559 
-10.569125752401 -7.2204576940934 
-11.049595787598 -6.2368665686613 
-9.7763411580924 -9.5105301238966 
-9.4859592876718 -10.514968551164 
-11.225369416097 -6.9535343696027 
-9.3783714408865 -8.7849640435789 
-13.014458873248 -5.9954604367313 
-11.673138220597 -7.4236614378414 
-10.548875342681 -6.0847734287596 
-10.525781336527 -12.894881497969 
-9.9379744408158 -6.1889992968847 
-10.465908628966 -5.7011109615726 
-9.8566070001482 -7.3544516839784 
-10.708678039734 -6.67629780941 
-12.810823702218 -11.209009337268 
-13.273310239204 -13.73273273787 
-10.747792814867 -7.8709409708629 
-11.063830190802 -9.534161266012 
-12.073857111623 -12.203088379307 
-11.082071730088 -7.7592041396137 
-11.084780065482 -10.179577611279 
-9.7262566210314 -11.205607126745 
-12.240352386935 -6.4150808621906 
-9.5942021324437 -12.274835599276 
-9.3142791421325 -9.4494911319596 
-13.168456503796 -11.237457459792 
-10.709267144935 -6.5194265222176 
-12.076190044508 -6.0304343590555 
-12.524900206857 -5.7747664327103 
-10.533510831632 -5.9346667275465 
-11.369766001396 -8.5272089311117 
-9.5057995140332 -8.4874241933497 
-9.7618139475285 -6.285862203304 
-10.200995918073 -8.685559731085 
-12.146967768071 -11.492813744084 
-11.751296612141 -6.2601440090168 
-11.613201689257 -6.1666635454202 
-12.857686174925 -5.7487559497643 
-11.122575714502 -6.6399096077786 
-11.869560271081 -8.7514320216398 
-9.7516336964152 -11.750950873968 
-9.5194253983239 -6.8410148482723 
-10.757423524415 -5.9515995755568 
-10.131568069573 -7.7158698424819 
-12.164697700426 -6.7993213760024 
-9.6384370167255 -6.5614520074367 
-9.7820576892093 -15.705090612891 
-9.611542314464 -10.302277107244 
-10.391267148556 -13.753366212032 
-9.467451269012 -11.00829128378 
-9.5018898483285 -6.0274412600715 
-13.004946065574 -9.933128887555 
-11.548485374313 -12.116767892867 
-9.7189604346952 -6.6845616670615 
-9.3704811764674 -6.6862020812174 
-11.101543493475 -8.3646463442551 
-13.285385386686 -7.0383816345266 
-13.162890484576 -11.166511355426 
-13.098320430895 -13.263415287255 
-9.5001851140316 -17.720944850191 
-9.5962583293753 -8.1438649615485 
-10.618568641111 -7.2133473333627 
-10.966830139911 -7.6355873377785 
-12.238561679617 -6.9421376462576 
-11.448580233104 -7.8335460439526 
-10.294709508303 -6.9563467345602 
-11.788450434843 -7.9530778428122 
-11.425207864263 -8.3623464836403 
-11.585165551713 -9.23317041513 
-12.710607307275 -8.761062627218 
-11.10074058856 -6.2798523565657 
-12.78166233965 -19.223569459714 
-11.831708688856 -13.727223153055 
-11.977553387767 -7.3191948558084 
-12.723355821286 -8.6768439812632 
-12.062462302012 -6.7840303464183 
-10.855593745536 -12.616196345108 
-12.03529914965 -7.3979343124265 
-11.933393076213 -5.7992683742245 
-10.197357675198 -5.7913631456397 
-12.012385162312 -6.3364180198431 
-12.154443151929 -10.233304746935 
-9.9774304682986 -6.8510313043635 
-11.131962197053 -9.7074001361473 
-11.437023565208 -7.0479460281563 
-9.5949370485515 -7.4791602034468 
-11.458826772351 -9.9237427561001 
-12.32414750317 -6.0996598063573 
-11.580731997356 -7.5031472556055 
-10.220633244511 -6.2013493506821 
-10.374518692166 -11.97143476605 
-13.248989795632 -6.1461063166299 
-10.867914636888 -6.511724144675 
-12.089782937778 -5.727326918632 
-9.5814581745216 -6.8012161162814 
-9.4128413460227 -8.7479599009226 
-10.330435961436 -7.1404821862881 
-12.475852163133 -12.103894923698 
-12.558761159824 -9.4509890125759 
-9.6962846784113 -6.5675081871294 
-12.066788137394 -8.1608092042914 
-11.181629711854 -7.4023687615802 
-10.015607982977 -8.8348317945596 
-10.232362562231 -9.9776248320605 
-11.239115659056 -6.6762183524306 
-11.540188159666 -12.823838753475 
-13.005461091561 -11.062989420906 
-13.262036828137 -9.4540394580598 
-10.285410718675 -10.233146423619 
-9.9847869803922 -9.9103745153567 
-10.032559834067 -10.321589644372 
-10.38603961919 -6.0201231197838 
-11.87209385076 -8.6821630395687 
-12.254949437789 -7.7362428446232 
-9.3118853549737 -9.5891349293397 
-9.5608987257522 -10.225266090667 
-10.845478713056 -11.323863970078 
-9.4190188727445 -6.8669873650369 
-12.869579776837 -12.531099905276 
-10.153051139055 -7.2014614972603 
-10.988829870181 -7.5224219730677 
-11.892139627536 -7.6897997609473 
-12.075009816518 -10.603496123289 
-10.676623383096 -10.436476960149 
-11.341901590016 -5.8330304577941 
-10.878298234042 -7.7005302822669 
-9.8605146995084 -13.513856649374 
-13.301422203251 -9.6431770730277 
-10.994865288817 -10.074441432745 
-10.481711337938 -5.8667351352174 
-13.107238453261 -6.7198170007915 
-10.053986610106 -10.465600407274 
-12.395927672965 -7.6921066903885 
-12.758683455255 -8.6231481188083 
-10.082289845158 -6.8651934093435 
-13.297546036389 -6.4983189676806 
-13.046152103721 -7.2222116635923 
-10.554520206767 -8.6340170855555 
-9.7529163974862 -8.1681992065515 
-9.9308372883301 -7.1531648720048 
-10.094256940227 -9.036900717045 
-10.455002887851 -8.2585126424504 
-10.275917933287 -9.3082782079621 
-11.67303308874 -10.229362977513 
-9.7725500655177 -9.7979034472405 
-11.456012809257 -6.9502356862419 
-12.25169341735 -9.5283477801198 
-12.02103526997 -9.8885247487501 
-13.250721891975 -14.252612939374 
-13.26997502207 -7.8451124588171 
-12.941736253006 -7.5911296144949 
-13.006853443346 -7.3995356051682 
-10.313354374007 -10.945259316146 
-12.773263129734 -6.9602184585589 
-10.782318268646 -5.8548411276083 
-11.951360546613 -9.0632690911744 
-12.851039664322 -17.792781045379 
-12.327527472462 -7.8914263496676 
-11.601772420575 -8.9467040619199 
-10.907627457064 -10.127960003678 
-10.009660535636 -6.9590384548012 
-10.095074487435 -8.3381721072369 
-10.582598556078 -8.6968005261622 
-13.059781056332 -6.619941314309 
-13.416947122612 -7.3591633412421 
-11.010308603851 -8.5372502810482 
-9.8422318207626 -5.9855502291357 
-12.490446295994 -7.6505825755149 
-11.633186286141 -8.5503121190596 
-12.449909483146 -6.1027418011505 
-10.304699799317 -7.0209786120041 
-13.146544420961 -7.0224593423356 
-10.048905784426 -6.026450499443 
-10.263166724995 -7.0138480340848 
-13.208668228806 -7.1892128780588 
-10.415076240448 -6.9381030995286 
-11.936268681363 -9.7180674160499 
-13.313137458074 -7.1509749392872 
-10.904836484245 -9.1350350464113 
-9.3497839853318 -9.6921149629858 
-10.607960909971 -10.2268404599 
-11.227144400217 -5.7803214402277 
-10.592676324932 -11.194071496107 
-9.7085234244477 -6.418936072947 
-9.517897663753 -6.7907630084557 
-11.933266819797 -10.801686814318 
-12.885788402804 -6.4191568531437 
-9.7996779335088 -13.490539291456 
-9.8707319404221 -8.6158211594192 
-11.730241910258 -9.0316049144421 
-13.353896178268 -6.7097509949183 
-11.499093091932 -8.0975765171796 
-10.569346266177 -7.1293475114996 
-12.867827580647 -9.7769630884649 
-12.273666791159 -8.7325290789115 
-12.831388770094 -7.2909956862625 
-11.651703747531 -7.979551014255 
-11.09751565839 -7.9411409140429 
-9.7656945665131 -6.2651339081919 
-11.605866265352 -6.8412530298511 
-10.691368911847 -7.8863782625348 
-12.314689995826 -6.2529965386648 
-10.075286631143 -11.502009168462 
-11.112585730052 -7.9879136011247 
-11.017429418357 -6.1601228145307 
-12.172510617441 -9.5047338096895 
-12.8380770491 -5.9621677284459 
-12.260870134715 -6.1499378448866 
-9.8835968769127 -6.0906764180075 
-11.754022604098 -8.3901280345557 
-9.9752832339357 -6.4130010960059 
-10.746431797736 -6.6560721341637 
-11.070965795026 -7.1982726463917 
-9.3485728723744 -6.5903891927158 
-11.49117484537 -9.2268972190341 
-12.235013858982 -6.8168796971106 
-12.846992027819 -8.6986049852189 
-10.872324513434 -5.952675172099 
-10.823193375012 -13.72841573409 
-13.405809802354 -8.2525796848219 
-9.3865058506975 -9.1040116655943 
-13.096723222848 -8.3296221154569 
-10.44889797797 -10.635164234405 
-10.114953155923 -11.538356886004 
-10.359946546071 -5.8908421041877 
-12.989752379475 -7.1849332701012 
-12.136653809153 -11.58197338622 
-9.353006524355 -8.3227588481494 
-11.492645500386 -10.504914295973 
-11.817305333467 -6.2284638009155 
-11.597794562853 -7.3264469603947 
-11.703424550832 -11.938263324468 
-9.9777266000869 -8.1412230148966 
-9.6549456303114 -5.9944406604761 
-11.561718356815 -11.576893539629 
-10.963214947193 -14.730429106552 
-9.6597538860671 -6.4299256017333 
-12.345675525349 -7.7534818677027 
-11.259249204877 -7.6428741577184 
-12.567643139361 -6.2657055226347 
-13.241012999139 -10.04397562096 
-9.362723455778 -10.698693377147 
-11.217538866798 -12.123616956742 
-13.165014367282 -5.7154776842401 
-10.754606608089 -7.0697639884293 
-10.796688613291 -7.9852208728962 
-9.991109167147 -7.5652042546418 
-12.860625948628 -6.4754353396987 
-11.679394262857 -8.0807847052988 
-12.019416765435 -7.2354574503493 
-11.958988792315 -12.693489343944 
-10.493734348201 -7.7692104373767 
-12.966722017062 -10.856243031362 
-9.5288445582392 -5.9339303845035 
-11.147532496738 -6.1708295079687 
-9.9052361099036 -7.8201448738591 
-12.10578288497 -6.203254889266 
-11.47154935773 -7.5551932637486 
-11.533361585917 -7.5109816930002 
-11.697995768069 -9.2151644419267 
-9.6411147646942 -8.7646407784487 
-13.273119763961 -8.2234837236588 
-11.353760564696 -7.7340794220157 
-10.72372349063 -6.0996449261096 
-12.00250199858 -8.0032610059164 
-12.293251744248 -9.9092362496938 
-10.2443742606 -16.745881201314 
-13.315906785608 -9.649670685493 
-10.345827188744 -15.165412449737 
-9.6908825040697 -7.4463865625793 
-11.814526630076 -6.2951537740747 
-10.458806001958 -7.9522513495753 
-9.560604814819 -7.1571088731639 
-9.9045928498343 -6.948803520372 
-11.694491553474 -9.9259335897596 
-12.506422862203 -7.9245499320708 
-10.784665493747 -9.5572246272708 
-11.838517368386 -7.0458481543002 
-13.166271395954 -11.669032749039 
-10.441377241607 -6.0044713057105 
-11.640010061272 -7.8844125841392 
-10.546141741551 -7.1588566273403 
-12.691830348945 -10.344432966472 
-10.910983350183 -8.1221657718064 
-11.440391091802 -12.377619548968 
-10.25925410982 -7.6609507921769 
-12.405684836715 -5.9272421288836 
-9.302045496056 -9.5006031363581 
-11.451407885903 -9.4984580722945 
-12.15295994175 -6.5015988187522 
-12.653721990368 -11.904153609524 
-10.695267556777 -16.43478859487 
-13.089695007986 -6.9461494765117 
-10.251611295718 -13.357408932546 
-12.156019791157 -6.7470381605975 
-11.775642616573 -9.7382711791162 
-11.700650908529 -9.6634118705259 
-13.369376786645 -8.9368904720015 
-10.086829309494 -8.1810734877737 
-13.334618482925 -7.3714010120961 
-9.8821336934389 -6.609017700415 
-10.810338433549 -5.865632418374 
-12.343501366112 -5.9759343784479 
-13.064318324923 -5.9951161311106 
