-0.28916024169569 9.7397806553639 
1.9681118737668 14.253299836875 
0.5656291633303 7.3853079205392 
0.42657476363123 9.9407947790164 
0.71241831312029 8.0916023855945 
0.40480808288378 12.465780254887 
0.97698215937451 10.210398413833 
0.115544560164 10.830187485887 
0.04713469516903 7.7391394737445 
2.2904281105699 11.826119830623 
1.4812267757034 15.958527850782 
2.3020473879041 8.4527276116596 
-0.17278251656297 7.3223405484854 
0.19135781845734 8.2386672374045 
-0.46924098707241 7.5310491882377 
1.3292949014444 10.263186052874 
-0.18449641772418 8.290785205534 
0.60608529656335 11.055752179611 
1.445894194334 8.5393387180453 
1.3617952664602 10.631198710125 
0.41692938799301 9.2433710591424 
0.7008304188095 9.6954377370127 
0.61735089272738 12.3474036456 
1.4909090759148 8.6129849414949 
0.43133521580848 11.147372924181 
1.0912746875198 11.191865767895 
-0.020874880476675 7.7187774955002 
2.0248174929322 10.441095771566 
1.9488037723071 8.0339069165313 
1.5730738790529 15.554866033199 
1.0573487739839 11.401678531118 
1.8365417409973 17.7059203087 
-0.3844168565471 7.5942140832297 
1.572552394684 16.78446775332 
2.1987764125023 8.5088059824859 
0.68565319187874 8.0138910536028 
0.6552043487278 7.726776755076 
0.60068448000241 8.9063083012176 
1.4394993961309 14.746762664056 
0.058111817860005 9.0487414054409 
-0.026657262319435 14.796074774038 
2.0109339042245 10.393640107913 
1.7716299872443 9.6636536845078 
1.1572353764854 9.7406745625335 
-0.058454783131684 7.9170313938816 
1.117998178532 8.5886138812221 
-0.24268325508034 10.898465595175 
2.2841986800568 13.405185286482 
0.55223332811764 13.993506505683 
0.22706595224366 10.254575610518 
1.5781477385509 8.2960455337433 
1.5934028491598 9.3420641061734 
1.0827180888958 7.4745420723364 
0.93360949852335 7.3088301289724 
2.0898111025701 8.4824633229463 
-0.067717037827399 10.577489702857 
1.390102361024 11.924926771342 
1.1903420088138 8.4010440955904 
-0.069097571221175 9.121509020482 
-0.10357410723 15.636438630294 
1.7768477061347 12.796696219841 
0.97930248915266 11.062405844265 
0.99464917545681 8.7996446986886 
0.25791949709653 7.5732148870274 
0.34939969094255 8.0862071598175 
2.1226424300576 11.121263765001 
2.122657340464 8.9249506582055 
1.535938408455 8.6772995318229 
1.7924787474822 9.6235997686637 
-0.026050283993296 10.387788236274 
1.9623482746721 7.4210478864656 
-0.36880956810106 9.8515004206403 
-0.45647561981484 10.716878184638 
1.9487045156349 10.977568141475 
-0.50312724433052 9.8057246049278 
2.1465120599703 9.7728611012994 
-0.031765866337544 8.3379313993685 
2.1148613372585 9.9462999181876 
0.60943670994482 9.7151059803623 
0.75646990468945 7.5263484606452 
1.5296136686982 10.805344409287 
0.72714084421707 13.222082246644 
2.3202830157022 7.5604500804791 
2.3032056580409 9.316745047601 
0.051807512031154 8.7032898172824 
0.12877953968227 20.243670374335 
0.72143046991286 9.0297003088519 
1.1647987462337 9.707687589842 
0.83166774132274 7.4668616755542 
1.6679141366126 7.6256636462718 
1.9619150102893 12.5254490244 
1.0015377506494 9.6389819110761 
2.1937454700454 9.6147447916508 
-0.17012154559896 7.2855281626633 
1.1559969117166 9.1355659573695 
0.96470014372852 9.1481872907978 
2.1730056139643 11.083374756993 
1.9486289568158 7.5922725884197 
0.12254478281153 18.207234000113 
0.39903169264948 13.659428665412 
-0.30091985209408 18.694521949443 
1.9796107425604 12.560351437939 
1.330160363315 9.158451046173 
-0.34170847114835 9.4616097980262 
2.2321102318625 11.277106009361 
-0.32934303723765 9.0789863041042 
1.445430396049 8.7143353144155 
2.0061012222705 7.8225821197689 
0.58255155417873 11.379066605564 
1.148886447753 11.987393393062 
1.3129913423846 10.678386163415 
0.11579772608864 10.731122242031 
-0.18507059646691 8.8258808654795 
1.275103588811 7.6282197176817 
1.7336838530048 11.748469552779 
2.3046216902428 11.294079184527 
0.091151328807249 10.269200618877 
1.4518808370499 10.898721562858 
2.3247903415786 9.8982260852608 
-0.340716809628 7.3918616247957 
0.4331500289555 9.3334391204016 
0.38565071225075 7.7646700639106 
1.0262223169498 9.6577741935373 
-0.35163406476998 9.971246274446 
-0.08793661845655 8.8092306395307 
-0.13079391898458 8.9216341195176 
0.35033982497884 17.473938358078 
0.45548969144527 7.3704983995538 
1.1799170641297 9.2236442275787 
1.2639135883427 8.9483501570815 
-0.41105376633237 9.7096984828159 
2.1122211312967 8.0965738608154 
0.84661588232905 9.7835141610838 
2.0747226894938 11.163799517165 
-0.48376343967272 9.400630736952 
1.9387741751756 10.918588692089 
1.3902328784726 8.220303688089 
0.81503996409859 10.91207768875 
0.34286965480963 7.8593584870973 
0.98568809040177 8.4731633179023 
0.78175867959975 10.322042689148 
1.5510793959999 12.994321979128 
1.7990075340377 9.5488136302118 
1.4899564536551 7.550785852838 
0.81423825014845 14.868023696759 
0.59569308379099 7.3016604075285 
1.0501122512068 7.768133239997 
1.4528148830931 10.256656747488 
-0.31020160034838 10.951807474448 
0.24214670001979 12.894852931738 
1.1398265211387 9.1114389077775 
1.9578826823059 7.3619704826945 
0.9439331129801 10.124368039086 
0.42461687528747 8.5306216324686 
0.37550022208221 10.855125579813 
1.9127741048471 12.059657193047 
-0.05013265314805 10.622753688764 
0.10066151702749 10.318786587512 
1.2467407537632 8.4580956275978 
1.373599741074 7.5784691812584 
0.14126326418516 9.3755362207863 
1.2809170205906 8.0650087366742 
1.9216428114916 10.014735843651 
0.45038349870372 8.4821520291528 
0.69421901297487 13.852973131473 
0.033657869826995 10.347285662611 
2.1778707723907 11.965626665716 
1.2442426931732 11.903685206349 
-0.45028115636772 9.8632056457288 
1.3181116543733 10.44146097301 
1.5203695029228 10.976102225114 
1.4769563436808 8.4617773230515 
1.6065051371523 11.044871739613 
1.3646321040382 11.60435442235 
1.3431741001639 11.930512736207 
2.0557625657066 9.9244783275206 
1.3697529794931 11.457543736117 
2.1211963857623 7.3091625347256 
1.4596644491829 12.648392009748 
2.0949330473343 9.7068340370188 
-0.15651204083773 9.2782831360998 
1.2619606203837 8.5775580498371 
1.317875356187 9.0846276049337 
1.8050817952998 10.815333407594 
0.76587884471465 8.8472856333824 
0.3923989390061 8.9643351925186 
0.3798120685319 12.054465421375 
1.8708886548615 9.1906635409126 
0.083283810574446 10.064342154538 
1.3130934564568 7.6243334827212 
1.8913312998567 7.8920492944397 
1.2339841206389 7.7682085925276 
-0.40992643754917 7.3027196296699 
0.45758119174014 8.030825388041 
-0.49542036004282 9.3767830416195 
1.4790249700178 8.508652661599 
1.659863405761 14.742665009604 
1.9578140464869 10.193471455775 
1.1763334179348 10.521413731555 
2.1947170950811 12.371799190611 
-0.24411542045232 15.479338036316 
-0.2466650268611 10.459953456251 
0.068801516842715 17.720028607837 
1.8792793477259 7.3555593519344 
1.9446782148472 11.805494236853 
2.12190908965 8.7241801685329 
1.6297860642579 10.241816459514 
1.4501457261605 7.7423114252344 
0.31301364062456 8.064289668422 
0.77056837729179 8.5285610566616 
0.61138295814391 8.8321586881297 
0.43193949384419 10.200753890787 
1.2314202235884 8.8914387013718 
0.88773466067937 7.5168369257088 
2.2045845508743 18.042808803764 
-0.15531782771409 12.05433448034 
0.73104534330345 8.9448105724443 
0.74033768687816 8.9699722790983 
0.47334843382353 8.4853802088548 
0.61363053012772 9.6009899327906 
2.1237153800994 12.336547304706 
1.5972609259078 7.4507142606229 
0.77080887118182 11.536092182407 
-0.13683104003231 7.7767589890704 
1.5718009331059 10.87148157159 
0.30603637067294 13.212339266089 
2.2157628926579 8.4402586436252 
-0.032453391535339 8.6136027037513 
-0.23420641555768 8.6034884952844 
2.323510653363 14.899400693144 
1.7367009764113 11.337813978263 
1.9003523906363 8.6722246832814 
1.1647847060419 19.046718345765 
1.2744803435761 7.7358095953757 
0.65659124708458 11.798912843529 
-0.10715949926588 7.3945269391895 
0.92142586799339 11.042718181379 
1.732423599994 7.5242507231204 
-0.049937418464684 8.8039486658063 
0.87467095369983 12.59484258221 
0.1124848583623 14.927905220808 
0.61879991052701 14.70062662351 
1.6926801657575 7.3665218285193 
-0.042353175670425 14.26223267791 
-0.10731234399976 10.254822317853 
1.9892279027933 7.6465690994164 
0.075477430825818 10.92693025275 
1.472906446493 9.5052236437255 
1.4859100472181 12.153355371262 
0.12570256229905 8.3704558236539 
0.29792430952084 8.8880196013109 
0.18119340610472 9.0213092856665 
0.64766248621509 8.9589089158763 
1.8811649682987 8.0291903995503 
0.82824587072848 8.7729184608432 
0.99332937478879 7.4734314970357 
1.3960910672036 19.959626535444 
0.99268066911446 7.8434750792807 
2.1290724361836 9.2824663576398 
2.0119336529018 16.352876639382 
-0.3740827480129 11.807006533307 
1.016360833983 11.666761532257 
2.0336973416135 8.4758298942176 
2.2714263385693 11.017582710487 
1.7402809468191 11.773188505699 
2.2698332412316 9.5793106843378 
0.82711763417406 12.548178530229 
-0.35397746022714 11.137901435567 
-0.20836836186523 7.8198324356553 
-0.32243826924037 8.8242729200616 
0.62152460097507 14.471377529446 
-0.30560770224787 16.119986108798 
0.3742656063917 7.7986645534979 
-0.2499155603725 7.292915212618 
1.0130340625882 7.9076020062125 
-0.4117139737829 7.2829204889796 
2.1893009327384 15.131108655755 
0.088057019502465 8.6760372768411 
0.80392712874886 9.2060738617022 
1.9927013375496 11.590160590624 
1.8634512115623 9.6906369555378 
1.7721619574372 10.290768069872 
2.2690851506254 8.2784184228121 
-0.10078296889471 10.812868472977 
0.61411750906451 7.7355393884214 
1.3928604247719 7.4630833806338 
1.4892229989721 10.493659580387 
0.23657939643868 10.52317929038 
0.48371683938562 12.64972096147 
0.48423616075046 17.550543855718 
1.095800842182 17.41593150509 
2.0180793870581 12.539573603049 
-0.47726012532972 7.6249249882921 
-0.2636664049847 7.3469130875552 
0.86805211434213 13.353726128466 
0.35150506971044 7.7556854048647 
2.051472438318 11.288595493274 
0.63047134925999 9.899743119953 
1.1858451733151 7.5185856317739 
2.1277345978108 8.233209144159 
-0.33758740883942 14.216986961165 
0.61851502574722 7.2708526054423 
1.820088883129 13.244673838645 
1.1829539712108 10.923187473422 
-0.51664718487105 11.614925616106 
0.20269399698332 11.221333846734 
0.82968505891289 9.1887253064252 
2.1054024463571 18.005845225599 
0.40551837594974 8.9440346969553 
2.0074631760072 8.3542926144173 
1.4571941336449 10.821076828554 
0.6264332452314 10.76670045883 
1.0708291983006 7.9641162976852 
-0.24754543137905 7.9020966260567 
-0.43013404099445 7.8970213488895 
0.28274370378284 12.112033893866 
1.0937297419928 9.0712049306399 
-0.23124870308158 8.5959177108726 
0.088476399154329 13.597250745148 
1.0949395840249 15.388602451477 
2.1488258884161 8.5122509779273 
0.060026476320373 7.8564642312414 
-0.40031796810841 19.038396769857 
0.74621615627009 7.4838281999323 
2.2666364309501 10.74616166614 
0.88023702030599 9.7772758583041 
-0.13022604954621 8.0237889898608 
2.2930997409862 8.6541112394663 
-0.42921081746182 14.411984588808 
1.5043315100401 9.1884539844609 
1.9073623984783 7.2825978448654 
1.2088939752361 14.033223359723 
2.2686020578042 7.6079995872546 
1.6791044984788 11.118985429759 
-0.20497135021645 10.653250105066 
0.3171077546634 19.057476660399 
-0.17674489662863 11.727246690525 
1.4287129282616 10.263841027618 
1.7282352255364 13.278738480242 
1.8467954236409 7.3709814065668 
2.0433502414328 8.2254121772941 
1.1644384013949 7.7665236950494 
0.84624852050073 8.9571860450179 
-0.255805200888 15.172491920818 
0.85737598178646 11.485521414393 
0.56635931295067 15.627835132868 
0.90524623234355 7.7709223648998 
-0.18061755650015 14.887239710723 
0.83192447981021 7.8445398145287 
1.5185245582767 11.884694609083 
2.0159225866207 9.3104634733745 
2.2746044356254 10.524646850518 
0.7107470976583 9.6759071985491 
0.79873886547595 10.424736084111 
1.6416975074727 10.10097687535 
-0.47434537670081 7.8224710923479 
0.8573167306551 9.6083320407098 
0.066695648480009 9.9628586663872 
2.2016288910632 8.9963295153839 
1.7670944397955 7.6022360312163 
-0.32159486299544 7.9933706826168 
-0.17051277175327 9.9693540252606 
0.27798043833336 9.8715155945824 
1.0521857934193 8.5035619330645 
1.5228009002874 9.0458864584339 
0.24043145981094 11.943209251685 
1.8781854862631 7.7632320129721 
2.0633814833968 8.4278355888111 
2.2404828927286 10.582256119944 
1.6781423301035 9.9154515974245 
-0.44231255804331 10.306211894317 
0.35207598597723 9.9559802783154 
0.94333589024033 8.3138449003017 
1.5976463877358 9.4739418823799 
0.82024878626909 13.186031378257 
0.42301514214414 15.626630265081 
1.2813060750483 19.650806831323 
2.3163739319104 14.053175064167 
-0.0088488822083354 10.308059324304 
0.53972189060701 10.88728893948 
-0.48204651645269 7.8105724790664 
1.3166248660652 7.4502391934094 
1.0331087311903 8.919445322663 
1.7422747149537 8.659497120532 
1.8541138328233 8.4892931570556 
-0.15557578814674 8.0702347477175 
0.48583707857335 9.8843283748894 
-0.45941808315741 10.683896958151 
1.0280204051571 10.4707505819 
1.7877693593752 7.3467753568416 
0.87078415564109 10.726730324392 
1.1294417733947 16.247983857512 
0.73151087778229 11.73295681843 
1.7033653690303 7.962545354483 
-0.24189389710884 10.305586981843 
2.3102326215715 8.4037262877186 
0.23816410062358 10.397679823041 
0.4506253379592 10.390508273692 
1.4242987578737 9.9323388106854 
0.80375320214579 11.24884885204 
0.41849258035594 12.759424494822 
-0.43806861264203 8.4319239787705 
1.2809764799016 13.875167760836 
1.8210447954675 7.6538805726376 
-0.28590362147937 17.862508904031 
0.26324324300508 8.9008165031662 
0.25270542708933 8.2671222721581 
0.15623924137308 8.6062936160156 
0.66053135698307 7.4835807792151 
2.010482053949 7.4025062260957 
0.77820156381882 9.8790507408506 
2.0382027988907 18.797382506178 
2.0208007656388 7.9259928876781 
1.6885744483227 7.8092023379584 
1.7087964715328 16.546102158345 
-0.033790410503333 11.421515332796 
0.3590443825262 10.516674394749 
0.89723373891397 10.297450822374 
-0.19666269786551 7.3541521449448 
1.8368095495587 8.7346188700504 
-0.094131256694182 7.5570860023617 
0.16655242839412 7.5908194158503 
0.97612908857324 8.2214722904655 
-0.51143965917545 10.233740674033 
2.2793953933207 9.8579109582331 
1.8157627191819 10.08301130872 
2.2256144335173 7.9034119828127 
-0.47497973628009 8.2685187809611 
2.2023933980408 9.2670810934616 
1.4621221899099 10.789121851313 
1.6603774343797 10.838931414255 
1.1381059445271 12.591195791276 
-0.33243697366549 9.2396501223339 
-0.0516055524529 9.5993739974552 
0.24844391921968 9.6065277311125 
0.51058559538076 8.2275291820242 
0.31194576961066 12.23218578771 
2.3066621682534 9.899248028489 
2.0064443427988 9.2243869808616 
0.47009160417726 9.3210795665676 
0.66555095383744 9.7458106478625 
0.77134805221054 8.523809716395 
1.4481035325882 8.9172242911196 
1.8728579301087 15.680139258659 
0.22453969482743 10.825908324955 
0.26990586802724 9.2878001205374 
-0.4795831335682 7.3896884465738 
1.1658783169088 8.0665829880241 
1.6849517365854 9.3469706325444 
2.0237235492703 7.3275612704341 
0.55788992878056 13.879933867348 
1.35709714991 10.767577765677 
2.1336639421416 13.235207166591 
0.13396645272878 16.481275633809 
0.24392238938365 7.943365085479 
0.44886791972425 15.239276012703 
1.3624464053682 7.7568084588538 
-0.39245416105 8.5553089925518 
-0.16802489815099 7.9626900909272 
1.1348835562063 10.43112672426 
0.44831093004443 9.1894567852518 
0.82082142937301 10.433121544996 
-0.081898283034678 8.1385919462897 
2.2726140991887 11.374267587975 
-0.088085684905337 8.9635559681558 
1.7691903877601 11.201754390596 
-0.26081449138289 8.1808596310417 
1.2865840474573 10.845964526883 
0.18630716670255 7.9824184930768 
0.21029948530237 8.8255881434982 
-0.2472027289597 9.9204979925198 
0.4958757559561 12.17533495074 
1.512534572676 7.7652499167902 
1.5329153938594 12.794724907933 
1.3190974875009 11.036447649443 
0.044289531174264 7.8883755649022 
-0.23196844605787 12.745298309363 
-0.14987778792102 8.1598743165351 
1.876553472484 9.9211104785449 
-0.28059583294816 7.5227901848966 
0.47649800227505 10.80397867256 
2.3088591309286 13.102519269247 
0.4865904164842 8.176148761019 
1.7751318414483 9.1972772531369 
1.6871127072295 13.706092897159 
1.6450570392087 13.486623615645 
1.9358737597998 14.369974003376 
2.1697320810908 8.4879427363701 
0.43457861451193 11.64847818385 
1.7699074465315 10.96231148856 
1.592306519545 8.1799940089802 
0.71745166949566 13.182131515105 
1.2156894216915 10.881196358996 
2.127983285187 8.0214862430124 
-0.009067811446906 13.259628533182 
-0.094632940997521 8.2865627002084 
-0.432873560892 14.135329824305 
0.71546363442965 7.6535467504458 
0.22003516021523 7.5750326488657 
-0.46028800881391 16.35217607589 
2.1624998999461 9.7411144660821 
-0.28267225302645 8.8697248756394 
-0.16161689500684 8.8810223890771 
0.62452550871731 12.434209592192 
0.99663615320892 10.052826797899 
1.7236553390108 10.509168448962 
-0.11205710260103 7.551852740571 
0.8924304625384 21.803373823463 
1.6064992612228 12.400792709494 
0.22966611255626 18.909770705471 
1.9981734426428 9.0024176498966 
2.0523986709607 8.9142898792968 
2.1951522017965 9.724913806374 
-0.39299913146504 7.7612485154455 
1.2680141516823 7.4451367168972 
2.281007548512 7.7473118084941 
-0.50119050260999 7.2724200766393 
-0.48939508583224 9.2863069598708 
2.2556019679471 11.499269674194 
2.1766758872623 10.901366655408 
0.95687490282966 11.715792992044 
0.050124945013941 10.301525547227 
1.0591179804884 8.598022054139 
0.40848855757752 8.9860803506529 
1.2274259623911 10.783560402513 
1.8221947376023 11.325146222905 
0.19382774225825 9.9199024823196 
0.8397426364532 15.029724880547 
1.6362354963999 7.3712015836384 
-0.42660150543213 8.1851768475465 
1.9610976649044 9.9674237471158 
-0.2364003216796 8.03589082541 
1.614687611577 17.352846406593 
0.27839057775879 7.7663119445686 
0.016834691821601 11.076634743854 
2.097765561101 10.65352725496 
0.3144894648153 17.038533781585 
-0.18166459778704 7.4782185802935 
0.29351229031375 9.0080292834098 
0.9913889555011 14.889980480709 
1.7954410098064 9.8658015951805 
0.61403710423155 8.1299849327598 
-0.22030395274333 7.9111313101904 
1.899388509939 15.09364598129 
-0.51340792823485 13.285162160398 
0.4274114336309 10.172270573997 
0.070928113585821 13.475786692494 
0.7362648668066 7.5820702467125 
1.7957985469567 9.5307689349233 
1.8295747486136 12.22803588626 
1.651178147977 15.487979425392 
0.032944308489562 8.104352118749 
1.8658951659407 8.8632536656825 
0.28948714979172 9.9249451212992 
1.9879943873761 13.516166382075 
2.1051579093882 12.380177449643 
0.1607173651854 13.683993954843 
2.1107798497069 15.879790923381 
0.3272059012673 8.3791800130175 
1.5816096291987 9.4956730447341 
-0.36596855304154 10.718717830402 
1.1929680771426 9.9646485898729 
1.5095984234369 8.4239749533687 
1.1398671271842 9.4857809384151 
-0.22584758367227 14.372779121626 
0.15400666357653 12.550573010645 
-0.45701612159822 8.4524282118781 
1.0686183541672 15.39302519797 
-0.28050617088851 11.013273893548 
-0.32366189089692 12.282054822966 
0.1197492606963 13.016081345076 
-0.14471895970716 7.6269041669842 
0.43512181666127 16.952762047053 
1.4028205613828 11.919686539801 
-0.37389706418687 9.2867977062546 
1.5211285969823 13.654045725414 
-0.23798907127796 10.679553091658 
-0.025056877999098 8.3096451449341 
0.81525530394308 11.719917083307 
1.5603362148352 10.81608706585 
-0.51179939235729 8.737559751278 
1.5798766434098 12.018569493268 
-0.010113918691209 7.4107525733165 
0.53288080757275 7.2911660728993 
0.31985074781208 9.5818170430362 
0.64042997640464 9.5994708284981 
1.092551648694 8.096087202776 
2.3111945755415 8.5536229724353 
1.4397827687942 7.3146776754272 
1.7365530561624 12.558804034714 
-0.35479413917931 14.96696076019 
1.2680728103851 7.9581829484461 
-0.10966486521304 7.6854916166953 
0.86497282723708 14.057876383295 
1.4951606371982 10.635241139123 
0.5765484560489 13.531782665185 
-0.50371668844033 12.537447772238 
2.0697631764082 8.0649691945913 
0.74953283203304 10.468734770339 
0.28902452268296 7.793181511295 
0.072494919284413 9.0063465350582 
0.1118970118481 13.204619027205 
1.0016932069508 10.40467367611 
1.0914745282055 13.399787016892 
0.59426714056099 18.137014578638 
0.024862637050109 8.2677275357826 
1.3164757871145 9.656764200086 
1.7760818803579 7.8544549096761 
0.57348699953021 10.28992389476 
-0.32387299595797 8.1842652065848 
1.4935231474636 7.415781898697 
2.214651222705 8.8179799492305 
0.312432018529 10.129385032413 
1.8325887426373 8.8539369649144 
1.7216985025326 8.9424130806354 
-0.29908010469871 9.7180734143649 
1.3528351677891 7.4174578406061 
1.5715041730928 10.448158029296 
1.1498841244903 11.057539997526 
2.1919755740155 7.6779932787946 
-0.36481498401974 10.43183760135 
-0.33162019120264 8.0741940307202 
1.1958742670958 9.0111536867525 
0.53130432513782 9.2816367074155 
0.65441617999831 17.040304414297 
-0.32175746771081 14.704087802173 
0.42933773059939 10.550359572345 
1.0479497337439 8.0756011999829 
0.6252710861239 7.4047586068879 
1.9842798251787 8.1073000372879 
0.92035212168928 8.7883856178437 
0.16962874050197 8.3531861127539 
0.024702484381312 18.769768281873 
0.43416315489608 9.1877195389495 
-0.42631326672321 10.763996737052 
2.324378730399 7.671958789875 
1.7779701409058 10.895444796185 
-0.362154244312 11.675081994987 
1.1171369869251 7.2875827935435 
2.1405569034903 13.426159734319 
0.8817631078107 9.6639373239158 
0.11249482913162 9.887942682697 
1.0257750547221 8.2012138626241 
0.8405135286184 9.3251859819845 
1.0469970773956 7.3445859360671 
0.16088960651347 18.249159207609 
0.11466340979655 7.2842619956933 
1.3218248262319 8.6494880009125 
0.092852219302449 18.139480040174 
0.49977701812784 10.489085774706 
-0.22898734527499 8.0682685156262 
1.2478511495563 16.285135922808 
0.18419153108105 15.618979724014 
1.2352298862451 10.241143925102 
0.017608084527143 9.240115704212 
2.2606744418918 12.915931364171 
1.4218265816532 9.9566047422236 
2.1398899805148 8.7446931512508 
0.061465316819188 17.392548736211 
0.50924352060637 17.459497375076 
0.15076814015764 12.696635217954 
0.98899949285083 16.910533564166 
1.3019372090844 9.5537182397972 
1.4351042738542 11.220676664688 
0.98866886769337 10.719584668117 
-0.2726369017162 8.2345599454851 
-0.22096507655811 13.396175985114 
1.2884723645224 12.009596431052 
1.3358371704041 7.6870548800192 
0.72772653798345 13.713366993426 
1.1041109688434 11.479451606935 
-0.038412167603264 8.2254705519405 
1.9562462185969 8.0435000850989 
0.56346246423899 9.1405568988952 
-0.29381659593859 12.039416846775 
0.28853730675097 10.814736204669 
0.14741586016222 10.348393968824 
0.11892984264768 11.284324741979 
1.2197458834129 8.1003622108677 
-0.09855188832061 19.648150958288 
0.19907450423577 9.6347917382231 
1.1043705723981 9.473727345583 
0.1286846092918 12.560928059941 
0.192400765223 7.4360503803807 
-0.4986933996736 9.7096668493339 
0.54095668263297 11.092397589178 
-0.031051364779092 12.085775314152 
1.140454848078 12.778121215404 
1.3776727638912 18.379419838661 
0.84816603431911 11.970140445608 
-0.15163529578408 18.320692854841 
1.5930987271298 11.509163630364 
-0.072565461010619 15.075309763718 
1.828581834985 9.4511250961086 
1.8288284681449 9.5721043457899 
1.7150653949376 8.8619318641905 
-0.39494293957821 7.5934072862559 
1.2710423148735 8.4135010918932 
0.14967835838331 7.4987870351454 
1.2782028822789 12.681834412326 
1.3318783954463 11.043984530817 
1.8391377427188 7.6158900408996 
1.571464156864 7.7730103440308 
1.3104969691484 7.8987828046025 
-0.14423671904582 8.1935134613137 
1.6681424914979 9.488238038879 
-0.50867552495185 12.875881156083 
-0.16868356857368 8.3797678581566 
0.65738916062394 8.427841639296 
1.3794768939647 16.564394212947 
-0.0080035367643241 7.8618156805454 
1.0328231786731 11.033049458141 
2.1469319343747 9.2770378199163 
1.7683226236001 11.4336167457 
0.58166740428086 10.422174878747 
0.40128867410322 10.915328312476 
0.25729636400171 9.1470516646105 
0.1822657427429 12.433627710021 
1.3174188529396 11.587105155872 
1.2805694183128 14.658895936991 
0.53332333644369 10.462285514731 
1.9148224255511 10.098274283281 
2.223021107457 7.33622163362 
0.096890249518688 11.299120147767 
0.99286594246897 11.683502407342 
-0.10647071960699 12.361076548587 
1.5918758842662 7.4069489745201 
0.79112622923703 13.897696166393 
0.70513765282041 10.430088774171 
1.4367801611031 14.985806936663 
0.44089812695002 11.592226371014 
2.2179298759406 7.7806812180083 
0.18214449041517 11.726028350709 
0.8184132635365 7.5503325506617 
0.3455083491393 7.4159745996926 
1.8995330649377 17.4982725517 
1.9214436715197 17.494564609592 
-0.51560706452219 9.1485945886589 
-0.3985891319284 9.2175981305898 
0.45447585919751 10.068984329482 
1.2923210580628 7.7909871795115 
0.015180475137064 9.0705271088713 
2.0181658070667 11.010430843792 
0.45569993917623 17.542624890631 
1.5923576984333 17.123802615889 
-0.17715067342947 9.5545482759839 
1.6518049656979 10.870796237135 
0.88308305785313 10.99262688759 
0.86482422188829 8.8578453569431 
0.77862935520561 7.6250185598716 
0.91695050308819 9.3130591974463 
1.4026350401934 10.495580702337 
2.0508850510997 9.7017730976512 
-0.34170141644603 9.2123080653193 
0.47276227934415 7.3397056569205 
1.9993104125983 15.044180856952 
1.7925517305331 10.209945656216 
-0.15991258300032 10.412842678885 
-0.33626047919241 8.7118019402829 
1.2025805176059 8.057985295844 
0.34098440337662 9.2611854391091 
0.39925342433295 18.555671910052 
0.26647792438422 9.4431995145448 
0.77690043856464 8.8476074497498 
0.11796313653833 10.454407557781 
2.1172068345742 8.6643759781512 
1.1578214426725 7.9240507186905 
-0.33488478449656 10.383773884227 
0.023915889308674 7.5662660351931 
1.2149903364424 8.0200869349105 
-0.46676497829783 9.7558530310667 
1.281422475902 15.430656938927 
1.4233742765801 8.8497530524241 
2.0946773101604 12.232510663282 
0.6932908609413 12.580675757861 
-0.14073213195989 11.794913754911 
1.9893770146641 9.0542303565936 
2.3190124288885 10.204632127217 
1.7503883555344 9.2107907908378 
-0.3274534352936 9.2150078047997 
0.98811665524931 8.5069229461076 
-0.16118926390419 14.246562862127 
1.5648755678863 9.3781518010021 
0.21084986995157 7.9020238639895 
-0.17848401683517 10.13210811889 
0.60355575285904 10.802429438606 
2.2122451900548 12.679380970461 
1.6986264952346 12.590890584866 
1.700642718773 7.6525015089065 
2.0610636309399 8.2286834699939 
1.002787524777 7.5031687542024 
1.8474374403619 11.802282590963 
1.5914287495172 8.8229567803855 
-0.24099839503648 7.4984212010697 
1.4432135097142 11.372378769791 
1.6912333715908 11.916457974851 
2.0434068681665 13.981896914817 
0.42410188965747 8.4053800045603 
0.54577120876148 8.0681076240955 
-0.26881090352951 15.646402454866 
-0.25091117344769 10.849537537672 
1.0845955464888 7.7316915709204 
2.2815629505699 9.2378484550914 
1.9680003685115 7.9236906931179 
0.0952011497664 7.4483973257633 
1.9712652174923 14.382852055425 
2.1833224484021 9.1192378021464 
1.7700897603752 7.4686158997026 
0.81508171982244 7.5359986144351 
0.44804918049702 7.8549802828389 
1.3967372921309 10.140069428356 
-0.12844102561156 8.9392258621998 
0.90143846340869 8.1125185462314 
0.1159371415627 16.523920337906 
0.82164763806223 12.222186949042 
-0.045692494769296 9.2023409536026 
0.84678963702332 11.55870368072 
2.0379922677397 7.6391077404062 
2.2908082714558 12.817372142828 
0.3624668699182 9.7268961427229 
0.14360716094142 8.0967040326191 
1.9102584097083 12.476520299651 
1.0925041024957 9.3877418551098 
-0.43094316217471 13.001422476371 
1.4399301122564 7.6656433281457 
1.2276523326192 9.5665885724372 
0.43824081560884 9.2647319869251 
1.0974849655209 9.1276344419619 
1.0944583213707 8.2849501283585 
1.473992581948 12.131945315375 
2.2982241363242 7.4599641683217 
1.7517177132099 10.243143260459 
-0.49607411427039 11.165654374179 
1.5252283072129 10.408341207703 
1.8105119043844 11.108843757448 
0.39945821330139 9.2577508192716 
2.0068322717291 8.9404913468427 
-0.22526556582762 9.4832946842781 
-0.067477908932073 7.7083624291151 
0.28540401469185 11.039130827795 
1.6176921053303 8.3277665079182 
-0.24866447936619 8.8929459689564 
1.7108569619019 11.791344367567 
1.7353246882774 9.8939888956416 
0.34461474382724 8.5753975440227 
0.98703376616993 13.446217365933 
1.0340173224791 8.7951015238751 
1.2265655194879 11.415185766198 
0.76948668606995 8.9038146386062 
2.2729520098985 8.4453638898509 
0.75893577218582 12.500568853503 
0.79701497715373 11.110949833256 
-0.21786323108976 16.465829639289 
-0.37596378266388 8.5318629551232 
1.6775871803455 8.1021906961744 
0.063216155180283 17.486747416548 
-0.061099067923672 12.576218228918 
1.1060590033762 12.909328786338 
0.71494671477969 9.2536747719024 
-0.41188237549226 9.924470347664 
1.1063078654534 8.9671306745652 
-0.066127989301076 12.444811584134 
0.56115427278633 8.1601729700191 
0.76951053097969 13.424857915116 
1.286260455349 7.5063854125813 
0.55326599088966 7.7667580448216 
1.8386924812583 10.458281630987 
0.4129518523936 8.1307346364587 
0.49429892460098 12.676002026767 
1.4512850395168 11.041149127653 
0.45925218037217 10.707208627768 
-0.22604632237127 9.1483334955505 
-0.36138007902131 13.314848561802 
0.95987862991334 9.6082066123572 
0.26002124921906 8.7220721683124 
-0.11441778251324 11.078522767543 
0.30195540044706 10.635876675575 
1.355639120086 9.3735655860386 
-0.02560575872979 8.9433036923907 
1.7837447720795 10.731584077001 
1.1789458624855 7.3582366992884 
0.6753311651016 10.197823446512 
-0.13103846905578 9.471289270849 
-0.37221059697834 11.594390961943 
-0.086444808316761 9.9808093636455 
-0.08154227491414 10.592008941099 
0.68001141619096 10.372217781494 
-0.1488406735107 12.137387084383 
1.3895895726054 13.364446371035 
-0.26054579745851 8.4805445267389 
-0.39635787846177 8.1003508814358 
1.105129063141 9.0277382861558 
1.2613324973681 12.463131377413 
1.5738269430499 8.7033975301137 
1.5444134376666 11.942279229754 
1.0708104839887 9.9403303133732 
1.9132510454051 19.152752096291 
0.33053303146983 8.4643712875192 
0.59837154583108 11.097462709818 
2.3131633776828 7.7532915247832 
1.9136452358554 10.835230179937 
0.043203160277597 8.2151274348335 
1.0476315383442 7.4455247116781 
1.7104025429734 9.5620858356247 
0.046322756398671 7.6947341752457 
0.96332605045849 7.6666935919271 
1.7493018273678 9.7187497901701 
2.0641524483501 8.0200548399496 
1.212708131601 17.497829063792 
0.20254929906644 10.277549166731 
1.8843262787346 8.6072088630508 
0.19399616240938 9.9715637133719 
2.2538309278824 9.6318767159523 
2.0543607411738 9.5342674428437 
0.55687150177155 9.1332028930103 
1.0041926883961 8.8572456540361 
2.1584735143371 8.1474605363933 
0.48665773903095 8.6495339940742 
1.6483249187693 21.752817381705 
1.5065073135594 17.649221073737 
0.73699467407105 11.0998791548 
1.5174331287851 8.4945990521067 
-0.34133996083496 9.6991236466665 
-0.22455406085255 9.7721050991243 
0.37271203023504 8.8023808542092 
1.0862955353009 11.415785425551 
-0.48852746129422 7.8033903358445 
-0.27522717823585 11.069430678031 
0.4638924859384 8.4685398637111 
0.61541964937641 8.5491070147697 
1.0540825096782 13.518221264828 
1.3321060791741 7.4192706477928 
0.91776168998017 7.987547517449 
2.1244567284504 13.342802423922 
1.3590387125469 12.475485283213 
0.52179433371134 8.7268211098892 
1.7787337814526 8.5712500643043 
-0.20328511344621 12.75099510663 
-0.11006733465987 7.3157663309964 
0.019464115476054 9.791074350814 
1.8978812502386 8.8547351373057 
-0.26306904025062 8.4462458213998 
0.76028204197287 9.9620416489676 
0.74584817831505 7.5540103888923 
-0.17290844190263 8.7796918910341 
0.6175171504207 7.3304590805649 
2.3045930015502 8.6282356119762 
0.53416684605778 15.150008499846 
0.58397678906548 7.4029764045922 
0.72383816923103 9.4724301182214 
0.36548230290412 11.285243472909 
1.0649240685577 8.8472659860228 
1.8245142055831 10.658970384273 
-0.011009434316797 10.769838795584 
1.3998414389895 10.410595599256 
1.5081075587025 7.9663926796008 
0.87008368939413 7.4004155134279 
-0.3920470989151 8.4466897482308 
-0.20108518182708 9.2816803147313 
1.9182776038265 9.0289047421216 
0.36480003933245 12.158660228506 
1.607401247512 9.8006062976198 
0.96562476757689 11.158342842764 
0.053538766713588 8.0338463717143 
0.41417541905192 11.881408052522 
-0.38176958500109 15.23410657551 
-0.49950651324413 9.9714347976039 
0.5812961624289 8.2212944534444 
1.7863954822966 13.311654257418 
0.74452748575526 10.067050691448 
0.16248748139944 10.490253437687 
0.017075853973798 9.9669663054286 
0.85236195821294 8.8467242073139 
1.4739605108479 10.92450304965 
0.044091503014751 8.4248891183319 
0.11830775556808 20.439780075706 
1.6623783957976 12.31635824247 
2.2231220915381 10.002262249242 
0.4043566076187 8.7913721568161 
0.23578125496017 10.039220173583 
2.3133813680502 9.4873398972961 
1.1883800303335 9.4807714736154 
0.67920818849968 13.211591337926 
1.8428550343674 13.807935174054 
1.1841181946518 7.7709360833597 
0.44040930106534 12.784443482265 
0.47646974897604 12.594924181349 
0.16800966370178 11.04788603222 
0.31699309941945 7.9932989391391 
1.4230287930571 7.7919285064483 
0.84215415711815 7.897897912323 
-0.50530493395421 19.874851611957 
1.7598827656849 13.997434702417 
1.5529600491895 7.3749027944534 
-0.080534871940628 12.104908564866 
-0.057156486065397 8.9432384595116 
-0.23986896016005 10.255568905501 
1.977847647996 20.001125457253 
0.43150093780129 16.559998279357 
1.9388322089784 8.1312541525536 
1.9532616344937 9.5454498607141 
1.116260160665 10.691567145154 
1.4236704622895 10.804250927558 
0.01512578048292 7.9313762295998 
1.4777369044407 10.376887791585 
1.5188953751848 9.3448936861822 
2.0666181300039 7.933424767546 
2.0670938906751 8.7241820787282 
0.43601540974695 7.4907616883582 
0.87001552756955 9.7467778981027 
1.9833733168065 8.4753224292783 
-0.25041339514685 12.811304284064 
-0.060528018581594 14.79729699083 
0.82675961748755 11.75815962285 
1.3653749246593 12.654435606328 
1.3010154966613 8.2017653273854 
1.0666611718226 16.328577419302 
2.0143740683271 9.3221580578708 
1.7112012322373 10.193183860837 
-0.25551497076819 7.5327589966561 
-0.21140931202188 8.2133974510113 
0.89943352329504 14.744484600189 
0.97499941288667 7.7009559119678 
0.45971154410294 13.158380901064 
0.29187344170315 16.327956573203 
1.8859776651655 16.646604999951 
-0.4670793587445 12.162463349585 
1.6513422235504 8.4595906566743 
0.0034485487106473 7.6067416598084 
0.81899964671053 10.933043497265 
-0.044593401066032 10.32075918212 
0.51848801252526 9.3291135327579 
1.70063025985 16.339739249911 
1.1512657717984 7.6859033494271 
1.4665532417785 7.4116710081079 
1.6083623216346 14.070313421746 
1.34346622019 10.555120712945 
0.61333549222505 11.079329854124 
1.1851468582254 8.0950516553956 
-0.068353209737639 8.1689619815064 
2.0389768817121 10.122540409274 
1.0307958272225 9.8010836544046 
1.9469407480741 11.760116218313 
1.7714286183445 10.127359902575 
2.0291743787773 9.2776613813194 
0.64119570471114 9.8031599119941 
1.8077020385535 10.067201551115 
2.144462079829 17.948656083981 
2.2760104652371 7.8789137707747 
-0.26723407552767 8.6518001273903 
0.69710697861443 9.8254689248661 
1.4957069664758 7.7157538857224 
2.2021496679883 11.552710948913 
1.4497345621325 9.5713078214793 
1.6146021322418 7.5376154550592 
-0.32536504746918 10.715677605204 
-0.20971811934869 12.452837782269 
-0.51312022870622 7.370311841415 
1.8464256694304 8.4460170103565 
0.10011920986284 9.219645773972 
1.8321660087926 9.6577092194177 
0.22999116491246 7.2768187309384 
0.38300589519546 13.555651970375 
-0.1932827157673 8.369805539445 
1.1481187533266 10.757684470543 
0.38496661674249 7.7270274950042 
0.32510621954739 13.450761073638 
1.3279035164545 11.213939798565 
2.1527745815743 7.6159119855985 
0.24406399949247 16.883916791406 
0.6627391495738 10.230460034054 
-0.2708510623766 12.199587778834 
1.4153757525424 11.203945852034 
-0.098073065534594 14.433877993737 
1.1015011329317 13.988536439921 
-0.49652237827437 8.6485941028144 
-0.082810210722525 8.8373672154324 
0.86321488158936 7.2746217388507 
1.6284445738167 8.7401740114434 
-0.47849312832909 15.281654110021 
0.57474750672949 7.7873184231454 
-0.30198634442088 8.0976470696827 
1.3977966254661 8.794496914877 
2.068711196046 9.114488794532 
-0.085286016825591 20.002247053686 
1.0969789422607 13.580324376648 
1.2930057525807 12.023839961489 
1.3697702252723 11.363117709635 
0.9557908425464 10.682831825756 
1.7583355119815 8.1717983739479 
1.0734167719706 14.83778640351 
-0.44951122028206 13.219219063228 
0.40410343961508 8.2021063676512 
0.75333052452701 18.073796480928 
-0.33644665623786 8.449713711438 
0.6294718800207 15.448164492514 
0.15149061241772 8.3364912679967 
-0.18438335682674 11.910106047317 
0.9661932976854 9.9103803819254 
1.2197030970045 7.4917687291775 
0.87967245681675 12.869192166814 
2.1269693987685 7.4047721224815 
2.010217508327 7.5657861169581 
-0.47384310510161 7.3555033596868 
0.78493485670932 8.3239505002562 
1.5376329721785 9.0829095997388 
1.4324904043734 10.615738261768 
1.3727705264176 17.41094150455 
1.5142672972634 12.153955264046 
-0.28496084063601 10.257276225327 
0.28319041734508 10.741764792198 
0.40274184811377 9.9647827044186 
1.3836588788083 9.9948967121192 
0.25891599508189 11.208110135929 
0.28416246898681 17.568803475942 
-0.10362277338525 9.3899235471059 
1.0055326107091 14.117286642835 
2.0113893465708 10.355060853526 
1.8405076259406 15.072074393268 
-0.4984572586655 8.7758198305921 
-0.053776590506443 14.8577009847 
1.3068143035677 7.9333946610008 
-0.3763239881493 7.6505128194526 
0.62773441878347 8.9449321814957 
-0.22535856228639 11.492324023308 
-0.19407222622292 8.1944041806577 
0.13040863519998 17.874330049238 
-0.11309243290628 16.468347734699 
1.1327892895634 8.6393135037031 
1.3266140332359 13.006886164523 
0.57909014099017 17.811365836316 
0.82778541819895 7.8859802198621 
0.54925435623168 20.146112647269 
1.5638530654295 19.871026789755 
0.038959667735015 9.7937934220947 
0.59996266757335 7.9945642671961 
0.71363750887624 15.59008037291 
1.7724267994161 15.061217516095 
-0.39595724784789 12.465536875492 
1.3775947506508 17.715437013557 
0.23672025596255 7.6611063336315 
-0.30583207145277 8.1563321134464 
1.7922263229261 7.8309708399924 
1.7442780461997 13.503457738272 
-0.33822064441278 7.8264003016478 
