11.50643553357 2.6931466204403 
7.3949166309942 1.5480518855743 
8.3817584304717 1.7529807160306 
9.7679481367942 2.1168335682002 
12.619723513195 2.0149386571737 
6.5749167275357 2.5887053444141 
11.725141220801 2.8007585844845 
26.621155237513 2.3016998377236 
6.8191440885727 1.8486356621922 
8.120330527785 2.6521890425537 
8.5233221317887 1.9912341852178 
24.377871550848 1.958192944973 
9.7992247352253 1.7479110349534 
7.7907634039038 1.8648580803023 
16.429138611628 2.4700915083668 
20.362958209062 1.8775757529474 
11.572834796931 1.918833851599 
12.563575169656 1.6440298238575 
6.7808481431451 1.198112980216 
13.872853974068 2.0424695957564 
15.673815356738 2.694625600417 
9.1151120934069 1.449263406926 
6.0290657169851 2.0459442981419 
11.800928500413 1.1952189624268 
6.5718791831265 2.7309387096414 
6.4260374431358 2.3172230767423 
8.8576587324322 1.7771709916453 
7.3757206018494 2.0177378671019 
8.5839885499818 1.292497746819 
7.0637530055171 1.8080525636051 
8.0505999920988 2.2701234704484 
8.1810074140955 1.1875928794114 
10.547504945764 2.2534051503582 
6.5568045530855 1.8856233695389 
7.2284321974177 1.1992387175033 
9.4478824642173 1.431657844616 
8.9208406518727 1.535159954458 
11.78363546394 2.7342697214147 
6.1873946750236 1.883279414121 
6.0526783307947 2.6651641886165 
6.7075713777229 2.4055607068755 
8.9752765713009 2.4734944419666 
6.3290161265264 2.6195471880271 
5.9958734939057 1.8981640153773 
12.342282086065 1.2834567269995 
7.2620583490813 1.1869445157034 
9.292994243999 2.0988773125138 
6.9789538241657 1.1894608924894 
6.3550455613207 1.8233555984295 
10.747729593258 2.1971283204592 
12.799341345273 1.2593810372832 
7.8955536161931 2.2061533787103 
7.2061339301023 1.9724454623004 
6.6667263878708 2.0605899748461 
6.616301341828 2.3557213052688 
8.7197071198795 2.6729881857941 
6.2424096535016 1.4012093964328 
8.0391263182228 1.3358911149223 
7.598882855543 1.5252837933178 
6.1180046757784 2.4876600113985 
7.6590262301885 1.3584759061339 
7.2875718655135 2.1381110561186 
9.5199321463629 2.7037992908892 
7.6611684388039 2.2431562907266 
9.7778742714589 2.2269033525809 
13.374957781234 2.4575754810956 
6.6688698850025 2.7729216452444 
13.716286099865 2.3189560783688 
9.5016631168515 2.0255609904879 
6.7785054820099 2.4661246190319 
8.8806751246076 2.5234565643822 
9.654913142465 1.2719942001576 
10.675777519783 2.1330202692537 
7.0061599655689 2.4514385519016 
17.068910986194 1.7702080145581 
11.018505608001 2.2865551902444 
8.575470789408 1.6880463772933 
7.2777936175056 2.3478879689877 
9.1872072700478 1.3419645847495 
7.1994707355431 1.8705733117499 
6.358892528394 2.7855521437193 
13.315537855134 2.220248614183 
6.217499473167 2.0641349834011 
6.4471706142045 2.4211275880591 
8.8584132717643 1.7447998599407 
8.9110570875294 2.0140375939164 
6.0638589238702 1.5480172032943 
14.629461476764 2.6041291386989 
11.470431234626 1.3863329954213 
11.351530201134 2.3303443425094 
8.4667826775495 1.9446056990381 
8.518657382567 2.2901599175414 
14.843052534842 2.1297160376701 
8.3378042270336 2.7330193812902 
6.4580688873905 1.4661527246791 
12.14332694705 1.5443791181909 
7.9320057952736 2.2724874224643 
11.73048883866 1.4796656543471 
11.371355013145 2.1664554884277 
6.4347360168728 2.528081175963 
6.0111523911661 1.8619243816474 
6.81755857323 2.3361735706404 
10.617565294043 1.5493027913776 
7.0313612273809 1.8387063304837 
9.7965468599869 1.4560484449528 
16.602724123266 1.4981758156539 
8.1468126697342 1.8548349020183 
11.421108350247 2.3581281127785 
9.0828151960218 1.7874862505558 
17.905194898835 2.7205297221114 
12.603270040743 1.3825293255182 
6.1350247252618 1.4648247339932 
7.7249658302824 2.7452850613944 
10.904107628189 2.6579448567713 
6.3291371709159 2.062404145733 
8.34365307401 1.613632841331 
12.253528495549 2.053022233285 
6.8770203257079 2.4850436180652 
6.9726369057406 2.04418381977 
23.224512704397 2.4820694001214 
13.641128331727 1.5405215104061 
18.577145775068 1.1858164395301 
6.6547657997132 1.562764667004 
6.4151814672112 1.7943798201379 
7.8198953142864 1.7032481682697 
8.0320155164581 2.4330510235993 
7.9920441399691 2.4092686218169 
6.3652441146478 1.9230373902299 
7.3047456228489 2.7615616572303 
16.105353354374 1.2696345595447 
11.110134144447 2.1723554836846 
7.2290758623149 2.2660660018938 
10.182103927726 2.6208004965511 
6.6020423750603 1.8535302369434 
18.61933366652 2.6261712925073 
10.420046811599 2.0678609905238 
16.482390379257 2.4079886931947 
12.745532588184 2.1573583727891 
8.2463176640533 1.9488107781848 
7.0626724375185 1.3359342969398 
6.6628346972027 2.7795593852434 
21.514798464942 2.0726072555713 
8.9962677250131 1.8499807118199 
14.546490367104 2.7391990961874 
6.7863704248545 1.4829406750399 
13.81312529744 2.0396590083181 
8.0808698261212 2.1573291339606 
17.570652202006 1.7151383607982 
10.429730517539 1.3682754246113 
6.6300131223946 2.5253506585555 
14.218475437644 2.7480732615381 
10.932392930038 1.5510725376923 
18.887978925105 2.2118020583675 
11.287034092809 2.4234417363526 
6.1781256148712 1.5973817590589 
11.746205174835 2.254461004789 
6.113774517276 2.5035340157374 
6.9689152277852 2.2435305568396 
17.221613858856 1.7945174373415 
14.4664527653 1.5450480219813 
7.8750471893578 2.3673280963691 
7.5928737568368 2.0865800029809 
10.518657540068 1.4993004101742 
7.7228558222676 2.5726813660092 
6.9779209900773 2.0654876136189 
8.5750911213047 2.1356128518721 
10.710312449499 2.4406458169709 
6.9622096965419 1.1919820204471 
6.6081461026203 2.4557057565674 
6.3471718865458 1.8478870439523 
9.1010806510142 1.881273552426 
13.254888732898 2.4714161362603 
13.195906176397 1.2397249880557 
15.061392210843 1.4527904623489 
6.789289890032 1.204144790435 
6.5784703362951 2.627447788744 
6.3258768575799 1.6571902405323 
7.5155057536396 1.5678440465008 
6.672278999156 1.8922047646999 
6.0543741781318 1.7592083616124 
6.1171351462302 2.4898627006753 
7.7896945165975 1.4316680605284 
6.8934081216169 1.2754047822637 
9.3929978428105 1.7705063769253 
6.5077201332242 1.5500837769259 
9.3208716857792 1.7897271643702 
10.182131698015 2.2233576087468 
13.946743137959 2.3638089300946 
7.5365545792331 2.2294701709669 
10.808943862899 2.1128730585541 
6.0821048563267 2.6360136191655 
6.6587320267277 1.9136243094979 
7.3138047037895 1.2402263323802 
14.463565510383 1.8885562630592 
7.3605826811282 2.2085951959302 
6.9071667296254 1.1933859457556 
6.2574315763352 1.9227356127112 
6.8543207313832 1.7462836943696 
13.702298716357 1.7300129636719 
6.3503429053791 1.36482995682 
12.402289338825 2.0875722679154 
19.774457466349 1.6717486600395 
15.04368900579 2.1355230876105 
6.6949268222379 2.0355727998638 
14.313581431606 2.2453780672357 
8.5689883376802 1.3939423046957 
12.020918016076 1.6189201497342 
11.29067044174 1.4144325501899 
15.623947300325 2.2182677679938 
6.4976816275657 1.9982063588172 
11.738877868005 2.5105825638159 
9.2753386374577 1.5780051475301 
6.4671532513519 1.4751617001371 
10.018053302722 1.6232167768684 
8.8838279379494 1.3426787232872 
7.2505819360587 2.4744697623842 
11.198134963041 1.4451129145283 
7.0166828976923 1.7350156274178 
11.17725056263 1.7181780008487 
10.914017541003 2.3429304980883 
15.545792236018 2.7660323528828 
14.282443872338 2.1670608306443 
7.4983171775781 1.6243639413415 
9.414818312025 2.4304761147901 
10.754612826458 1.3233250393201 
6.8641814459621 2.3277890814214 
7.6892422073084 1.8712218638813 
18.390683175191 2.1182291132618 
9.2205466722828 1.8750880264281 
10.208495652452 2.7361747654543 
6.8558764345956 1.7911303314242 
6.0909520378013 1.7125304658846 
6.8583661020836 2.5913169292492 
9.9603055607172 1.6315097471139 
6.2667535280123 2.0688637793838 
8.3731072297486 1.7156205172045 
12.294646515041 1.3427743346022 
9.7156899366333 2.3202494976332 
11.335576312579 1.9982772515893 
10.021523189764 2.2438780630851 
9.6363365817459 2.268385157916 
8.5635056450303 1.9841854809419 
14.080715363756 1.4664181785098 
8.0103284764064 2.5675077966679 
5.9501591924821 1.2115416714581 
7.8735846883905 1.8045348103833 
15.775474480301 1.5046567317499 
11.969119408509 1.4560794311193 
7.4628122638635 1.3140882216164 
15.457783635538 2.0766374385123 
9.8094161722905 1.7095350893827 
9.0497338017706 1.9500198302996 
12.089999027293 2.1019262034703 
6.4228903871398 2.232156240288 
9.8293664859762 1.968908950836 
8.3455644600196 2.7064592734046 
6.5554284125964 1.6977621402421 
7.5571835364307 2.0089273826023 
10.015813432807 1.5572250000057 
10.395084268488 2.0496796273411 
6.7371355228763 2.6204790225199 
6.3948825739654 2.039984953922 
8.2426305748001 1.826298028222 
7.1076745356961 1.8197845208349 
15.525416120277 2.5385740090676 
13.047407290181 2.2113786971657 
26.924329204739 1.4030982698364 
8.4439456749296 2.0714804806653 
10.4421673696 1.3838707830725 
14.583118881178 1.4869998023346 
6.7608982835294 2.0888783669432 
6.5149508812253 2.246107298005 
9.2128909528839 1.3302089365347 
12.145425957584 2.2112976832735 
6.173991872083 1.7436623120529 
14.814504430566 2.0124092466567 
8.6862970920268 2.1264095016529 
9.7140045670502 2.0921089410088 
6.2702159573685 1.5461494403329 
7.3431427019374 2.0749495393743 
13.181569460017 1.9160172250939 
14.044892183862 2.0640225361971 
9.3105174436569 2.4772634473355 
7.1331273418547 1.863653954073 
7.6023533412578 1.2163456712533 
9.6928685955122 1.4506780013299 
10.496824259647 1.4125824147755 
6.2837062652937 2.0840241325579 
12.979223549646 1.5383900120534 
8.8565287760597 2.2706849281215 
9.5779946855168 1.9439480427862 
6.2067385844346 2.1505857364553 
6.7199049344265 1.8031226638496 
10.711046143479 1.6923837061522 
8.3009852828637 2.6927432115637 
7.8216555102011 1.9833923034673 
7.7062994572417 1.8814208278167 
12.2718073888 1.7333192165745 
6.5747363482301 1.2038507594501 
10.962310100872 1.6509492308935 
15.595636819899 2.7045580761402 
9.7597640953413 1.4236985523391 
18.645590451989 2.7402669813883 
11.69439693822 1.7581605663811 
6.173173677766 1.2430574514403 
9.3226861776217 2.7611069221344 
6.539000023292 2.1634516758936 
6.0374830038698 1.4267426242278 
6.1412816815359 1.6015244459629 
8.5525777787359 1.3404541518767 
12.694587545444 1.2742015758108 
6.5755002329905 2.7157756716261 
7.6932885686043 2.4659388104002 
19.960203392293 1.9681338215587 
10.143108549922 2.7836391316815 
7.9713580526653 1.8145212858655 
9.7146778551674 2.694397602106 
8.3109412819017 2.0590456931669 
10.27857743177 2.4049350701796 
9.6152852717666 2.7254943206297 
7.0927029344481 1.801762906007 
11.982718345927 1.2504144619945 
8.3055621657365 2.0917357281197 
9.1713952740051 2.6478869151675 
7.6921498353455 2.4963963381922 
9.9273592416493 2.678557797786 
9.6522508965609 2.5169569939815 
9.4169703545019 2.7354255734124 
8.9233927365826 2.1382435027959 
11.272788068499 1.4662262594995 
6.0149160776811 1.7517569204775 
11.353962346596 2.1825314129565 
5.965395831957 2.5829828229673 
9.0195319065387 2.0501891512758 
7.4798695135843 1.2994892797121 
11.208780838848 1.1922596740211 
7.9681824325683 1.2075570670687 
6.3342999697969 1.2402828141037 
8.2318052392301 1.4685111426868 
9.8062833230945 2.4647465352782 
15.052764400905 2.5260532170308 
7.4672518422784 1.5422462669602 
9.0610277550285 2.0022191682919 
18.859762706225 1.6913526262082 
11.360884045583 1.4612871206809 
23.698354194538 1.6384669052297 
8.7819756605871 1.5621622980762 
6.5885005275322 2.5700914788855 
8.834080014327 2.4116856293873 
12.689785179028 2.7196650532684 
8.9466118499885 1.4641818919101 
9.7036437480039 1.9936510829205 
8.2841215904516 1.5310143275744 
7.3101755387969 2.4167399854854 
14.703708921397 1.2590531251719 
7.870576227849 1.2619841414251 
10.79991616502 1.8030626225423 
6.9460298935533 2.3042046708207 
8.8238130218395 1.7694097330556 
20.825735170187 2.0792973157388 
13.754716582044 2.2590666473594 
9.4399226854221 1.6869823050069 
6.7578349462177 2.6154677751883 
6.7304237846838 2.7836010558084 
9.5073128185316 2.6248067689573 
7.101594204145 2.0012921925073 
8.2135267757237 1.5766712448106 
12.855879024516 1.7292255860671 
7.1484734254732 1.500042287798 
13.425078449231 2.4959995010179 
7.1196379314721 2.7838615990678 
11.676079366895 1.7365634881719 
9.8808124651655 2.7685873397659 
7.9626132227242 2.1626150793512 
6.7878794832216 1.5457058301344 
12.170275160886 1.8546601400777 
10.853741326059 2.142128441245 
9.053078244332 1.7790434211796 
7.4697842758345 2.4654166124763 
7.9202480927569 2.0876833210692 
13.37290767773 1.7678010480132 
6.2359875943977 1.5263923144434 
10.96672927839 1.3775340594643 
6.0564948060777 2.8111708852915 
6.7578552199232 2.7750544938922 
7.9811562001299 1.4246930742022 
7.3596103395377 2.2949625219104 
10.917703930826 2.7883951522794 
10.370752828602 1.5379580717896 
10.53551267682 1.9552727500392 
13.417703373794 1.785243524922 
14.445522336307 2.775008615744 
8.2883910093059 1.9468324067612 
9.3974218585722 2.5406375455991 
6.7899590093334 1.8960943504476 
8.8540958917094 2.7768364882562 
23.304163045991 2.1077210906768 
16.271542412356 2.0706129822984 
8.2268338385719 2.2050682805897 
7.8000317618529 1.8795850927077 
8.2027580200268 1.7759583035633 
15.043068180674 2.2878251538209 
12.90641991417 2.4136950928223 
6.2970068050559 1.7818341631892 
6.0074967555077 2.3783145218716 
14.456048257632 2.063959765347 
9.3943927094132 1.8911365262809 
13.458244183251 2.1467057674919 
14.905265471067 2.1305826220559 
24.627464100034 2.7775980271948 
8.0406295805392 2.4219822347535 
9.6898367249993 1.5678576419011 
8.4723979192975 1.3179768196819 
6.6849745323776 1.6730161236394 
7.506771462539 1.6914318292791 
10.437314980674 1.9583009876787 
9.8679192869597 2.1847855633526 
7.9397431012188 2.179618301486 
15.36315899215 1.923342189998 
14.220482731968 2.698232296275 
17.103903591619 1.6692134636822 
13.444350579718 1.275364705136 
14.845727163781 1.7696244901342 
10.040581472429 2.0050221402281 
6.5541717146671 1.3561187983574 
6.2915069189732 1.4977246341374 
9.980185871619 1.3570226582701 
7.8742693885484 1.9126842665174 
10.179880310431 2.2637085457744 
11.472178901709 1.7132469128175 
11.357451563099 2.2410686301349 
7.7069006156525 1.5777424214863 
8.6006956507085 1.3208665374742 
11.706124036295 1.6762196197185 
10.978695586095 2.6577896418873 
8.0999083029985 1.5744654618577 
18.844684748111 2.0806093646047 
6.4385359607578 1.8308924317789 
9.6143225192022 1.341611601112 
9.0084304887405 1.597896889472 
15.770878822992 1.8442764490737 
15.064609017533 2.4410321402559 
19.02027144842 1.4979956224856 
6.778728031657 2.4137390625711 
11.331964890393 1.8636126777963 
6.3294974393381 2.6889268668752 
17.61500603012 2.8000870554982 
13.462107048434 1.6714241763982 
6.4044322726042 1.452916323021 
21.747811006206 1.9352583493743 
7.075011334576 2.2759280418232 
13.101930466891 1.9210932216078 
9.8871419016267 1.9851988045876 
6.0393190953084 1.7710557962474 
8.9125079196618 2.1678989968345 
7.3747729299477 1.4777088536363 
6.0809942858246 1.2860991973265 
9.793816642546 1.5350805836296 
14.775527731599 1.5612520635959 
7.1299917006746 2.7024337782428 
7.7418400569162 2.4885347897028 
8.531062053387 2.0635569707427 
13.038752367406 1.7450996231677 
6.8426724575272 2.4974799456381 
7.8357917492498 2.4523815532553 
7.8705382731047 1.3031150248637 
6.9842199992809 2.3814415841443 
8.2189802240565 1.2291974127396 
6.4327090364125 2.7715559445246 
6.1260968231137 1.2939216537306 
5.9590384544117 1.9083579373273 
8.9471737613189 1.8623063579855 
16.988957407557 1.4573928949759 
7.486693051902 1.52174871671 
13.012559017511 1.56689806744 
12.758976639988 2.5020755633944 
9.4614740794992 2.7250134776631 
10.722137052566 1.7173641872842 
6.7585983850173 1.8894233047235 
7.303222005481 1.8793523572847 
12.128521204556 1.9623454542125 
12.897028213688 1.5062603551441 
12.804132012607 2.0812201210193 
11.555813175677 1.6545928051417 
9.1374195160486 2.6156139166664 
6.1349337513037 1.9051856365275 
11.017535622515 2.047210302022 
10.319091664447 2.5726747409442 
6.4531361936767 2.6462681030324 
13.918172675107 1.4762787259787 
9.6183144142734 2.7273866461819 
12.726862803377 2.3414306048355 
6.9604667262788 2.6556684753051 
8.0514659273725 2.7034738781359 
10.06219030768 1.6938379461698 
9.2706727238109 2.4504640294691 
7.7512737603877 1.7583061298788 
7.5328841773768 1.8908032329804 
8.6499772799076 1.7955715237306 
11.125866550458 2.7634438099449 
15.670893869738 2.1826481143775 
12.535543573869 1.6576607491996 
7.3744050691093 1.944656517571 
11.38897933077 1.4728217103094 
9.3658276170269 1.2921853018364 
7.1678166578603 1.4015976163043 
7.5201768363897 1.4729248348361 
10.149038100747 2.232430189819 
8.7558993136285 2.3731996251625 
7.9555835695263 1.4125963509495 
8.2020985052524 1.4201758222682 
9.2165897394423 1.4799294960647 
9.2938280039338 1.544702062086 
8.1100247430423 2.0777497661529 
9.6883758233618 2.4994381261147 
23.784058456016 1.6413247041895 
5.9573530124496 1.3141255473434 
8.1269383990336 2.3608622323301 
9.9732432620254 2.3246203191069 
6.1977640392007 1.5835159283224 
7.4675099740167 1.5027561079618 
11.198723359571 1.9297839165792 
6.582553083401 2.0388966592505 
8.0912338132843 1.8426284240114 
11.764542648697 1.7608671287078 
8.2053115890014 2.4086316070773 
7.7487552832636 1.9638670578125 
11.182093967888 2.5431557474562 
13.657848562825 2.0627848809553 
6.1153433542556 2.7789182724947 
6.6509460961501 2.5531805191994 
8.8812957969398 1.5588283202973 
8.5637875975924 1.2707102495946 
11.195949826684 2.6724737747525 
14.070825064227 2.7486420027273 
13.252042417512 1.9276169140347 
8.501527471589 2.3081552078737 
13.210816033267 2.4317695941379 
14.841050446141 1.5331027170901 
13.92356596306 2.3598414482622 
8.6056620669055 1.8520814688242 
7.2886350475247 1.2646403704451 
9.1156847269324 1.54139716569 
22.56556507888 1.5328965104335 
14.72721052582 2.4600365236512 
5.9528618809416 1.4587018313992 
8.2194786931319 2.472055295259 
18.273434885543 2.6451563333594 
16.203227977678 2.466389522593 
13.576102124385 1.8562313808087 
7.2941183228606 2.7130535437408 
9.4279606323261 2.1308410251233 
11.21525662516 2.5428467065765 
6.4829420679919 2.0410228670635 
12.468429850906 1.5050326761331 
7.0227762005957 2.2717948863938 
6.4748678286193 2.2939196139032 
8.3829847942073 1.6658338383161 
9.7428970448521 2.2798040481972 
6.3601878766079 2.3930498467757 
12.379627603592 1.8266535983598 
21.599317428183 1.6147481151163 
11.823545943898 2.7310760921119 
11.080227411304 2.2471548393835 
8.6170496806807 1.944095545599 
12.764249752773 2.7902584358812 
7.3639462874531 1.6124807146761 
15.416644614946 1.2755639587855 
6.5115703176129 1.8933065727594 
8.8155144108364 1.9997299747418 
7.1050075987226 1.7342800906066 
12.068138457723 1.7741994223005 
21.584638525657 1.9896200923992 
6.4352158458624 2.7852362582233 
7.4108028814833 1.3779912073921 
6.7673721111818 2.691910650094 
7.6996702298222 2.282332095836 
7.1481748877856 2.4187471412688 
8.3827995728487 1.3431668844204 
7.5622750573897 2.0107165131175 
7.3969424050044 1.9841361476286 
7.981273989812 2.3786988676798 
7.1893475295849 2.2021121486017 
11.386810080792 1.5116766572138 
8.3885834107705 1.2637454291236 
11.541406627155 1.5244581007712 
11.048588839529 1.6712226149911 
12.093729970724 2.5481641551943 
6.8899202668602 2.584109669917 
10.838839316942 2.4217744746838 
14.93878363138 2.0744192459679 
6.7138685723692 2.7642440301052 
15.155542098703 1.666263935066 
7.3547579145769 2.4665842961526 
18.295779489944 1.7765155602666 
6.7870774541279 2.4318522498472 
10.172017104798 2.5559458115204 
7.5867095596006 1.4856668882196 
6.5893558655018 2.3223987286764 
6.5403993948799 2.0276722329044 
7.4040576307061 2.1494374905823 
15.052560869254 2.7663149877832 
13.060954203672 1.251228790874 
13.251167867557 1.4288056183329 
6.8407331123308 1.8909351096788 
13.537273278944 2.1986571581533 
10.761443110333 2.0620875935317 
8.94082112744 2.1695498536651 
7.7523226159232 2.5103073738442 
7.7617880557576 1.4986452618056 
6.1446180933076 2.4346573685186 
10.909792549149 1.5870374050039 
8.6258411732786 2.1099902302708 
6.1195066163132 2.1046503821268 
6.9952302778804 1.5656004652133 
16.675868639359 2.4480730845083 
7.475613927418 1.3019879063427 
10.124450806676 2.6053700409838 
6.4874302769473 2.4246993825606 
9.2370840438618 1.8924799461683 
7.1966525619321 1.6731380453972 
22.254117230756 2.7867302622234 
21.983173718065 2.2398156312733 
11.752139552692 1.3993824466719 
10.881502650682 1.7937223995012 
6.9608730128252 2.5193949160075 
7.3749284221288 2.6665698772526 
6.6652186007128 2.0711182757711 
11.140842804467 1.9958593153042 
11.81504754441 2.2095496001547 
6.1850861458906 2.2439692177243 
9.1639436509785 2.1796704917593 
6.2970874392754 1.8363715648065 
6.6490485500371 2.3046030091192 
7.8309075732801 2.726124913029 
9.7022646818574 2.301300059251 
8.8503721222365 2.6418244129779 
11.876230980007 1.4949035716268 
9.4020232177413 2.7446106360267 
6.4303005821879 1.4735878911249 
11.709002912296 1.9122504817021 
12.381842397525 1.4051927668884 
15.344768490233 1.5186070813086 
6.8090534053782 1.3032868807922 
13.862222178155 2.0005008871741 
6.1224897716574 2.1705531036519 
6.1496835825363 1.6925558738949 
13.456895252798 1.3554934255419 
12.81669321596 2.3991755639405 
19.281883598676 1.8266588349171 
8.027613491781 1.4440866674172 
6.87820308618 1.556088790943 
10.596119270912 2.3830060266445 
14.246094912131 2.6917240024501 
10.3541899188 2.6028104708325 
6.7049967070099 1.2335392319446 
6.9538957366632 2.5317970006639 
7.0110039631701 1.8300999253236 
8.0085305112464 1.2845243830741 
10.544937269386 2.1054431287369 
7.1124205250321 2.266554010773 
7.596652734517 1.6637514755972 
8.5211240075289 2.1158823793581 
19.741261995485 2.6768566520512 
15.293231269257 1.8771255275886 
7.2080269140879 1.353563213222 
16.320224316754 1.4131744085242 
6.1076153390206 1.6345047498388 
13.227918008061 1.773810890995 
11.768992075193 1.6540640056986 
13.389850273685 2.2983851474133 
11.582820489421 2.1083018739854 
6.9927559253627 1.3334253185496 
12.230014315514 1.6473468648611 
10.260542898113 1.9679407966999 
18.525883988149 1.2104544326247 
7.7875240450941 1.7163715833759 
7.6706248392848 2.3664306874205 
6.6278095378457 1.3557245391809 
11.831379071231 1.9437853815486 
13.394577333594 1.3152932849363 
17.410044151808 2.5131321481595 
11.364829067227 1.7313558515734 
12.617674096927 2.5874399487297 
8.6684588401289 2.4205667331483 
9.5793341876967 2.5777707357207 
7.5493987547294 2.5301030873461 
6.3619258839976 1.5716301116483 
11.047167076172 2.1018759792029 
9.29494945411 1.9164616572 
15.589020516575 2.5045796319638 
13.635238272964 1.2623114387523 
14.975313695767 1.9054748347926 
6.4048973557232 1.3112356323765 
7.8840906214539 2.2939304964845 
14.159878602502 2.2217574299838 
6.6973411937753 1.4669496450259 
8.6171202512122 2.3598820838691 
10.689499690247 1.6632878779375 
7.81242254961 2.3983142441886 
7.1953742762098 2.6828127405596 
12.961618083721 2.0183243929899 
8.9661266017581 2.1333735424592 
14.88890507097 1.5303657033721 
9.3017955416387 1.600613539807 
10.563613151529 2.6939755405655 
9.2676175463967 1.9738696335265 
7.1499856081232 2.5807083608949 
8.3458710668001 2.7795855389143 
12.989906886874 1.2259574525858 
6.1170044384925 1.6856292047825 
6.633579668456 2.523256511084 
10.54065973073 1.6722885569018 
11.402934291448 2.1763476326312 
11.54398985317 1.8726856446826 
12.751478095122 1.4180242186257 
9.2512668807501 1.8543657986247 
15.32011407057 1.9620596322391 
10.949381923124 1.3275792246168 
11.471528513775 2.0791165245056 
7.5165164351893 1.2272754334948 
6.9931432685136 1.2579598813783 
6.3899462034678 1.4863232189699 
9.0035135713831 1.9675288937587 
10.918904213835 1.8912445020809 
7.2512226046593 2.2707048528616 
7.3304506574941 2.6967965766558 
11.335584212018 1.5622225437492 
12.357431964187 1.8994471192513 
6.6712295492935 1.5539482831534 
9.9051283371314 2.5915126100323 
14.012197814998 1.595498452507 
10.558077026853 1.7433177115853 
10.936429473486 2.6739820574759 
6.1533086286887 2.7004767727778 
11.755885697517 1.2644690382655 
9.5268566206815 2.5145139531771 
8.107722266425 1.5917809018034 
12.20947432867 1.4640754672073 
9.286735084145 2.7177119082738 
6.5555889613951 2.1374934244186 
6.7597534236821 1.3761346996012 
8.5920731393509 1.6066100248999 
15.324945975747 2.4743801249747 
15.892291518354 2.2545141775142 
14.758694448622 2.2876012592009 
15.169359186945 2.0059283690207 
9.8215265228456 1.283399713616 
6.8380338451042 2.537392967128 
7.0347550380837 2.1615734734155 
11.107275437131 2.0977294321824 
17.177132240927 1.5073022098009 
8.7666375314748 1.2183468685528 
8.7897545973232 1.2259379245947 
20.301204875414 2.4731072100121 
19.76961634544 1.2285364286337 
14.56160192104 2.7745873950763 
7.6432164714206 1.8948818017852 
17.301830147177 2.2365333050343 
6.7528355215391 2.159550348227 
12.609551924843 2.5330343252537 
14.814514926138 1.6873314356477 
6.7343023684757 1.5407016341703 
10.718818337213 1.6124697534412 
11.507771100297 2.0473835619536 
8.6993431426302 1.2321710333253 
10.071089841788 2.0312461075058 
6.0647612911344 1.3803529630006 
8.2917148110374 2.469093655399 
8.1474074787301 1.3446267266078 
7.8976389396284 1.6255489171862 
17.839170427487 2.2035413979897 
12.449150749484 2.4684832774623 
9.9560310544765 2.271215749163 
13.755642619459 2.3976245218688 
13.120784104035 1.7642898831142 
12.512246496552 1.1867627507545 
6.1333692941524 1.9596187713969 
8.8912017545153 2.7563368863762 
17.022537092761 2.1200349359332 
16.020202537075 1.2595710751414 
8.3250003653164 1.5673480354924 
10.281905174594 2.7905516891589 
8.0682314285339 2.3383412016061 
12.773132850302 1.3699178924363 
8.1144813439182 2.385998493365 
18.054464342227 1.3205139704562 
18.43971709169 1.8742584111229 
8.8659898811263 1.9671121116754 
6.8899641056013 2.1326671513584 
8.945238213744 1.9880425255257 
7.2305065447585 2.0315047402816 
8.6071946038999 1.4378234899955 
11.175611932149 1.6163162768288 
8.2009028633578 2.0648572955956 
15.59195279539 1.87519297516 
6.6168842121888 2.2956874697403 
11.377625508404 2.4623751865198 
16.606951913785 1.3687663010613 
8.003548798215 2.6776969960655 
9.9160653153088 2.1106814065379 
10.092649402714 2.379890800629 
7.1682585950701 2.3437601565497 
10.254508018464 1.6167204902725 
18.598367877006 1.2775339895922 
7.9772573204506 2.2068908472354 
6.406771737885 2.8004859417919 
13.553377486247 2.6477884029459 
7.1256203987437 2.590616856426 
9.9670972919153 2.3891512501096 
10.427979739736 1.6522072178222 
11.743824201457 2.3322610301858 
6.5017114816788 2.1894743303458 
5.9772563731759 1.4375821154533 
9.0782689167973 2.7565170777185 
6.9568153530409 2.557110364488 
7.2134980234299 1.329206072449 
6.0127730065108 2.7710026859243 
6.5544940103497 1.9210752099716 
7.5521101032797 2.4067911956805 
6.090784756422 1.9346807085669 
6.8362132308054 1.4977901745851 
14.917354744789 1.6557359794454 
11.038461423177 2.1615414636075 
14.066603052908 2.3902609802114 
9.1494932693717 2.4815088996471 
8.1464602821295 2.3196467916008 
13.229337910111 2.6336990058476 
6.9930084152791 2.4394208802604 
11.122634338502 1.5177700883696 
8.3471273176527 2.0080410170324 
8.9048586477784 1.8995067861194 
11.137763265939 1.2015845375042 
9.3764887947752 1.5849521444559 
6.4113624516102 2.521701486651 
15.249646714859 1.8748629087275 
19.627876210817 1.7675459209095 
8.2516360017623 2.7408468125385 
7.4703377168815 1.4966371266144 
7.6738366669929 1.9150109424947 
6.6939454235024 1.9351405245016 
6.0508315983878 2.7932216962098 
7.2953016459355 2.3319952320564 
8.9023038269491 2.4636599862872 
14.734376023966 2.0237191891313 
6.0592015718165 2.0422925206921 
17.969139217278 1.304561235964 
14.641790923536 1.7439021899376 
8.4711523942539 1.7846251410344 
15.020626316505 1.3035302268542 
7.5801934319383 2.6478167584907 
7.4633186543499 1.2742564161818 
6.1708542992729 1.4741092438675 
14.245936690037 2.0282263800528 
6.2628072478427 1.9176239129663 
10.320816040706 1.8534501058021 
19.996369062732 1.3716142080404 
6.8568456848763 2.2652176606847 
6.7010216331385 1.2048869057052 
6.9936982737577 1.7029424133203 
8.4854789542899 1.861582930235 
14.059731569136 2.6883359856564 
7.2227976782266 1.751909559375 
6.118266051694 2.690676070094 
7.8205674267819 1.8951145864535 
9.3485145001685 1.2352302225644 
6.8046489741018 1.9067100153894 
9.6222360612842 2.3989534028682 
8.2775857538262 2.3829811497809 
20.347248399586 2.1738931956708 
6.4074974044885 1.4299483137488 
12.861020859134 1.9619216648981 
9.2525802951367 2.7875430831337 
8.6090355949072 2.0848535686738 
8.8344894478746 1.330497734623 
9.9527939436757 2.0085703907304 
9.4071788004109 1.7859144272146 
7.512148893253 2.4537626890321 
8.7944616755856 2.6414168443448 
24.821706389491 2.3717470322478 
6.0361254011358 2.137387993223 
9.3122529459663 2.4333940113948 
8.5332072726656 2.5819275927314 
8.3915806572895 1.5130244882878 
13.660728913874 2.2691266282713 
11.598547378432 2.0602708265471 
9.8185178006688 2.6239863623052 
7.5306535252146 2.6069818536074 
13.573724275939 2.2032751897808 
10.021610743126 2.6069428068384 
20.590059883328 2.4034111699028 
7.0174582463931 2.448678737356 
7.6284995599818 1.8626602809023 
6.9436945493717 1.3026723999431 
8.9853067842137 1.5004753793212 
6.4627971765868 2.4789104603947 
8.0022286350641 2.5721996759389 
10.710446133535 2.2603425430089 
7.155976199438 2.7620619948687 
12.842730235864 2.4000326831388 
13.315470770526 1.979268734956 
13.65982068437 1.7451971007759 
7.352884978203 2.1703220587479 
10.966044373935 1.6383760006804 
11.9605950524 1.39556602347 
9.6796766514952 2.3884905910619 
10.706000756958 1.4502454390173 
6.3483133174399 2.1919975012164 
12.852727129075 2.3206189008913 
7.3691175829604 2.5101950493486 
9.2300297057015 1.3874551176153 
6.2982531859002 1.4165343982283 
6.2375718002163 2.5813007646821 
7.0524284283845 1.3665315308338 
15.652766828956 2.3715223487082 
15.301878600144 1.7721780830819 
6.6845766050511 1.5603874230622 
13.420172491666 1.1842529689785 
12.157588518889 2.767886125751 
7.8184795621298 2.2729353202984 
7.2882741583952 2.0692384251731 
10.17558000759 2.6386712524087 
13.110870786601 2.2900647045424 
13.946247082968 1.5180353054075 
13.597154324447 2.131539026919 
13.807326405734 2.3227710296803 
17.611762251263 1.7172347207982 
8.7195069476359 2.1020414842881 
6.0594386440462 2.6538494026245 
6.386803262032 2.0233374939736 
8.727016462591 1.9143063987185 
7.6188915810138 2.7183005003138 
7.9004527135415 2.5621521577259 
17.967040102604 1.8386014215438 
20.598597216999 1.4059375869127 
5.9661784278697 2.3597398636107 
25.715932643493 1.3580570159598 
7.2246087760248 2.776676702788 
11.250150024386 1.8205345481279 
10.580432288059 1.6142341819187 
7.6313256025487 2.4794690787655 
6.5295546808884 1.4100968283284 
6.4456258649636 2.0925889325748 
6.151387258894 1.2857936116559 
9.4925088581532 2.7653954061441 
12.911207136749 1.4158079181178 
12.588486629039 2.0909473605496 
7.1217656849092 1.8284412036268 
6.1227687008937 1.8455370794763 
13.429183489801 1.9250695103178 
9.6328993106878 1.4294928589742 
12.412092322529 1.9569730197156 
7.1045416064644 1.4313200468439 
10.854132723479 2.6825656581758 
8.161814778275 2.6240047634391 
11.314206242226 2.3323945493477 
8.2610930163641 2.3291882679402 
6.8492735086639 1.7080612525481 
8.4534829962785 1.9185028154273 
7.7961182515802 1.9235205908593 
13.509528086834 1.9235034635279 
12.125958753035 2.5024267780939 
23.025872108705 1.1935427635405 
8.7795316457769 1.6287195516028 
15.142194369149 2.2254561384449 
11.0041557365 1.2729032918267 
11.973824271838 1.2017481440882 
7.1031040302551 2.7038873487429 
8.0312606453199 1.4726420826604 
7.1391857195612 2.0304092775569 
10.800143319749 2.0058343409387 
7.438375947692 2.4287398239327 
11.656535389063 1.82571807673 
6.3459546329753 2.269064248136 
10.293280139991 2.3156353419687 
17.358502671813 1.524022559377 
8.5450132138042 1.8811681010916 
7.3095904826703 2.2358771501322 
9.2837013576222 2.3142210644859 
7.3222172577612 1.3318581870457 
6.6103887007248 2.1954614061604 
6.0030029450699 2.5559563714912 
11.752825248438 2.5175301519887 
8.1261544676043 1.4261829962776 
14.951910650079 2.4002907676673 
7.8312361705957 2.0113780640865 
18.289202968407 2.4288409022087 
17.021211008491 1.9070420451652 
13.965448243668 2.1478729347811 
11.935674830969 1.3679187695323 
7.5607174350166 2.4501851870705 
6.3403764836128 1.9065009462265 
7.1311810334762 2.1895534372552 
9.7005575105356 1.5925795781306 
13.559783539405 1.3226482091061 
6.6853249296384 2.1353584028097 
7.0768351742895 1.8144855277301 
9.889299919221 1.8315096843315 
10.972310726951 2.6366513203835 
8.5662499926082 1.7104130189119 
12.922392962476 1.9145019852227 
7.0971192417864 2.0971244998283 
6.0357388491628 2.0518830741009 
24.772456944088 2.6517260293323 
7.4847686537896 2.7787683986209 
7.9956272736634 2.7521447045731 
6.9104908635811 1.8608599682422 
22.372463001046 1.2340306203014 
9.8073727118331 2.1232046721435 
7.1045183305416 1.9218295727107 
6.0016178292573 2.3154969101329 
7.4351651142517 1.5996200375142 
7.5242325105455 1.9129858920845 
6.5492903044641 2.6170560906646 
12.225399101906 1.4194246456118 
7.5515835796106 2.3620043500859 
6.4076910504922 1.4131722695179 
6.9514472904533 1.3033946273243 
7.8403421547514 2.097322821589 
5.9612567189667 2.1279580271471 
6.7700378348175 1.2211370653113 
8.7898166200547 1.7985913590079 
6.997520130682 2.7762511372259 
7.1753966311797 2.469429720638 
13.219975182769 1.2922065129501 
7.8586771231869 2.688008717768 
6.5277313954569 1.3221791283995 
12.386664300262 2.4198402168683 
11.077131086279 1.482452063886 
11.614259788301 2.6602750586019 
9.7174460743581 2.4662226271684 
8.4219560139378 2.6356163757868 
11.922939655192 2.6519076010711 
11.49595340384 1.9424291843364 
12.613002888192 2.0688430705508 
8.289883187075 2.3746620330663 
8.277379169487 2.757727242081 
6.5573630260414 2.437086301105 
14.888131767375 2.576887238984 
6.3173890885029 1.9753860584445 
11.291746276031 1.8532625989297 
8.1801328823252 1.518631566444 
6.7793137291349 2.4968886440394 
14.694234178617 1.6901037403751 
7.7973640365431 1.8540826823096 
11.283327281507 1.2725819169737 
15.31109285903 1.4039977652495 
8.2981182214407 1.3065969761117 
13.253749673828 2.4454930180721 
8.0138658487505 2.5599711317298 
7.9121719295842 1.894702288024 
15.093633950805 2.5836633512702 
6.8430274294752 2.1169436723694 
16.676173251239 2.0573160697837 
10.206327532713 1.9425935680537 
6.8223192828562 1.7496011473491 
6.8638896921613 1.3515163142192 
6.90140381685 1.9130886843306 
11.454348085188 2.6412451422289 
6.9943091945624 1.832001114861 
11.922290934582 1.9173256709778 
7.2463343052243 2.0311621195978 
12.032765965577 1.8131534523643 
19.805703566261 2.4346114777697 
10.322152129974 1.4990961624574 
6.6163514409217 1.9846913649386 
13.071865932996 1.548730264588 
8.2188654978395 1.9814516547094 
7.240258021301 1.9489409124656 
6.2243528149561 1.2950296420852 
8.1025092758004 1.2466695866497 
7.855642575375 2.5499215453428 
11.738558846244 1.3417591782097 
5.9958881036223 1.8258198150852 
6.5451406728664 1.386747795478 
8.4598179589295 2.2679836719397 
12.503323187928 2.5748922573072 
6.3079043256701 2.2994266547905 
9.8232698711819 2.7923141608609 
13.033198476041 1.8925269004166 
12.597809438254 1.6893961880969 
10.405940196845 2.8026317367524 
10.332431042889 2.3242244214028 
8.1739955671467 1.5893695169255 
6.748283860516 2.655541685331 
11.700751904333 2.0333606857649 
15.807902950329 2.0764217454024 
12.71108343064 2.484300851166 
8.1231853579628 1.3810956819482 
9.5753404044127 2.098095110102 
16.648344270508 2.3230715533142 
9.0166345024042 1.3570291807791 
9.771639899443 1.8758528663349 
10.416939010721 2.548203571919 
10.109649177997 1.3877136062403 
6.7226773979794 1.8969201957098 
8.2611386352945 1.6176824207606 
13.462824595968 1.7041686170758 
7.4075096433382 1.2166836814811 
11.652908595998 1.6825530900227 
14.243984730788 2.2176055607353 
12.785010913741 2.7591101096174 
13.23900354086 1.9745044605697 
15.101309262553 2.7628991321412 
16.203811941558 1.3081827855572 
6.0453061958229 1.4606346192558 
6.3387444716088 1.9298128522195 
6.3850226693431 2.5770145383073 
9.561034255503 2.7354564812858 
6.9072129473775 1.6927895514402 
12.543389222539 1.9868348333207 
6.6967599568082 2.5450015806586 
7.1513299619547 1.1997629836828 
6.536336468167 1.8515933136004 
6.7936662601107 2.668476547918 
6.1486833667426 1.6909434921305 
7.7090081012916 1.2468954536188 
10.379032427012 2.675021986242 
14.268997170953 2.6933130049156 
6.4261819587307 2.2109904918905 
13.204897610647 1.3081893231798 
7.6274028963083 1.333415849607 
18.435322686284 1.2085318846848 
8.7902309300137 1.3651975315193 
9.929760839683 2.6074002953765 
10.849803706722 2.5320695908432 
6.4777702326895 1.61741274005 
18.362874024999 1.6627169204413 
9.1987502286459 1.900706512712 
11.106040336749 1.2283118324817 
17.485978732378 1.8902174924526 
20.139043828894 1.4100348517052 
10.792136615693 1.7765406274617 
13.594771288759 1.3269531177813 
7.741753533451 2.4361115272761 
17.226218166088 1.5053426728023 
6.2613033518488 1.8638319793996 
22.267322152627 1.3049242317178 
7.6127113483812 1.9686350198825 
8.3319692440145 2.5018514869691 
6.3108297222292 1.6239592984813 
12.318483168038 1.3926950194432 
6.8115237399376 2.6069089478889 
6.9977138200466 1.8956779759315 
9.119175008063 2.5691234807548 
7.8512051788607 1.9152893090296 
