3.552692485971 7.6521408444445 
3.7225618695238 9.8495416243629 
4.5225100392494 8.1668973878102 
3.7209996820479 9.2139096472385 
5.7629623322836 12.820031024418 
6.0499613979759 9.4419632368885 
2.3535804840374 7.5995799878277 
3.0654914207016 8.2582355230285 
3.724033781541 10.491952138992 
4.7077258096147 10.831599082742 
4.0088392221705 9.1868474063596 
2.6505663232299 9.9266006116239 
6.1018049247762 8.798300588361 
5.0447580780447 9.1168517114238 
6.1658548168973 8.8580250637167 
4.2485307272617 7.5865996723097 
2.7458206878135 8.7583320008624 
4.7516421183854 18.705434579674 
2.8868901388339 8.9265411007122 
4.7313588817955 14.309878071932 
5.7141557994171 7.8772506517031 
2.4868475857438 9.9582146840616 
4.4579998949286 7.9294992437362 
5.6721176262526 10.202578880861 
2.3285113053162 7.4441456267791 
5.9222054490084 14.455523405076 
3.3643071419667 10.000677328735 
3.5808230404228 14.55902572428 
5.8450391344698 11.797134544288 
3.7574583100767 9.2428738404188 
3.7258153580337 9.1765658973531 
6.2502820173895 9.4643614442003 
3.995347859119 13.398793680197 
2.7181173797068 9.3624218459202 
4.7302553198208 11.055319645602 
5.9325411981095 7.5144432522735 
3.910436480138 13.785450910039 
2.6113632231207 10.824433089524 
3.3229996554381 8.0744695680116 
4.5512395729351 7.5954443584491 
4.8599205903438 12.294037797909 
2.9670803669682 9.6857470281189 
3.6491372669835 8.5293450219695 
3.5808676306326 14.065372331282 
4.6026777487301 9.1660613496019 
5.2018758332661 8.997898081941 
4.1456747495638 8.4314585844764 
2.6077456694415 7.6125964843508 
3.7519759848015 9.1790014646523 
2.3605150096095 9.3043509044067 
4.4852435810804 7.7844218018101 
5.8978453152906 9.1197579682014 
5.2859218454731 15.096972303992 
5.0832711057024 10.561425971327 
3.0509500936219 10.988174804441 
5.7470127641982 9.9909483642319 
3.8159394611282 8.3779354470296 
5.9438951890212 8.0772485284016 
5.5284737012291 10.517960475005 
3.8407095085936 14.855659947567 
4.2297339783931 11.175838177371 
6.074199685864 8.5393748145071 
6.2972225700925 13.261682592594 
5.0951078001091 12.591747148001 
2.6478330691905 14.968035532191 
2.3396298569365 9.3293955712891 
4.8974090029047 13.988505283322 
3.6122765918285 12.028544137879 
5.1053833406445 15.165059273421 
3.5304776818312 7.6378143203724 
4.2358473111359 13.586173883164 
3.2440550131438 12.198507673085 
5.2583079713294 11.584465786533 
4.0120256615429 12.951651032609 
5.1770324542068 9.4277592102615 
2.4047773693508 13.763284822591 
4.1439497254343 9.8962010839626 
2.3944364434683 14.238529941686 
3.7215113364706 7.4521197259741 
5.8352201686504 14.95716186356 
5.0708183481782 8.3069120907533 
2.3629988131551 8.6998939455872 
3.7729494124697 9.8740340807483 
2.363779021389 10.435987815326 
5.3021840884415 7.8409674179588 
4.6851409825969 11.830270389253 
3.3210776183777 8.3446778538429 
4.4744572940355 7.8092788586969 
3.7362182751043 10.982191038304 
3.5182100945426 8.293977659468 
3.0994721386634 9.6031307427819 
2.5452748679131 10.717142801638 
4.6948503122721 11.370629715429 
6.301815108403 7.589735750388 
6.3221578924771 8.6553132061605 
3.2461782835381 8.7416466919373 
3.0277331357485 9.1703184985374 
5.7187507983938 12.817962916954 
4.6414185036644 10.632698804289 
4.8359448501661 12.871028292939 
5.5209323907463 11.761501190851 
4.5018911779889 7.7390964422516 
5.9905621551011 14.171510238431 
2.7528320600432 8.4587286175195 
2.4333779652812 16.031514035385 
3.000993889746 8.3045079030285 
6.3258438322618 17.065384497352 
2.5249695204146 18.174967914903 
4.6101222283796 8.8029945929642 
4.9360157879996 8.103916856951 
5.7126741756236 10.67190826896 
3.685617391 8.3115191068355 
3.3588341041593 8.1631919136465 
5.286376163455 8.4974952470745 
6.3679594194872 12.798120809073 
2.54271081403 7.4239236050852 
5.4658788268878 9.5918765159092 
3.3482611325688 16.27043240261 
5.8962640558028 13.649943793395 
2.9040190360829 10.648970137168 
2.7011759047148 10.377001181681 
2.9824769268114 11.765395010046 
4.9292684093442 8.8425394700126 
5.1696071769332 8.1063551939427 
6.2057044162818 11.360205975101 
3.5796258464989 7.5992208015522 
2.4877093357863 9.4109777623607 
3.3044477685728 10.031111091987 
6.3366235159739 8.7705529748755 
2.6542946444075 8.2860647189074 
4.4231452589803 11.612861926277 
3.9750901430509 11.529049420618 
2.4260517158912 12.173703082075 
5.371683086024 7.8298276786395 
2.807997890471 10.807462913208 
4.3584941616863 9.5510738049163 
4.8228670630333 8.4963228121488 
5.2946648833052 10.755764975183 
2.791410994201 8.0703144754432 
5.4017278071387 9.4974594889475 
2.3280960845369 12.690631786507 
5.083152303506 7.6246007026476 
6.0938300574393 10.154446983542 
3.8719330838384 9.1339372466471 
3.3510208505128 8.5857923860297 
2.520959554761 9.7933006713864 
4.1015911908341 11.391674344882 
2.9701776181174 9.0336521176121 
6.2564553053283 7.9988323276536 
3.3935702601225 8.7171915381773 
5.2631364940348 11.47314641587 
5.3970575947814 8.7353029852042 
6.0452329359694 12.947435929159 
4.6442543419448 14.603556537757 
3.6803969989947 15.592451297887 
3.7998040857411 8.4933169488201 
4.4590741424947 12.133456313908 
6.2809288061949 12.20190239248 
5.0720020052831 8.1541462766709 
2.5619273129197 9.1426507781753 
3.733538282405 8.2021764518197 
3.5754217871891 11.619872549833 
5.469290159391 7.8895771774155 
3.6999147773618 10.716126948154 
2.8299093669224 10.441554090537 
3.0045427848789 9.6608950831301 
3.6913248222228 11.433358493637 
4.3642595537267 8.8065451121805 
5.980533030307 8.8604782449175 
3.809279014388 19.967483195048 
4.9692700614027 18.189930386247 
5.7121397601377 8.6368911255299 
5.2103403318569 8.3850085688497 
6.3518867281315 8.0351137262844 
4.3042691428473 9.2105213901053 
2.9674360101298 8.2532043727309 
2.9262418083594 10.643926031355 
5.6150836025923 8.0052377635506 
5.4832826570153 13.555252359609 
3.9968520334471 8.1243800694302 
6.3678447140494 7.5700274038801 
2.9835858028742 8.6377474565989 
4.9886279992051 19.484398303594 
3.9855994203749 8.1113680540267 
3.8529509522759 8.0429031155814 
4.5625409185412 8.7763020543161 
4.00278203201 11.711712518127 
4.4768124785333 10.091161553446 
3.4568643890549 11.491187532042 
2.6531204789423 8.5830776312526 
4.0713818889242 9.9876491219979 
5.5774484479765 10.404761138597 
2.4671752432012 9.4517854929263 
6.3480807510735 7.9507712852705 
5.4751697812252 7.5482054966349 
3.4508436440403 13.690208599644 
4.6678083154163 7.950666044025 
2.9448604246606 9.9867520223205 
3.6343628859977 11.758758452498 
5.9041006487864 10.039367611818 
5.2981640964339 11.172776535418 
6.112967640961 9.4046315953269 
4.6827083136163 7.74397391829 
6.1445822764118 7.7543243044942 
4.9134770141387 9.7325195750654 
3.8713523277369 8.7461150350609 
4.8930863937636 11.32317083447 
2.5962063290277 10.920215342184 
4.3057431801609 8.638865982686 
4.5794911384832 9.5013833319929 
4.24213476796 12.357761945697 
4.0356522830998 9.8064500204084 
6.1327000586985 8.909638350765 
4.7111126960761 10.35862311555 
4.0559060207393 7.7077942076781 
3.7444978054234 10.835730959721 
2.8427607675524 9.9650636282452 
4.6995725468196 7.5019898359684 
3.2170454938784 7.4921930618324 
4.3544566884556 12.556336176412 
4.4873858113947 8.3534264934844 
3.3801458183089 9.7863339609354 
2.6980764893291 7.5333487477012 
5.9884222517882 8.9643207191593 
4.6061371672598 9.3820831933534 
4.3365775105232 15.985806216121 
4.7295708585657 12.612612266588 
2.566169454982 8.1352919855698 
2.4420142659857 9.5802787576697 
3.1988555019658 8.5384858683728 
3.1174200344923 13.422040367377 
3.0364809384047 8.0512587690376 
3.453648963976 16.346300180471 
6.0284541222637 8.7548650646695 
5.6551690879091 9.5979340387182 
4.4812539093672 8.7733409370212 
6.1947837946994 13.593440752392 
4.0954005871563 9.1921561362648 
4.6151156498556 8.9232927275131 
4.9765186425029 8.6904951875095 
5.013571160054 12.297698615436 
5.0749260661237 9.1302362545073 
3.2737984149065 9.8589052623962 
5.0362699954151 11.113249592958 
6.1460864507075 8.8463020543628 
3.1499165619745 12.955022919835 
5.3043567550866 8.087182063034 
5.2880292005804 9.5067243077739 
4.8227071010293 10.107946490859 
4.3877806575836 11.580712564334 
6.0514452577966 9.2961873531119 
3.4523714691772 11.106405417263 
4.7926588621077 8.0027869670098 
3.4832396210687 8.7120446495106 
5.233749126145 10.8992568197 
5.0431776030144 10.244423794685 
5.0695971493293 7.893342766358 
3.977627895075 8.1873206883866 
2.3324788371699 11.256903381482 
2.8783165544729 11.35331953137 
4.0858131484239 7.9118595900579 
3.9172919153402 8.861079611012 
3.7960425260432 8.043385798245 
5.451724642631 10.091255138658 
5.514172408566 11.609102152529 
2.9935326216669 11.285265141097 
3.3412114892621 8.5612984738937 
4.0700891625065 7.5568645507388 
5.7625131558671 9.5683249876381 
4.0278373842904 14.583828060916 
3.7866372134478 14.030071953642 
2.7238754570637 10.187814953597 
6.1104594175644 8.038561426715 
3.3791107627347 8.0415536136855 
4.3679943942201 11.591889073185 
5.7552811749666 13.236414780376 
2.6832285241437 7.94335922375 
5.2391962437653 8.8891409281844 
2.8190575498938 10.140630347626 
5.5156828570346 7.8026907359912 
4.3551758760907 11.871963250819 
5.425253221125 14.295818347827 
5.3801570512883 8.5389043368452 
5.0855900806261 17.010652775659 
3.3980237436864 9.3477011436431 
3.4555371270251 14.916305823112 
4.4599062373916 11.133577146085 
6.1634666181791 12.355609509112 
2.3343871274716 7.4987285553309 
6.2441204167733 7.9333769182772 
5.0760933651233 12.665434557218 
3.563239491506 11.579674658943 
5.4717399467713 10.35478742236 
3.1157267589964 8.874232789502 
4.8348282111269 15.791945430266 
2.9081877725111 9.6165491050093 
5.6524503520579 16.228753536551 
4.9862947627221 12.010232412565 
4.0625590207088 7.8146039943091 
5.1766653457447 13.857370129342 
3.3261607035184 12.769238754435 
2.5876438928664 13.713242853201 
5.7909264213759 12.578636255217 
5.7908973199694 8.7303800295907 
5.0624218692943 7.713025788085 
5.1711038769102 9.2054268417733 
3.5778719954649 16.019017934281 
4.3766266481456 8.0726408315653 
2.4315798122147 10.501616738773 
4.4185668403779 12.01591611199 
4.3576004751784 10.768260596347 
2.4772467258473 15.545277251799 
3.6519729667262 9.6888332043833 
4.5131977054818 8.4569823781751 
5.9641901438177 8.7063020371096 
5.2125012991156 9.5573602098934 
5.4704178706843 8.4538470593632 
4.6353895251529 8.4670019058028 
2.9356224410379 8.3142385108585 
3.1978468900242 9.8884559914008 
5.069234197391 11.691411031947 
4.567666858402 8.2556637039897 
3.7846165643818 14.709669884609 
4.3252403038375 12.040609708573 
3.196236892172 7.75341526034 
3.4560989411854 7.4838908364014 
4.2908104773249 15.014113989866 
5.9904717237575 7.8591196080175 
5.6977461050701 8.4291893958966 
3.4070466795886 10.983416993086 
5.7303368319729 8.2407610222967 
5.6826237813701 7.840870208196 
6.0407888050341 7.4998885324707 
5.2470437159203 8.0376111461086 
5.9894490041967 15.302846072872 
5.1443686930274 7.8109154655199 
3.7828317551146 10.163744364944 
2.3904724418807 10.232831431188 
5.0488984885153 8.3480390266389 
6.2300846628311 11.399864603874 
6.2138065241222 11.996895143944 
4.8739838226667 12.98024588831 
2.8195153296604 10.713900923517 
5.4898465394571 9.9700736513679 
3.3801269880044 10.336014769227 
5.4537360894011 7.4841208833981 
5.7645708750709 7.9691986212637 
3.3904156022465 10.250587063176 
2.6756577385121 20.967300591529 
6.1763362953695 10.019662943714 
3.9889342572496 11.762745637251 
2.8142507585908 7.9364534670854 
3.0736894172525 13.463918114596 
4.0804255924953 7.5664914481016 
6.2919646170807 16.036610092096 
5.9372331615819 9.1683789041564 
3.5264594419545 11.58523292878 
4.0630982313515 8.6902390268639 
5.4814575789709 12.521553716575 
2.5792209558428 12.329041320789 
3.1039852317277 9.3688495407961 
4.1821863552323 8.2056304149575 
5.8876597076742 16.340047021252 
5.9102135598096 9.0091858282709 
2.8584334825581 10.783375996575 
4.4578406220253 8.2961361422743 
5.649339193619 10.935010297093 
4.8625877195514 8.1271587078497 
5.0281739646789 8.9768937047138 
4.5103638358156 10.490562972514 
6.2179319664464 14.227019741104 
3.4506207080183 8.0679309757377 
5.6590556192511 7.5508444186226 
4.3821100065686 9.0565943940458 
4.1782881100201 13.318178062055 
3.2820071005694 12.428381492535 
2.5848964442308 17.258549113927 
5.8185501173432 7.580319034592 
5.7661358151855 7.4690486691834 
2.7515843012661 10.444389541714 
3.0598052810595 16.239938374132 
4.4186916745243 16.248161588589 
3.9177891756248 7.4690786338665 
2.5525875355434 9.9713028017114 
4.9076458265136 9.2066920588768 
3.3569966036166 13.911719131768 
3.6074036343104 11.782560646547 
3.1875453975863 9.9443639023719 
4.0415146516828 10.5186590351 
5.0010874347224 13.07599439495 
6.086182522532 18.648308385443 
4.9198046223865 7.541647172764 
2.9856525110479 14.021817357681 
3.785410069472 8.5929469361908 
5.8833624571992 9.4270441184998 
3.4620974055587 8.7471160524342 
2.663039265827 13.779242555952 
6.190891191971 8.4377528602378 
5.9615011409974 8.6998527461564 
4.2022552859168 12.544586035779 
6.3359570402194 9.0138228869227 
5.6603156707601 7.5161955010352 
2.8020067894786 9.7187302667302 
2.930485605119 7.9978537025248 
3.690564578123 12.912471834847 
3.5894632974793 11.19495409028 
5.7993755336802 19.208452524341 
2.6383425283172 8.1032856566069 
2.7802089989444 7.467132825301 
2.7487073228507 7.465228361077 
3.9434139673467 15.927908489679 
5.2340893919741 9.3542702775755 
2.8785752335812 11.556879511483 
5.4023400074926 11.507366668145 
5.5545182448757 7.7552437261305 
4.199579816896 8.5814776735777 
4.0192083481938 11.982996046617 
2.3261764765951 10.571032957683 
4.4158773187656 11.630379100865 
6.3456224538333 11.15713246228 
4.9469640217864 13.518399122693 
2.7767303432224 11.58282413872 
5.6881691558907 10.204166090856 
3.0283547667347 9.5726192009322 
4.6698052484809 12.635305799568 
3.7602102474804 9.8426890232074 
6.2961202984383 11.847186525577 
2.7795951113374 8.043075348083 
3.1561086670501 14.737784439529 
5.320222910949 13.37690692457 
4.6366190690207 8.2749535578556 
2.7086123221708 8.0592688163297 
5.5866112911356 8.2750581597048 
6.1970780166661 10.084290095412 
3.3466539543794 8.3212623221485 
2.3731347806515 9.0443442023386 
5.3613344779161 8.1909597433001 
4.3701622823731 8.6382229751119 
5.8798316865361 7.9284994334305 
3.8495501018278 8.7035892154383 
5.6723289980978 15.002042148904 
2.8060847528434 15.029351062632 
5.0392148781857 7.5459688013748 
6.1966466020871 12.964807956906 
5.0824631752402 9.6726339530147 
5.3859546738752 11.091422759772 
4.4974809562878 9.1839692283 
5.1475198771304 19.895934084024 
4.1252662779368 14.471525190395 
6.0599226019404 16.829720693731 
2.6105336518415 12.201669832597 
3.2698482352383 9.0586390236056 
2.4600014869657 11.087437139834 
4.6159173274729 11.838311914208 
3.4948787398646 10.350077498316 
2.4958511983408 7.6149442332097 
3.067256237145 8.4505182065818 
3.7721604209191 11.734706495942 
3.3106123586125 8.1847559370301 
3.4080252886227 14.72513220681 
3.6061981461163 8.8229139493424 
4.5087770381778 22.104721109147 
5.8382245925158 15.550970166497 
4.7740340964309 7.6373526864985 
4.444511234118 14.80416808876 
4.7401519009757 10.311147148656 
2.6828690050944 7.6686112755964 
2.3719177071363 8.6074054911759 
4.4957019532662 12.943410086052 
3.7532926157799 12.284714940927 
5.3734116060344 11.781422020145 
3.2413103527182 11.475460375074 
2.5819315981123 11.142683782511 
2.4840598829093 13.542114364185 
4.5539707872335 7.7227533648236 
4.486331935229 13.584876881935 
4.2053415061903 13.526242127408 
3.8088146118769 8.210320934645 
5.1629765938903 18.542005983363 
4.4612636996083 8.2914822539847 
6.0186289919241 8.2204225722533 
4.5112405516898 8.1758995758663 
5.5272015157408 8.3634872343766 
6.3092737690634 14.493461146009 
2.4916719440071 9.4420670547409 
4.2959101232212 12.020009645286 
4.5987584194454 14.584009131276 
4.3686745237113 8.4526033167728 
4.9343048182818 9.2325868168638 
3.3992901227893 9.2402426269924 
5.0342724930694 12.67531448382 
5.2666513166263 8.9752979114928 
3.8306177829483 7.9172049574936 
3.7190617347393 13.049068253661 
2.9479751829572 8.925825042189 
2.6732032305731 12.014146252272 
5.7915989951042 10.018384789039 
4.2088776072584 9.0230830771995 
2.5778676105955 7.6016500541496 
3.3219229297054 7.9013686781224 
4.4159222347723 10.151741869781 
2.902691050069 12.008332756219 
4.4475582684502 8.2893870183192 
2.5086807705251 12.191120502987 
2.5382490879494 11.246091948787 
5.977786052525 8.2866832197506 
4.9736223501756 9.1325353141734 
3.107388569319 10.326433229961 
5.5185354762488 9.4252361478088 
6.273213186537 8.3074669904578 
4.0910279427988 9.9715365877288 
4.4427354305469 10.382704894365 
5.2796937105907 8.3116155497048 
4.414753054353 10.830766905494 
4.3797744805908 10.405393003968 
5.8933900876484 7.5967922680315 
3.8149763774216 10.786781377436 
4.9964492556673 11.387702177591 
5.3652681801412 8.5042703562388 
2.8385024077568 8.3790303440263 
4.152894433583 17.121236439509 
2.5063044104462 7.866264482751 
4.8698322085548 10.191424835411 
5.0855887857394 7.5100524427302 
3.1891419538135 17.619620565044 
3.616015597153 12.30938666638 
5.9264267877155 8.6511061459823 
5.2508591780375 10.769271960729 
2.7075843324981 13.492272893668 
4.7463406674378 13.09145189858 
3.0382290738995 9.5745413755359 
6.0113105288675 10.584552749665 
4.4790042238808 8.0028068880139 
2.4234852171057 10.966146764869 
5.4312566011011 7.5926013058525 
4.5185282921142 12.144286561201 
4.0089469742049 14.922824660231 
4.2713425453376 8.021720129036 
3.7741239778428 10.947068880858 
3.1389578951533 8.3660836547381 
6.3180893342413 11.103383668237 
2.6079655769175 13.996051597457 
3.7839828894482 8.0569292606752 
5.5824896109705 10.05396619643 
6.1899514480977 7.7304396435674 
3.5541471593794 7.9356699986142 
5.2229868319654 10.483045842877 
4.2000227238419 11.606189597976 
3.2055451585837 9.8074503123164 
4.5960208759185 8.6864320608986 
4.4983893083847 9.5903757389235 
5.3732133569013 7.901633166451 
3.8084651680924 12.289367112217 
2.8553017375116 7.7426808599389 
5.6215086733058 7.7816563613593 
3.0209021696899 9.222966399378 
2.4679218232457 10.959204690355 
3.1292738779389 13.315744246764 
2.435323719954 9.078873847759 
4.506266610004 9.727852600376 
3.5607681159296 8.2058079358886 
5.486869981291 10.747590538216 
5.7925604775548 8.7070221726706 
2.7319738960179 9.7062940436986 
4.9873126187443 10.168252097821 
4.5984382826238 8.3812613383272 
5.648340108379 9.4266641977168 
4.0218586465222 8.8661013235569 
4.2566656834885 7.5540357383744 
3.3178190350365 9.7716506909345 
3.2268548296898 11.921417207867 
2.3764193241978 10.347436985857 
4.3333376128432 7.8862556363023 
3.1539878103388 9.2310283933829 
4.9132484488474 8.0846335958112 
4.1769917677194 9.9520161752807 
4.7258316012644 7.6841314683602 
5.8009522140716 9.120028562636 
5.4226128474813 9.8391416533972 
4.1423751103966 7.9672123192449 
4.0514093199554 10.059422278124 
3.2616266345144 10.101480596173 
3.0541517405111 7.7091123766322 
2.4807426392861 9.0282275686164 
4.3044869423651 14.867653396062 
6.1358813424668 10.176172823483 
3.1528736588172 8.4082849034995 
3.2847494392815 9.0344527153984 
4.4729492942957 10.706122320282 
3.5499450833586 8.1493342315148 
5.1711634040656 11.534557021346 
5.1731541876109 16.024790177768 
4.9726499880384 8.035863316827 
4.3689063255374 10.428924285147 
6.2164672966461 9.0315088018128 
3.5019818758384 11.102897340948 
5.859881482059 10.50365155903 
2.9872747256938 7.4919509870432 
3.0936224953138 12.654508664311 
5.9896968752759 7.7529378981259 
6.1488283012724 7.6960915867145 
6.2040460701251 9.1883386430655 
3.487094898963 8.941367433695 
5.0030324961915 14.470232975342 
4.1513592263104 11.147608939225 
4.633053464937 13.381245251546 
2.4133200712165 12.667535645102 
4.7637529367385 11.291001368312 
2.5104703938531 8.8758698089389 
4.0196838461893 9.2959221451564 
4.7340568018912 13.862450936529 
4.3589603497763 9.1525328605497 
4.0510844931623 13.182732664905 
4.8880801452813 9.5779141269464 
2.7439347826597 18.15462868851 
5.7866354492311 7.6765409814321 
4.9881912087934 11.636432594546 
5.4887406625923 8.9339726075818 
4.0821072965171 8.2610521655211 
5.1529022083582 10.361252323742 
4.9593606053813 8.0554082321641 
5.0460807524058 8.5683595642115 
2.4789176758087 7.8220592672063 
5.5634145420644 9.0899317285615 
4.7107664680013 11.186585490982 
5.3386475472646 9.7167555371144 
3.4385658218585 14.792380800892 
3.9255050106136 10.687904223476 
5.9603112111542 11.253495541317 
4.6087858350926 7.4682592523983 
5.9462610850253 9.9486710300724 
3.988298456252 10.05116484106 
4.7327388505883 8.5401141789473 
6.0507353146864 14.447004834617 
5.4695846119456 12.527877521974 
2.6716076903729 8.581050793783 
4.6127325054794 12.673951076428 
2.515475898245 9.6331829530032 
4.3017317147393 9.1277601375011 
5.4159297524638 9.2319630458557 
3.9434969145432 20.369712718738 
2.9485613742622 13.381862008671 
5.8787784060847 8.0935579253448 
4.8771627612467 15.492133970645 
6.2617489070318 7.4922772618685 
5.5762808187298 18.606602210847 
2.5885555879751 16.306190558407 
3.4773542005048 7.8263670689903 
3.2376615142402 8.831629907763 
5.2864287094843 14.88712049501 
3.4168374873608 7.821558196403 
2.6924788601587 11.040807669659 
5.931303886967 8.5409497691446 
2.6588161902321 18.7638941298 
4.8120249638465 8.6153616805017 
4.4594857651375 9.3929538802421 
5.9063634820193 7.6752283194308 
5.2517421659956 7.7218442988565 
3.2044270130883 7.497374299465 
6.2908226906689 11.981438315998 
5.394279605107 16.217353784018 
5.4279835772673 9.9294035517781 
5.9880419107792 10.157084816732 
3.0295728407007 8.9025363738265 
5.8369728709352 8.2513842165329 
2.5561627159287 10.232539303674 
5.7800066611204 10.461467538361 
3.2939031340896 9.1802424069562 
4.2740401292494 9.1292444397024 
6.0340393508606 11.691312444207 
4.57653285764 13.313471268994 
3.5163552525286 12.270738763578 
2.4240697657218 11.229741287089 
2.9548534197657 16.303119828846 
3.5171453927806 7.784031334771 
4.5163077937516 10.954581055847 
2.8841722894718 7.8938074912533 
6.16140149792 8.1705983983569 
4.8298998941429 7.7543882598889 
5.2940897748384 8.1402418127245 
4.3193895463922 9.4188723223874 
4.471179092343 8.7393336579076 
3.8458829224553 9.0548263270843 
6.0059037746196 8.8597915603404 
6.3539913658541 10.454364021817 
6.2586067248212 7.9476249634937 
5.8091880589185 18.095465391305 
2.341793224096 12.928579514016 
2.4949747542562 9.4448966493214 
4.6888334522833 8.0144397883204 
4.4011542007874 8.5233502125097 
4.6293293893621 8.2086878251147 
3.4845419335126 8.5928319677741 
2.9738765850703 8.1454381095346 
2.4474215967138 17.16637949162 
6.2321483716649 9.436824698905 
4.6185852456639 11.60279922377 
4.1724810843272 8.1075432380656 
3.6481698597368 7.8928799590662 
5.8487053710281 12.991442390008 
2.9606252443876 9.5449287974319 
5.1143260607282 7.7330278848319 
2.6779130092965 8.3204983471434 
4.2614768259527 11.638914538698 
3.2497795414862 7.4784660107236 
3.909627467894 11.499765948765 
3.7705298900981 9.6611679212856 
6.3048181188145 17.325246058395 
3.2924892087644 11.729532334006 
4.6409426773969 12.928215624393 
5.3684252829871 13.356289920785 
3.1458198559628 7.4844354476256 
2.7643206474998 14.0851417152 
2.3339543407305 7.7778967554987 
5.400134875804 8.0328978352833 
5.123909199448 11.0107012848 
5.4488303707848 12.341638251066 
3.7736138092212 9.1198348177211 
2.4278010983894 8.270235613816 
2.9983360820171 8.8935023297586 
5.0683354085154 8.7066507369774 
4.9984262148776 11.940997001982 
4.1014489568878 8.0470293511539 
4.5069529114613 8.9797297288779 
5.7648437767364 8.0815447548107 
3.8422334838174 10.223850458053 
3.4642012205169 8.88206309192 
5.9029908438641 10.798904061565 
5.2321463573121 9.6444779145007 
3.8838349000382 9.5094931276897 
4.6871706193413 11.006054530069 
6.2846419972953 12.010174370153 
5.6820187019266 13.053651854169 
4.7883335825564 10.197798068863 
2.5965871243808 11.652507602143 
3.9662752701205 8.0329210777116 
3.2436738139627 13.231406743612 
4.802322637858 10.633493140474 
2.8619102369704 7.6112468737864 
4.1379788727958 11.107483140497 
3.305659696678 7.9094861778342 
5.9819264261837 10.235594054696 
3.4133906801523 7.8227721694711 
3.1386611728672 10.081954243741 
6.2416203044433 9.0201669541982 
4.1683874706887 10.624266103019 
4.5721239002138 10.14623800684 
4.0907692944999 16.688368769125 
3.9952673260491 11.080730655763 
2.6110553277613 9.0858801090234 
5.0231922992132 7.9838167159821 
4.07089797996 9.4501549018726 
6.0925788099527 11.970101563206 
2.9776842651941 10.078108329314 
4.0646060692407 12.49745314142 
4.626191209346 13.437035196818 
2.7371782721389 10.198280803607 
5.9618323304138 10.945808256335 
2.3655692215203 7.7322971027688 
2.4244134108966 8.610087456497 
4.0516077594958 13.281682032513 
3.448388669472 9.4952852287535 
6.1563233944886 7.6700561414286 
4.5135837998002 8.4917548061771 
2.5202042419363 14.312844073935 
2.608828068052 10.017524132813 
4.3061098847264 10.661196390214 
3.8512543194732 8.3859824029352 
4.2563963116973 10.743039291995 
2.5119913998161 8.8428023273498 
3.6922770656047 10.647817398653 
5.9053799071097 7.6663604511736 
6.0121836857692 10.557544293634 
6.119595506264 8.6777980682256 
5.1182268109568 10.558188301467 
4.0794153654725 10.133992446518 
2.5756091367691 8.1763298873639 
3.2276322804758 12.920526950699 
4.0005758286068 14.546011624926 
2.3929386719808 14.603640546565 
3.0413997142092 14.440820211029 
3.3946640099982 12.113021530237 
3.0805734835905 7.7635915130842 
3.4117133411303 13.318793929968 
3.962503022937 14.66517431309 
4.0409957580549 7.4875533143502 
4.5824059404297 10.137281171478 
4.7541548942349 8.2184494399836 
6.0555091391761 8.4971426004804 
4.224036931987 7.8328244199642 
2.4978241783518 7.8403000895275 
3.1624862853061 8.8394201343189 
4.046205328297 8.6591525038475 
4.3487852582446 8.5117524685132 
5.1979417416571 12.683992791356 
3.9796726361868 8.2379285556707 
4.0117137321257 9.3778532895765 
3.7785651609164 12.542587508144 
4.5540782602113 11.662278388645 
4.908970660996 10.328139617995 
3.3150886906575 7.8389444781069 
6.3486786436096 9.2139392633607 
4.7944493821506 11.337890279268 
3.1981448414143 9.6310254114764 
2.5730349540153 14.23110808071 
2.7311790815699 12.724715636663 
3.63760390194 9.7498599413832 
3.2856678481558 13.887528542348 
4.706891326444 12.661068341469 
4.9500003702358 10.00561928224 
4.4714356314977 7.5732495303294 
5.0049243680059 8.7960017368873 
6.1693395938282 10.719035438423 
5.9212416434172 10.872290802202 
4.8574887543548 10.602039717738 
4.3828212187237 9.0978048496939 
4.4712255214861 7.5882264304111 
5.5555238786601 8.6250308857249 
5.0277759340257 12.067714137629 
3.8050777984518 8.1212420186771 
4.5592875898156 13.584811966838 
6.1763805732954 15.27344218108 
4.6718741500758 12.047930273187 
3.442608504256 9.2093972150462 
2.3551520327969 8.4152632178603 
2.5599787935165 11.600324014022 
4.2983407813001 7.8974000632185 
5.2562115877124 12.159795846388 
4.8333531856974 8.008025521299 
6.1247723756145 8.5869367861284 
6.1680795379934 9.1822501748192 
5.6737511331997 8.2313417063487 
5.9454142005128 10.492358836258 
2.4364648680101 15.686616350048 
3.7254825820283 14.002337070266 
5.9771780252619 8.6265936573893 
4.8174440977939 8.7702266772145 
4.5020201162853 7.4923850038109 
2.6129330531611 11.760652546856 
4.8244182843041 15.84477333931 
5.2472077758589 11.500348380579 
5.1534260177713 9.1854479179048 
2.6861891024209 8.9080164373068 
4.3414627710809 10.450184441815 
3.4667538041839 15.887292252769 
4.5173419595829 8.7321743751316 
6.1696370647173 9.4570479312052 
4.7336531454566 9.8594888174046 
3.8275364851007 13.863866734886 
4.5457819718473 11.686308267076 
3.2035405962148 7.6836039264352 
3.4868077632027 8.3707018868779 
5.1018847332739 8.3960433942935 
4.197918082072 7.7206833362883 
3.8887713821222 9.2623044636921 
2.3940927968165 8.3560800805175 
2.4307612908747 7.9523719330035 
6.3531589646909 7.4970632166753 
4.4123668565001 8.3194431627232 
3.1226386017425 13.636785016756 
6.2992380109852 7.9804492297981 
2.6424596950409 7.7201586972276 
4.6518357644245 9.5989822012531 
2.4023628456896 10.974928789726 
5.984206615699 15.688718518404 
5.3022854836722 8.7552825840026 
2.8975321839885 8.44017396978 
3.0370316162526 13.94318730662 
4.4957178279024 8.7219449267888 
2.7381692187385 7.9785505174728 
4.8840265448459 7.6033776953046 
2.6534365658958 9.0265499267937 
6.0889886936186 11.087963160891 
3.4386496235715 7.8741895378454 
3.4555625091843 9.2003463858816 
3.7004147003376 8.754296744688 
2.4698366834122 10.474012683489 
3.681961614327 10.690477681022 
6.1152093011678 16.713700163254 
4.8908631716841 8.2140937517909 
5.2887009456318 8.3860187347839 
2.5944812689248 14.175458015179 
3.0344060306773 8.6710549229134 
3.5955944687744 7.8762666097699 
5.1919713240902 13.861268571352 
5.6650375426268 7.485714910987 
2.6546878178546 14.983735346567 
3.7850167432638 15.333287505009 
2.8414240813926 13.995618095942 
5.4769885747982 11.501403562583 
3.9197683818329 9.7644643221673 
3.9328381963009 11.146328751862 
4.2709150926339 8.096622795836 
3.0570354394124 10.233947044629 
3.6677506880377 8.669975267016 
2.4972161092857 12.158753698782 
4.3448991018846 9.1179315326989 
3.2684379546559 11.884215244952 
5.5204307504139 11.231342649374 
5.4162373996643 8.0080745874709 
5.7775872536333 9.7266237501378 
4.2025928429423 9.6815625786315 
5.3877114023 16.39783158776 
5.902124838959 16.219851390176 
5.8961337868613 7.7318659422491 
6.0481553464366 14.480906241806 
3.0765361438586 11.528515780887 
2.713923456289 10.386806340886 
5.7074970450259 9.8467738445097 
3.0245152196834 9.8056596978402 
2.7497115528024 9.479426475026 
4.7326125231949 11.596805422499 
2.4703567295633 11.164521365128 
4.9299244528469 9.059055292224 
3.0154860690105 9.0450870938452 
2.5276979825139 8.3675747603192 
4.371856522107 19.851137700388 
5.5963791885312 9.7460202840561 
3.3010153346211 8.4837569775439 
5.2519554971184 9.5994393895567 
2.4606784023529 10.600214442767 
3.9376111566005 11.97161048056 
3.9470798631142 14.025394312209 
4.8524963147084 7.9278011671441 
2.8620236692254 12.945667386372 
4.2684504177398 8.054153950224 
4.6573829466174 9.0809288831802 
5.882541865373 8.2877101997909 
3.2400535327122 9.1157167884196 
4.7024438254727 12.334858830616 
6.2891859334768 12.62614793306 
6.2651997605326 7.6582915246909 
3.4784010296253 12.619960164683 
4.1790879071246 11.358921985946 
4.4873064528279 7.9371620236564 
4.1841465650816 9.8757256764234 
4.945956028465 8.3215980259176 
3.0340900490624 8.4010981680132 
3.8286520569344 12.284407943344 
4.0238016319951 7.9784616066867 
4.2404273484722 8.7467832403038 
4.5750790865625 8.1760526742497 
4.3630884166836 11.484223824768 
3.7622911192723 13.334360064804 
5.6626106674396 8.4067458415939 
4.1289275961914 8.3387668579213 
3.3447605562903 8.1430100742101 
6.3266509725475 8.2953125225882 
2.5451366583597 15.420791168414 
2.9632476805343 9.5728543568704 
4.3709478832857 13.02262681489 
4.9538849177191 15.973121797419 
3.8919497949177 7.7052177385843 
4.5740482544319 11.241465286152 
4.1077549474324 10.737105360186 
2.4235361241646 9.3333960410377 
3.8860431111851 9.5181726510285 
4.6865040411783 7.4925983725188 
2.8315737562729 14.133760213275 
2.9418967801374 7.4484356395118 
2.7912215205383 15.443181917848 
5.0031143722794 10.25362087094 
3.887266126776 9.0514816878708 
5.0656365414408 14.426689990016 
4.886352339353 7.6451141361774 
2.8125768278692 11.199091577081 
4.4357501630413 17.041604102273 
4.3818832139821 11.400669321122 
2.9639363575567 9.0318095391779 
3.3699436229512 8.5802787077461 
3.0656610681721 9.3579294413932 
5.6451073181791 10.573711928659 
4.1067057201498 15.44079377278 
2.6016979501037 10.028737066455 
2.7627505707667 11.75878653234 
5.1067107965091 12.121731400415 
3.1116355240363 9.7756754333997 
2.4538710708891 11.944303312355 
2.8049300969911 8.9740377858093 
6.2791882191626 9.6162189429137 
5.6341784999397 14.060387758505 
5.942925718584 9.7601213620135 
4.2610855091133 8.7190971933878 
2.5001375322467 10.803591522546 
6.2032983634165 7.5390719254594 
3.6397404657794 8.6155774221704 
5.2698712694272 7.876882661104 
6.3354910633369 8.3235440772725 
5.1552159335111 7.852336925242 
3.9818145113461 9.9957492820589 
3.2990885630252 8.7164851415302 
5.4319022635567 13.869541076992 
5.9557606408733 8.2283004321828 
2.6811687020592 10.84792367857 
5.6309726161601 10.336116445467 
5.4565056505562 11.596647017593 
4.8246690786954 7.4831195494643 
6.1782498156954 10.015709786948 
6.0986127527375 14.99536778735 
5.6315966837248 9.1592923459946 
5.6924659027881 8.2876349436694 
3.5617709780238 12.288009522385 
2.7094665834937 11.979122106585 
4.8649476684041 7.8047297421822 
3.7539630262441 9.6878425560394 
6.0088473721134 9.9931166003847 
2.9542912174825 7.6738221201261 
3.5604067670404 8.0618698291166 
3.8137481917323 10.449522128919 
5.3859404963613 8.3713681481412 
3.2611557694011 9.2362537313467 
5.2268515168947 13.904897575677 
4.620539223447 9.6322024213895 
6.07911290752 11.129801468343 
3.7088352015256 13.193244750521 
5.8024822544021 15.864710217118 
6.0641437793 9.5947658913876 
5.3536079475374 8.320948905819 
3.5934328435642 10.904615190194 
3.8948509866152 7.9202236498398 
3.4610347841324 11.358114094898 
5.4349743254382 8.4574475291106 
4.2352447670045 17.894091481884 
2.6760859913535 10.662838953245 
2.9067884903069 8.5881856862818 
2.9342955484263 7.7181101965317 
4.1827099486894 12.607497512826 
2.5071650416229 11.717633364709 
3.2796025704343 9.9237104905685 
5.3688784418707 14.443246248885 
3.6390585066967 13.775556763714 
2.4466234111311 11.349049986215 
4.5425776518339 10.185438011502 
3.0786018668662 12.173531093015 
3.0193856443859 9.9898415796337 
3.4433648102879 8.0205065294633 
3.1435752207534 19.526594014059 
2.667067455516 9.2113391574588 
6.3574813472265 7.6585563173247 
3.440417487244 14.951049734878 
4.006603043196 15.207635153811 
3.2984775595497 13.962794878554 
3.5194183372269 11.536085366009 
3.5872327217334 17.379054172982 
3.7616334346397 7.726760356185 
6.3069524640101 11.623649892541 
6.2920690976688 8.8956964416997 
5.4025116889287 22.050390031121 
5.6260436560367 10.30293323752 
5.2062755911785 20.103612866239 
4.2411767136821 7.6724656298427 
2.8243110299678 9.1124100587962 
2.7891006066336 12.104128144522 
4.3456986230547 8.089995357953 
3.5198571159851 7.660704167803 
3.3469778489761 11.900119092133 
3.7063166494759 9.9861540263648 
4.9046579058125 12.367237986891 
4.1248154278982 8.7915934152074 
5.3528827318934 7.4484114899707 
5.3173578058529 20.278592313371 
5.868169976856 17.162933420562 
6.1044395816342 12.707811056382 
4.6522448450102 13.051025209035 
5.4363995059649 8.4434438386083 
3.8242893690847 9.0149780433998 
5.6367338053246 13.203924860882 
4.3111550516658 9.8792698877987 
5.841587791318 9.1107259649275 
5.0051702984227 10.951468726961 
3.7730281272169 11.810704057652 
2.7746400078626 9.5136752029047 
3.3459398129624 9.1016488674931 
4.7632783578127 9.5840324654008 
2.8217140444043 9.1817300700109 
3.3115371617633 14.738901095998 
3.231116879119 9.8688238049837 
4.6544466054719 8.1851495744034 
3.7214275078398 9.2606896379331 
4.9430206846801 8.1448153298457 
2.6708307668408 10.850822107574 
4.7124533004605 8.8090386041201 
5.1435927479554 10.884270424689 
6.0905184526683 8.9142512845598 
3.1593079322105 12.694783690469 
5.6906494549089 9.2233692341025 
4.0790702617911 12.680269651979 
5.4407252811358 7.8953860681529 
3.3200522036904 7.9820301533543 
3.415770531586 11.546029267069 
4.4099829723786 7.5320754747377 
5.8509532442869 8.7337030887387 
5.6112384363946 15.844072604481 
3.6894092459684 8.9131442076497 
3.2669338430974 13.292808864493 
3.9239399996937 12.563308038077 
3.6765781593125 10.182406331015 
4.2358824165971 15.256039516933 
6.0482503600313 16.958447480431 
5.1468645290678 16.963092427207 
3.700129639315 10.102219957959 
3.8433953884019 12.390769228948 
4.3611888548586 8.3162407540207 
5.4167312092843 8.0556280696669 
4.7393718841329 11.348933176593 
6.0986362245058 9.8608287172392 
4.0570241131659 9.1906554097154 
4.5830275019632 12.835068326199 
2.4023542071007 9.7637946830701 
4.7499591932392 7.6234739916645 
5.4252553272091 7.9016458796725 
5.525896221535 9.2447592152333 
3.1319301535951 7.8326168151827 
6.2375798962282 19.56273455799 
3.1678529653727 13.96199843152 
5.7887315105897 10.371489423893 
4.7771624909444 7.9461270598084 
3.4551614638397 10.015665732187 
2.6600668293908 11.256919340562 
3.6983510678327 8.3997260634586 
2.6283555939299 9.8021050521549 
4.4979173485522 9.4020570824278 
3.1442700266812 9.4148493100637 
4.4786746855657 8.9111726212639 
3.6289270193475 15.137434836384 
3.1044792199594 7.8744284830582 
6.0162258771217 10.604726828952 
4.0458929950132 8.6097852600887 
5.1780806361022 7.9828800076347 
6.2264490838608 9.2841832774929 
4.8641756207836 10.12423821458 
3.1453183963238 7.5477540622091 
4.9003481140283 13.372538280021 
5.5488060333304 8.5085975161294 
3.3985364059991 8.6732316993068 
3.5507596702567 16.193971422254 
6.1168674928017 11.358623827013 
2.7972950362829 10.9865915367 
4.6472326395875 18.442120604086 
4.7550834774301 12.708543585647 
4.694587862962 12.550666014347 
3.7596008853765 7.4844154939378 
3.9518280205088 9.6405318233126 
2.8937735184799 9.2156658959787 
2.4334897440716 16.601418338125 
