-4.5477596632556 -9.0967481767423 
-4.8348463224503 -11.201666117809 
-3.2603893905612 -7.8731135825137 
-5.3404415606525 -5.7136003001427 
-5.0307272233289 -13.340779983704 
-3.6240315142498 -8.9844195836533 
-4.4534548923425 -7.8963283559646 
-3.3628007017017 -10.558631891368 
-5.4042113829545 -12.062132742324 
-4.2119575071586 -9.3356486905044 
-3.6547828223194 -6.0790379528907 
-5.74026378588 -11.073574404613 
-5.0303313112438 -5.7303401352477 
-5.1458655839248 -13.681910003705 
-3.3867664322914 -9.6087928433793 
-5.2319049615478 -7.9652665288276 
-3.2555515179432 -6.1027865835782 
-5.0373029106802 -6.7577576575087 
-4.5043689485054 -7.3462952849485 
-5.7706855186736 -6.5992006875918 
-4.3180064119712 -11.463864257338 
-4.9758906439456 -9.15720146588 
-3.3233261775437 -9.3619602790709 
-4.5738756970017 -6.0218079464379 
-3.24336571043 -11.584914714768 
-3.7458020916113 -10.934554847364 
-3.2890328140796 -7.6783614472504 
-5.0033748762462 -7.2522504188212 
-5.6526021215896 -7.7795793755962 
-3.7876474445966 -9.9398031004717 
-3.6580211973469 -6.0424091400152 
-6.0128239990131 -7.1516495809623 
-5.8237000239692 -17.911039243013 
-5.4556816221168 -8.4887414031493 
-4.125715600633 -7.8528756411543 
-3.5604944727072 -7.1529224380533 
-3.5721108468451 -6.5811882357247 
-4.6764467304888 -6.0028568182235 
-3.5688197004552 -6.0739268289663 
-4.5099290829035 -6.6039315846946 
-5.3722560989426 -9.6886159910892 
-3.2413112711293 -6.812779755167 
-4.5372343033711 -7.0536741181576 
-5.6304283746198 -5.8134336129342 
-4.8686147479511 -8.871301887313 
-4.9202217717629 -8.1297661667229 
-3.5755538870685 -6.2291554888854 
-3.2103520961626 -8.7030273116194 
-5.2564436950443 -6.9498326827625 
-5.9090889664629 -5.727406663085 
-4.6206326694676 -6.6932945975125 
-5.0222604973562 -7.0414764583546 
-4.4158657468735 -15.921762098211 
-3.4395897788784 -11.275743032431 
-4.4164834279843 -7.475330340601 
-5.6648806028225 -8.3663333082474 
-3.7073059207263 -7.5874456001165 
-3.3104885432403 -8.645716522085 
-5.9442075867361 -7.2909405561368 
-3.7207919084241 -7.7477106046036 
-5.0063161380865 -7.4361774652495 
-5.1434293239442 -10.352761312617 
-5.5252413553782 -16.928382690809 
-4.4357620659607 -6.0610374380175 
-5.4815408214017 -11.949391506271 
-3.7699462580924 -6.8400279410263 
-5.6883640685424 -10.072590833987 
-3.7138775765141 -8.1628965925382 
-5.1464578188507 -7.2576721935075 
-3.695665679516 -5.8507900982417 
-4.5898004133919 -8.5828504412686 
-5.379987830406 -11.15989419717 
-5.9596175159439 -9.0494666586848 
-5.4262086667991 -10.234733052658 
-5.0945882507509 -7.9928290852279 
-4.1408003647373 -7.177175893394 
-3.7616581965687 -7.6788553432686 
-4.8373298384327 -12.619611565439 
-4.5483705857388 -7.7405990718379 
-4.1567146899515 -7.1915246280941 
-5.790144628344 -7.4054429358483 
-4.9517016584535 -6.6764077042149 
-4.0084267907006 -6.0338016584243 
-4.0903732563395 -6.1301156188698 
-4.353713646529 -10.445573149771 
-3.7926323668139 -6.3094208421173 
-5.7747825437263 -6.6803927806136 
-5.4861158883455 -6.4176183594731 
-5.4493180798522 -7.4054406645887 
-3.4036938279452 -7.4726184839866 
-5.7578305238041 -6.4675639269827 
-3.548586028362 -5.7951207623041 
-5.8288445617374 -8.5672849514021 
-5.5475197763751 -5.8060533752868 
-4.4327803516444 -11.136668461651 
-5.4734685542542 -9.8668256214244 
-4.0202245648808 -6.3474303887375 
-4.8628888524114 -14.810794861091 
-5.3241699542489 -5.8788963220107 
-4.4889317784723 -9.1483955151056 
-3.6305544301227 -10.01931203793 
-3.4401248777364 -8.6282323911259 
-3.4717563433122 -6.7298644486392 
-5.7078310598199 -8.9163183933509 
-3.7584601510453 -7.3829195147575 
-5.2929005658055 -7.8267162377638 
-5.573708769088 -7.6205238927029 
-4.4318624772281 -5.6215604119474 
-4.6845657100909 -9.5731051990252 
-5.8497807940473 -5.9440198239587 
-5.7127141119642 -7.1345056344584 
-4.3824748710109 -6.4719292798043 
-3.3983730392792 -6.1959282588794 
-3.7211841947369 -13.087610395766 
-3.430912693892 -10.876404776891 
-3.3532154504888 -7.1079239291157 
-4.682560678001 -9.2878463274672 
-3.5730522244725 -7.6477809449322 
-4.0005525605285 -8.5021263051609 
-4.2378484766278 -6.1696924346917 
-5.0381853443046 -8.8417860429903 
-4.1013222245548 -5.7978799863621 
-4.4552164481059 -6.3553417068558 
-5.9304991446097 -10.720480923093 
-5.5320027561441 -9.4917457273059 
-4.601490066002 -9.3551723284262 
-3.3955037208615 -14.516031851106 
-3.3052131282566 -6.4307092676329 
-3.6391069634788 -6.6426324424549 
-5.8879510126306 -5.8229789767454 
-3.8644619541438 -7.0791315975836 
-5.8190448035466 -6.7801499087511 
-5.6967433034794 -7.8722326487595 
-5.2204077750054 -7.2539617489664 
-5.4718222420658 -6.3606897701264 
-4.7935730734188 -6.2072889750489 
-3.2158675118378 -6.0747917148826 
-6.0518413292848 -6.7162590758193 
-4.9671847802415 -10.417991575307 
-5.4732688684394 -9.6708826259428 
-4.2429695728712 -7.4320913283107 
-3.4394453754288 -6.5528035092195 
-3.462439721863 -9.7821110180385 
-4.9257353820559 -12.689959703919 
-5.5352833393668 -6.0272147684762 
-3.3037065660654 -8.8154930906781 
-4.5817763156113 -6.337938866659 
-3.4566803131836 -14.834000078637 
-4.0114694125077 -9.7108091726553 
-5.0385226148234 -7.8246505859634 
-5.633860854112 -10.407700636575 
-5.6868457757857 -15.361612933325 
-4.2081202116495 -9.0269498556841 
-3.4625320237475 -9.7760111418503 
-5.6307758612405 -8.4281311483366 
-4.0558523852496 -7.3361093275255 
-3.8612061926534 -6.9781539854696 
-4.037922578626 -16.954031402788 
-5.1355803327757 -7.1491523225106 
-3.3505182294365 -6.2121634300301 
-6.0158390060781 -7.0169242909055 
-3.7747887154229 -7.1654138374355 
-5.8421269910746 -6.1073129469018 
-5.3589808589474 -10.748562732557 
-5.5636845680124 -6.1518069836601 
-4.8930320087535 -8.7626989201485 
-4.4331347562339 -10.406731405667 
-4.6871067898357 -6.0636693816816 
-3.421822998577 -5.9614876308679 
-6.0418818109945 -6.5070706054817 
-3.2096865553686 -6.9174252773291 
-4.2863285524505 -14.644595263214 
-3.9296013136156 -5.9114042943433 
-4.4807469821547 -6.9821793404577 
-3.4438762284585 -7.5285962524198 
-3.9923163383503 -11.326651379012 
-5.6213361771878 -7.5532212718662 
-4.0463501637174 -9.9307236095449 
-5.7024480877471 -7.1932378197344 
-4.40945935729 -7.6014088687573 
-4.0338907999486 -11.327238708324 
-4.2170247737508 -7.4998226646739 
-5.3933739241606 -8.6677546060739 
-3.5905315077945 -5.8800743179404 
-4.6747169184464 -5.7987560530077 
-5.2755722527915 -5.8811798061634 
-5.9479085407249 -9.2954101279003 
-3.3219247961327 -10.500943252737 
-3.4936656511785 -9.4637321440474 
-4.0755486947367 -12.588123579062 
-4.6785237081731 -6.8337095680328 
-4.8449234048748 -8.1047453004754 
-3.5060212416003 -11.377325410277 
-4.4285627146939 -7.0206950016614 
-5.0545250807437 -5.7213168364151 
-4.189626923862 -9.7530388439268 
-5.6169050280557 -5.6488763253529 
-3.9004044334309 -11.186446544661 
-5.379498591281 -6.3408041118618 
-5.7305479213695 -7.135576062891 
-4.1306340040323 -8.3384835293968 
-5.2822007080983 -6.123190303803 
-5.5454851485625 -6.1784680691259 
-3.5866741003973 -8.0355715714081 
-3.2773405472011 -8.4850622678289 
-5.9963046423665 -7.4044490967681 
-4.0295295422725 -9.4676428965434 
-4.4497697819032 -6.2536499379734 
-4.1177941266269 -5.9207482770506 
-3.2723483202484 -13.202776542959 
-4.3641037908274 -6.1519071424981 
-4.5874289038927 -9.3831930111793 
-4.9916665322734 -14.080635103548 
-5.6492523918992 -9.47077952001 
-5.1938680629887 -5.9263425099811 
-5.4097460478167 -10.718858269687 
-5.299073693765 -10.046911997067 
-5.3504147371284 -6.4050936664232 
-5.9354838936151 -7.2459070712789 
-4.0148720775951 -12.774326287609 
-3.8519612200748 -10.104457885176 
-4.7129870082962 -6.5248108416417 
-4.9412188592363 -5.8956545249005 
-3.9226055236472 -10.175036893993 
-3.7334760466372 -6.9063972201314 
-3.8143614477549 -14.96550364693 
-5.5463462342859 -7.5285453362962 
-3.3958921509529 -5.6468719100477 
-5.3320551220896 -6.0388160699502 
-4.8061737752646 -9.9937002637798 
-4.490760422895 -5.8935594293113 
-4.1321295406298 -7.7490099055208 
-3.431251913844 -6.4755570679297 
-5.671664024458 -10.583512360638 
-3.3913255048749 -8.1826234829312 
-3.626328027349 -8.696948143076 
-5.1313270704356 -7.3705848398208 
-4.2232373407209 -7.5224705312077 
-5.6180572191699 -6.8337013670545 
-3.7340049314481 -11.202742706809 
-4.4358516079537 -8.1981771535947 
-3.3368899017025 -7.8752944568566 
-4.5069955860159 -6.2708851569739 
-4.1252694147592 -13.82974667751 
-4.3520504314165 -12.995804376521 
-4.0106896011248 -6.9346726737798 
-3.3281626431906 -5.810126302486 
-4.6805731299539 -6.1837322879101 
-3.243033868203 -13.685579102173 
-5.9261342773235 -12.531769952601 
-5.4769390822176 -10.140087988746 
-5.7602379586049 -6.1209848642096 
-3.2290967987476 -10.290219062334 
-5.8426654565837 -10.330928295587 
-5.5910042158277 -7.7325304833508 
-5.4114476712195 -8.419658494612 
-4.3429188675186 -19.099475615857 
-4.0665515001511 -6.2666192895519 
-3.530084607295 -7.2469458665601 
-4.6532283239858 -7.54445800991 
-5.1757708752907 -8.0922677054438 
-5.4029990706636 -7.3340987421314 
-3.9620850335596 -13.502900061831 
-3.7885901320409 -13.239601076723 
-5.0690025739251 -11.955575622322 
-3.2147068645382 -5.8746727441465 
-4.5032617292808 -6.4248402734385 
-5.635280771471 -7.9193674751517 
-5.1683458085803 -6.9637717430221 
-4.4870178108048 -12.954562402453 
-3.5888052123802 -6.4468300262519 
-5.8495402199617 -6.0112674645902 
-5.5146573278654 -7.4868744160728 
-3.3483704933496 -7.0344668108026 
-3.9870129456764 -11.736883846747 
-3.3791502483783 -8.5649487208461 
-5.6995144878876 -7.4512969544218 
-3.2205749371282 -7.8871670157677 
-4.8680330984883 -8.1925229373015 
-3.8556729904197 -5.7107925503657 
-3.8409184091367 -17.704553993933 
-5.0382574686124 -6.1919794707903 
-4.691206416342 -5.6855949018254 
-3.770059255024 -10.184723660739 
-5.6548198676447 -17.103463433648 
-4.9289711213709 -7.3305081814547 
-5.8869146887579 -5.8405587300862 
-4.0688584678661 -9.130630617082 
-4.4941676705872 -6.6844032855188 
-3.8479060320448 -6.811856878275 
-3.6600930387136 -8.6509372295813 
-3.5831302395526 -14.147563063948 
-4.9126295966648 -11.574070586711 
-3.7963824180354 -13.42614659186 
-5.7462157839474 -8.0187368477253 
-4.3283544322719 -14.379585536984 
-5.9525246691854 -6.1695221341154 
-5.3686563873301 -5.7999091176888 
-4.8606395611955 -9.4164453148541 
-4.4976825567372 -5.9748842528542 
-4.0798184701094 -10.110541606889 
-5.985718176987 -8.8777012239972 
-6.0158228658388 -6.8660492835562 
-3.3553417190844 -6.2147404351561 
-6.0142190835059 -10.812386664328 
-4.9059524720544 -9.3093082385613 
-4.8857279380726 -8.4052602437678 
-3.3255200076732 -13.042718289671 
-5.0869055235738 -6.0355105259191 
-5.2949025410528 -8.7942467069329 
-6.0191891356764 -9.2262259002793 
-5.4486322739815 -5.9535760532973 
-3.8365314507388 -5.6242661363106 
-3.9028922063563 -8.6015224802301 
-3.5157789044024 -8.6326007899587 
-4.5214853279424 -6.8081746257382 
-3.6593579551089 -13.459830528605 
-3.8379985902454 -5.8282863646862 
-3.8193386222392 -6.8890833701588 
-6.0290368341763 -6.8571429986426 
-3.3093431687922 -12.367037302781 
-3.2700471436514 -6.5140890580841 
-4.6774989500294 -6.1462987544919 
-4.0672450441908 -8.3965713637966 
-5.0038209276309 -14.158447372803 
-4.1134960193093 -8.3459549106908 
-5.9423304294825 -9.0264107364261 
-3.6504539766599 -5.6526857164501 
-5.6257433565941 -9.4433187192468 
-3.9386752915911 -8.964976957376 
-5.3498427402113 -12.393917789234 
-5.7985581436783 -6.5819646548321 
-3.8962840387855 -14.844796323134 
-5.9650470648389 -14.736162897279 
-5.5787658393871 -7.611048278146 
-4.2877993566697 -8.1379277705386 
-4.5435927694152 -9.0522104943147 
-4.8052686589549 -9.9498833988424 
-5.3748537188119 -7.5304743260771 
-5.2838298298819 -6.2200297738964 
-3.3063081942359 -9.2278565134552 
-4.121522608503 -11.554986709747 
-3.6817080395089 -10.424026058561 
-4.4420679044927 -7.8103061733124 
-3.9825139796397 -13.904544479989 
-4.763464299259 -6.448872453209 
-3.8820861957929 -8.1702474321895 
-3.8945942843459 -8.6872934002484 
-5.6823328636041 -7.3212820047278 
-4.585855317506 -8.6382543342282 
-4.4461576218169 -5.8672657236668 
-4.8156823697735 -6.3420184777798 
-5.2146295215673 -8.9582326083419 
-6.0076787169852 -7.5924772931445 
-5.7619476248855 -5.7436858636545 
-5.7572458059647 -10.884687414547 
-5.9427731667792 -11.556678824478 
-3.6490114519534 -10.940693139503 
-5.5710428935433 -7.9739854175858 
-3.7640469304327 -6.4600839375847 
-3.4699713680495 -9.9680553692166 
-3.7520883345264 -7.6820069960238 
-4.4309646373705 -7.8058401520281 
-5.4059641497669 -8.9653222448068 
-5.2485802174561 -10.827221147436 
-4.2480210791391 -6.0072682993507 
-5.2305429677047 -10.859537447185 
-3.7096925026768 -7.4216189082382 
-4.5604833599198 -7.5398718340199 
-4.2758309829028 -7.4414854450362 
-4.0410159814156 -8.5580607039328 
-4.3488401307531 -10.269670805405 
-5.4617419004253 -8.577589403334 
-3.287924400573 -9.6110403848255 
-3.6085314350929 -11.00059927548 
-5.7262740798041 -11.816825959543 
-3.8188896723697 -7.9169280540524 
-4.7395813611444 -6.4477413417316 
-5.4734354800168 -8.698457956761 
-4.1801231641567 -12.045852461471 
-4.2638721011082 -5.7695662276328 
-5.7757331983561 -5.761486184553 
-3.9586676622048 -6.1302109776832 
-4.8339025501143 -10.828217039207 
-5.5208708866002 -9.0445610091835 
-4.5467741390052 -6.7028790091413 
-4.2609421912799 -11.135590300718 
-4.2598207328872 -7.3768940614559 
-4.5323170174559 -6.9285750811458 
-5.7339219220891 -6.4381020208479 
-3.9917935929739 -9.68061502754 
-4.6009571556455 -7.7107873468184 
-3.6509175089058 -5.7644546716908 
-4.5650683051575 -12.325399430516 
-5.2470971259018 -6.205701358425 
-3.8611229704987 -8.2668800101813 
-3.6733646258829 -9.1254844984076 
-3.8167102013376 -8.013959789578 
-4.7721538940047 -9.0762919713828 
-4.8718222780507 -7.052384209676 
-6.0171315983434 -7.2156802722556 
-4.1524428019826 -9.4967734820809 
-4.1293426237137 -9.6489975586105 
-3.9649175568949 -9.4553125453778 
-4.6707973513767 -8.3570192249948 
-4.2027788573818 -20.210221620311 
-4.3825458444262 -9.4789095399063 
-3.9215551463137 -6.3590949658673 
-3.847182053367 -7.0417947574479 
-5.2979723986143 -9.0948810800022 
-4.9329401343419 -6.7390099924288 
-5.6784190417846 -8.1074121862561 
-5.9293274224702 -7.5862764571537 
-5.4601355710928 -6.9015160581235 
-3.8421997008764 -11.905996998425 
-3.3390521505705 -5.9814088916073 
-3.3077588473766 -6.1584056294955 
-4.5767758142787 -6.5226794137982 
-5.8097799690865 -10.812788504163 
-3.3616108543189 -8.2133382066571 
-4.0239903951206 -9.1598531547406 
-3.9524618922549 -11.197298200938 
-3.6023333137245 -6.6684110880439 
-5.6708133303514 -6.7527764366384 
-3.3233288317842 -9.1384799161132 
-3.9209601436114 -11.48346112969 
-3.4844283449309 -6.0488711654009 
-4.1539016178741 -13.375218634651 
-4.2069183973383 -7.0152202814238 
-3.2132402125264 -13.429329310199 
-5.2841902408262 -8.230361003057 
-3.7872632279279 -6.8141445876486 
-5.781095194503 -8.1121440380757 
-5.0467529870032 -8.7164255815178 
-5.6301527537636 -6.0535634835964 
-5.6762165473237 -5.6863973119632 
-5.0006762788926 -11.384420390194 
-5.5142227796413 -5.8417149624656 
-5.0324398599839 -7.014052932163 
-5.5334080164274 -7.206024234575 
-4.6407336757198 -8.033153997798 
-3.2275306298268 -5.8562629411036 
-4.4645269991464 -8.2172888520902 
-4.0660139368424 -6.110373897656 
-4.3557623827341 -6.3502542252355 
-4.7969034794758 -10.845067640517 
-4.6618328167045 -7.532309873141 
-5.270199460938 -8.2418903095495 
-5.9393306322878 -6.4980043668626 
-4.9922132545463 -6.6653302911951 
-3.8807528509872 -11.155887149626 
-4.3987949448852 -6.1281262764399 
-3.9765494948226 -12.719009810145 
-5.6643521468729 -5.6390394443658 
-4.0637744009267 -7.7410720501176 
-4.9677014521844 -7.0401178466695 
-5.571871734863 -7.5252404869509 
-5.9558167541463 -5.6210257072054 
-5.1690647315184 -9.8706956510168 
-3.6099222247144 -8.6498711532244 
-4.4373894527455 -10.234689622253 
-5.1106603607305 -8.1697414095354 
-5.1511227976272 -7.076491880019 
-5.0813471602667 -6.6465135856678 
-5.713861547334 -7.4793433883633 
-4.8196057323803 -6.6102340684621 
-4.2087237776747 -7.4789623772665 
-4.7159127716162 -6.9296264780003 
-5.2303205328326 -13.436292612347 
-3.9755471342814 -12.894440510915 
-4.5431580580462 -6.6470004562119 
-5.3092439022235 -6.4287342486313 
-3.8649836921683 -9.8055986224183 
-4.0100323752185 -9.2355951465855 
-5.2705740995881 -7.2161783510838 
-3.7717636043859 -6.354512824029 
-4.760636907977 -9.683612914545 
-3.7066730954994 -7.8075167526068 
-4.8364227387797 -7.1176466372618 
-4.4699659397579 -5.6944018718772 
-4.3786624303385 -7.4397765989363 
-5.8381850874899 -10.651002681241 
-5.2716202768921 -5.8222937812953 
-5.5769874409876 -11.82897722483 
-3.8569878374818 -5.8776051825333 
-3.6880803696739 -8.2229745644267 
-4.2481586212162 -6.5783880276038 
-3.879462657081 -5.6073384514849 
-4.747174626026 -15.52227094103 
-5.2342247942774 -13.922559129472 
-5.2689276938163 -8.7516453058597 
-3.7314120177778 -10.421370763428 
-5.7602493165147 -5.9416802762856 
-5.2683577097368 -11.362229261457 
-3.7174008276667 -6.6584745552245 
-4.7497918689205 -16.22237627042 
-4.1344971362297 -6.5665228060086 
-3.9265887460027 -7.1672497362939 
-4.6420223524256 -9.7387537986286 
-5.2748836846665 -5.6764981231342 
-4.1967174703179 -10.313502998854 
-3.5941873918575 -14.247409341842 
-5.4755475240771 -6.5177142321651 
-4.4318370699401 -6.0391188463835 
-4.8467719520727 -7.9464361485398 
-4.7260970971786 -13.36904967241 
-4.0861981019691 -11.649573800484 
-5.149122103172 -5.9182111657804 
-5.8937966793433 -6.9828276467933 
-4.8453262803336 -13.755014528955 
-3.8787146226873 -7.0242895367288 
-5.9292935789718 -7.5706854658051 
-5.5383036074523 -10.762048913233 
-5.1866482069738 -8.5712862603389 
-4.7602559813404 -7.5700098863003 
-5.5890513161748 -9.3264353743144 
-4.239401236664 -8.3447246895233 
-3.7080065740873 -6.2450165634314 
-5.7999314225795 -11.801237227328 
-3.5058458005624 -6.6537553140996 
-4.1211947532619 -12.280092441883 
-3.3037367027118 -7.2425864233043 
-3.9462235512961 -7.1393425409712 
-4.5530930290881 -6.32614999579 
-4.5781537480043 -5.671500715481 
-3.3014252139188 -11.074746023869 
-3.4982434552322 -5.7127949994569 
-5.0627646923794 -10.753551734614 
-3.7482807677625 -11.910326515072 
-3.8645852655191 -13.064489830506 
-3.8172305165719 -6.1325848715524 
-3.7418679079593 -6.3575731640874 
-4.8443774657061 -7.8166505705437 
-5.7918775736281 -6.7116604360912 
-4.9507617304262 -7.6395376127201 
-3.6259933119539 -9.9468846507183 
-5.5940273812424 -8.8818660862084 
-5.0811405593325 -9.3324550867865 
-5.649323578515 -6.3130002216469 
-5.4782145509024 -11.317484407992 
-4.7094069025066 -9.1881560639904 
-5.3786876203817 -6.691460689637 
-3.6419770198436 -10.93115583616 
-5.0068605319503 -10.918241832938 
-5.3123609050865 -6.6667962141343 
-3.888831841424 -14.266676519136 
-3.4863864181925 -10.690583129346 
-3.7793743018585 -6.3071293506468 
-5.8865939669634 -6.0789620136116 
-3.4472578961257 -10.008121903621 
-4.5418211487396 -9.1666588573494 
-4.188836567408 -5.7180640018822 
-4.8001170787646 -10.520756742927 
-4.0519998311487 -9.3416827849151 
-5.3390141372551 -10.149629247021 
-5.6254285337195 -5.7864134732822 
-5.8772282027962 -6.7729566438445 
-4.7181589116959 -9.3525729692207 
-3.9393817988763 -11.274986138041 
-4.450401296936 -18.808951486486 
-5.5366607452887 -14.608496456857 
-3.2068902472179 -8.0778126524834 
-5.0501229234947 -6.7375702696672 
-4.2796876397203 -6.4065124140626 
-4.4298992366831 -6.5960419749443 
-5.9198537748794 -7.211123952673 
-5.2822118672306 -6.4834638132552 
-5.9726149137903 -7.1464352825396 
-6.0279314618208 -6.4197576392257 
-3.8832585008371 -5.9155110534506 
-3.6729995380658 -8.1409181592156 
-6.0009825156678 -14.753482153128 
-3.5359494124353 -6.2167178464509 
-4.7648674835038 -9.9367942286633 
-4.2362276558475 -13.723798631481 
-4.7113424432441 -13.28521951325 
-5.249084611632 -5.8834242083671 
-4.5376846499242 -8.1472223376111 
-5.0437853917457 -6.1231827029331 
-5.0861249490216 -10.793113873974 
-3.7525884784033 -13.896202997833 
-5.1287478876516 -6.2398421080896 
-3.8911245461073 -6.7886666850687 
-5.9861274041172 -6.301042996833 
-4.1011241829525 -6.2429751616387 
-4.9621766502481 -12.230966921309 
-4.7589971522678 -10.74726454885 
-4.2122458089031 -6.3656736348946 
-5.9460894294801 -8.7835643329429 
-3.2354572810798 -8.8385092943941 
-4.9306208286785 -12.508067303817 
-3.2032611946002 -6.1214134823266 
-4.9070987286858 -17.467018982755 
-3.3244384455047 -11.61050517351 
-3.3700245488893 -6.3138774415944 
-4.0179231504854 -8.921638808729 
-4.9398573922555 -9.944243114968 
-4.2670408833179 -6.6783605437936 
-5.1557927245801 -13.764331274065 
-5.2533534009338 -7.1666854293319 
-4.8662714087866 -6.2646211948778 
-4.9706463062417 -11.840523278467 
-4.9166206735798 -6.0047769266624 
-4.1519932628404 -7.6412787233942 
-3.7112210543726 -5.6027223716481 
-3.7741491281015 -11.356565720171 
-5.3742383012983 -11.557564295045 
-3.4611807650852 -8.3929460226805 
-5.4948903056084 -9.0862306710792 
-4.1961356869742 -7.1146963863719 
-5.5725838425489 -5.6471543423376 
-4.1815999920615 -8.1733164612607 
-4.0463416933638 -7.3101697779835 
-3.3329245761742 -10.877318289589 
-4.7255432727769 -7.3834529391605 
-5.8541914842761 -15.472124235254 
-5.3670441956045 -6.3606089305309 
-5.2090959723853 -6.5413237219552 
-4.4855055904476 -13.70166531423 
-5.226264817005 -5.6514236038858 
-4.8344952037673 -12.724108567167 
-5.8032129003861 -11.436607846802 
-5.6298327955318 -6.2229323982491 
-4.3726888774676 -10.958427483007 
-4.4877994092334 -7.2418514534088 
-5.0537913068978 -9.8500826178004 
-5.0483717106811 -10.810517505548 
-3.3454196907008 -8.7785760915383 
-3.8069695273498 -5.6569178137053 
-6.0513619455376 -9.6314974185272 
-5.2521192202829 -15.829510126797 
-4.8140157833522 -6.5276369685303 
-6.0206069684679 -5.7461448553506 
-5.2896425083665 -10.715112312444 
-4.0168361082967 -12.233568206345 
-4.6399769347962 -10.449760119926 
-5.4999047332349 -8.8991012221676 
-4.1448399133395 -6.2850827325456 
-4.2806797678527 -7.9776772544135 
-3.5972367901295 -6.2755519501439 
-4.8740266796615 -8.0570209437758 
-4.7896905034676 -11.827254810191 
-6.0326942539701 -9.0792834330794 
-5.4327955490006 -6.9873825472142 
-4.1387856867537 -6.7054488061236 
-4.9041024358913 -6.5821158787725 
-4.1189660219841 -5.9436628378898 
-3.2334263392604 -8.7469489097013 
-4.8257762405284 -6.1962044217006 
-4.6141200650197 -8.7042567080304 
-5.4798624792879 -6.3214815357308 
-5.0223896525975 -7.6504366781091 
-5.7497699376917 -9.4242819100369 
-6.0031797522487 -7.3278847805297 
-5.3476761982721 -6.8467963921947 
-5.3262970918984 -8.901855753054 
-5.3975907999847 -15.210177831443 
-3.4440113753473 -8.8827950154044 
-3.7325808323863 -7.793150446716 
-5.0182196573026 -12.686471411121 
-5.3488621538316 -9.8630248174112 
-5.511218774124 -13.990566120081 
-5.5672807344948 -8.5643282048154 
-3.5306040675263 -6.7386811558858 
-5.0296892048629 -6.8853093881903 
-3.9038541766305 -14.515054373742 
-5.1950291946471 -12.532505555599 
-5.0081909591289 -6.8820802427989 
-5.5314013028138 -7.022419355153 
-3.9388810248194 -12.013789233527 
-3.6553094377264 -6.0139529925146 
-5.5528923266613 -9.3309457056325 
-3.7025765781966 -8.7510269658429 
-3.8221425923383 -6.787954465301 
-5.8639231378004 -15.575280577321 
-4.8389256967019 -8.8111238167703 
-3.9742098598823 -6.307045830663 
-3.2653338504496 -6.4415083107799 
-5.5308211406055 -7.2388462383542 
-4.8766261748739 -6.4420918113821 
-5.4070437504265 -6.6853719367799 
-5.6286919967801 -5.8393155887752 
-3.7629556317464 -5.8629714946704 
-3.2231929655992 -15.288294740757 
-3.9509241926355 -10.306213074371 
-3.6249753506071 -9.7236746704172 
-4.9914357610506 -10.007299883844 
-3.4171392098659 -7.8459061584019 
-3.9127036430477 -8.357570560796 
-3.6957537037853 -8.4931099305472 
-4.9166985564664 -6.1909290973856 
-3.6992031785647 -9.8518032047117 
-5.7746251928633 -9.468301508009 
-5.834543170657 -8.9709165801205 
-4.413860402772 -7.1415209017204 
-5.1617924280578 -8.8322475412072 
-5.2168794991994 -8.5136589483213 
-4.0283770045035 -5.6309562222597 
-5.0060714159456 -10.469197540378 
-4.0046851248081 -9.4304229558132 
-3.8897232498253 -6.4367522908985 
-4.6985953629793 -5.8768133345798 
-3.6267502772463 -9.1776599116808 
-4.3669067119449 -6.8546006427211 
-4.8315114570184 -11.179636560794 
-4.9734934084486 -10.370548117916 
-5.1266663628128 -10.697914211426 
-4.8840097970161 -7.0488503736096 
-4.3449390079182 -7.5192524178472 
-5.3433790562872 -8.3049583589707 
-4.333680623263 -5.6039185205682 
-4.9793648163312 -6.5177005755491 
-4.6188111796329 -7.6993148540352 
-3.6943653623172 -8.1474594578515 
-5.5176666470377 -11.909398802426 
-3.2592575412283 -10.455279917279 
-4.595669984783 -10.292314983225 
-5.4913852414911 -6.962001361003 
-3.9638221197826 -9.8239170151822 
-4.6800742808709 -10.285322369299 
-4.0068315071967 -6.5415077585782 
-3.5177399027268 -17.143262808445 
-4.1654505421369 -15.065889956669 
-3.6428464608623 -13.491368743712 
-3.5997654594089 -8.7497239166039 
-4.7884724054097 -9.9877300026475 
-5.3477910803629 -6.3656828684304 
-5.9395726807683 -5.8484472343472 
-3.8798452465685 -7.4563366388777 
-5.7031758977867 -9.9382895821282 
-4.8647585013083 -5.8703451589848 
-5.3874261010606 -12.044715436496 
-3.7402141618524 -6.4204340098272 
-3.8419460915702 -12.145504177367 
-5.3360787933559 -11.775104696364 
-5.4080461320704 -7.5849686942483 
-3.3068714372032 -11.588209915398 
-4.8374910290638 -6.0103998175194 
-5.9302434744517 -6.486154929046 
-4.9438328542436 -6.0465821006984 
-3.4757694249854 -9.4677391260462 
-5.3933557773841 -14.916671423874 
-4.2795483295731 -5.792104515848 
-5.5524101404538 -6.3450675903473 
-4.571441445756 -6.4239561885005 
-5.3224380485961 -7.7185231696965 
-4.6477761188983 -12.077135949085 
-4.0615842483357 -6.9050745118696 
-4.2644696682452 -16.853965603154 
-4.1129349920054 -11.364911121388 
-4.8468855892938 -5.8726213643902 
-3.2293163452829 -8.2730396226478 
-4.2371565230794 -6.7149139442436 
-3.8316929502555 -7.0935869126652 
-4.1431841516579 -6.3045939734508 
-3.3893393596648 -6.0249644423795 
-4.5024623546098 -6.2365600189303 
-3.945738769044 -6.0465028097654 
-5.969495479014 -7.722127552378 
-4.0041821428792 -7.8350468746128 
-6.0014708466914 -6.4374291006125 
-4.3897179108398 -7.3852453526084 
-4.1983927778565 -8.5482873187739 
-5.0368907584848 -8.9546142797641 
-5.214388210219 -6.7949847103984 
-5.1993886737017 -8.8902591240018 
-5.7849394609345 -8.7396373665056 
-5.4420610777634 -15.042461552532 
-3.9084748368478 -12.849123038358 
-4.9410120947707 -11.220162391538 
-4.0078656477814 -8.1493277013892 
-4.1797626252417 -9.459613730235 
-4.4307504499976 -6.4886702597424 
-3.2531853636558 -6.7332420604577 
-3.6430994458661 -13.478216933208 
-5.6028169083938 -6.8579433739386 
-4.6439077598597 -10.473739700308 
-4.2905152751182 -8.5019127121249 
-3.8673257559671 -7.3776905769404 
-4.6807014475052 -11.813046753288 
-5.5780624943629 -8.3293845570374 
-5.1054521536641 -8.1963785871012 
-3.7808633665654 -7.5043512987371 
-4.7017750395083 -6.2828721573805 
-5.9717462304663 -8.8629984327445 
-4.6948588300728 -8.6812438448538 
-3.466813431243 -9.015928737122 
-5.3406118901052 -7.5282210193275 
-3.5274762727015 -5.6048774356791 
-5.4999557010372 -8.2120965554048 
-5.5652917014501 -7.3373132556203 
-5.1507288230546 -7.0085242379986 
-3.6411800165365 -6.5432487137184 
-3.9450655412028 -10.597576503414 
-5.9369383034384 -7.5526458061096 
-4.6804629262206 -10.227016956978 
-4.2832264888518 -7.3170793277921 
-3.7412851630779 -10.196127211808 
-4.4153115987548 -9.1843356430473 
-3.6477477680302 -5.9341049084202 
-4.8366012417872 -6.6529785321679 
-5.8404942716867 -6.8156129030071 
-3.5026470952919 -5.8595957611163 
-6.0454013798768 -7.5060611443075 
-3.7664172359811 -5.9915473876362 
-5.869702043895 -6.9438127103578 
-3.5965914103945 -11.521287550622 
-4.4414842553591 -5.9906403245459 
-3.4254810831884 -10.099579335125 
-3.3758070976065 -7.0674137439751 
-5.8541010255972 -8.2381388366442 
-5.0712561422658 -6.1166527467769 
-5.7335260875902 -8.3045953332992 
-3.2696105678621 -14.102762221528 
-3.6511849377815 -8.1270516351891 
-5.523310013648 -8.1113023249811 
-3.8047838043752 -7.2699917338861 
-4.4994354921062 -7.9990600623252 
-3.3615097174301 -6.1550978008228 
-6.0140330763646 -10.502224227703 
-5.3213930923219 -5.9031424880916 
-4.4820492620251 -9.2712299342878 
-4.4390713396254 -8.4831442127059 
-4.479756566169 -9.0102526711823 
-3.7190676068419 -11.944885430222 
-5.168287447352 -9.9012574144288 
-4.0607138210469 -7.7431544393357 
-5.9874616653862 -5.8216874477851 
-5.1792129779997 -13.138188972613 
-4.5892502530898 -10.766579631143 
-4.0264271310197 -7.8398920705562 
-5.8976163929477 -7.6371853328333 
-4.6043884046452 -10.137075745613 
-4.1309833240366 -8.7370364894779 
-4.5434056915092 -6.1926736862631 
-5.4839613278424 -8.7157023910927 
-3.2632908974629 -6.0232045831488 
-3.3703184703465 -7.2469016467827 
-5.2143044281468 -8.8549560863111 
-3.6582809366767 -7.7343455451395 
-6.031908321381 -7.4144644408913 
-5.2176198896254 -6.1532016966973 
-3.4758454386193 -9.4755350377866 
-4.0903307479282 -7.2553184212461 
-5.4145057789581 -9.4119195126172 
-4.3145843438563 -6.3453012437356 
-3.8890935691557 -10.743448462266 
-4.3825633313456 -6.3359712478337 
-4.474523602003 -6.0034031354831 
-5.0863011235485 -6.5515818271928 
-5.1786684661565 -5.8747083856408 
-3.8134128922879 -7.3972875541915 
-5.1134346643812 -15.5640560439 
-5.4966205432203 -10.727737777289 
-5.2791398423385 -5.7925796834577 
-5.4851514754963 -7.3180163344371 
-4.2194741980589 -11.372524886104 
-3.3523608961346 -7.5697318631573 
-3.6096171935715 -12.451771489345 
-5.0631254870016 -5.6395591770679 
-5.8921716940837 -9.0641357039253 
-5.6374164242235 -6.2487626214802 
-3.2054293262714 -7.0403880364845 
-5.5273692117782 -10.797935501407 
-5.6929692889635 -7.308598126209 
-4.0494443656127 -6.4317992239894 
-5.3842700370085 -6.66552079748 
-5.7551672522274 -7.5913623373372 
-3.400228081503 -5.9518195544496 
-5.0296523970629 -10.825304370105 
-4.1660108338594 -5.6492320566815 
-5.0160921611419 -10.995408979245 
-5.6629112618017 -10.331058641337 
-3.6970153858493 -7.775358923866 
-3.9909110260807 -8.2523453108806 
-4.9325126214115 -11.622087847151 
-3.5352009699895 -12.169980584868 
-5.0070207672943 -10.046484574353 
-5.4135119254585 -8.6326251461027 
-5.8031342681673 -6.8301081703707 
-5.9987943307633 -7.5133799258415 
-3.6784673582401 -8.7093935103663 
-3.5001959939207 -10.388454968204 
-5.0271494086424 -10.091833584432 
-5.4125601508273 -9.1278347636434 
-5.5676942561037 -6.4042852104388 
-3.8742878411357 -7.4724230896749 
-4.0985089574342 -6.0132238184829 
-5.1082138741367 -6.4691822696869 
-4.7341716238804 -5.7431611683924 
-4.6899112792629 -11.122545937523 
-5.0633431644374 -12.23740505674 
-3.6797312153488 -5.7957583047467 
-4.7803133781634 -5.7690945850951 
-4.7074900824842 -10.00657368224 
-4.903534267001 -14.835194557199 
-5.4086133582407 -7.4084496689497 
-4.3814623573012 -7.4248409532646 
-3.420842036171 -6.4046551658932 
-3.8625771419419 -13.875621409342 
-5.0262012179017 -14.060723165311 
-3.9067117565425 -6.3441397236797 
-5.1290077552504 -10.20201989939 
-4.4159917173708 -6.2975374269727 
-3.7370491445062 -6.3048693530355 
-5.2327695856449 -13.098180605972 
-5.3951043690564 -10.906679375671 
-5.7195639534743 -6.7706919381329 
-3.7098347524203 -12.43980419042 
-4.7043623363875 -12.841614312024 
-5.851747736601 -16.636104766118 
-3.4215193476661 -5.8840179283137 
-4.7831758848362 -10.343098757435 
-5.9580654196184 -6.2301780978821 
-5.6488798538678 -12.752905533179 
-5.0929426769237 -11.278703548866 
-3.3060154858054 -8.8485004846488 
-3.653221154013 -6.4760584947104 
-3.352891836399 -5.7684294248605 
-4.7413046982422 -9.8433682660675 
-3.4671027449981 -7.2496484625282 
-3.4885757585497 -5.885825945844 
-5.7677746950824 -10.907486418696 
-5.9536251289827 -7.9680805363973 
-3.5231566863324 -6.4417988559967 
-5.6790731827469 -6.2863072113823 
-4.994527804474 -10.190852128035 
-5.9832992586079 -8.2378354780483 
-3.7203056897097 -7.8837211817956 
-4.032130888728 -8.4200456068881 
-5.6329415984456 -6.9653085834278 
-4.8436742347943 -7.2398755201113 
-4.6309688086448 -5.7178674524243 
-5.2478973110624 -6.0937740744591 
-3.6717887977683 -11.331877899231 
-4.786091390875 -8.842441345368 
-3.2964741888047 -8.3020118335205 
-3.6125845303769 -8.7520399242769 
-5.5830147547564 -6.5448792619383 
-4.4690900456271 -6.3493757072734 
-4.0625083631053 -10.383845105285 
-5.9053687483167 -14.944939359581 
-4.0666870500327 -7.6576509391416 
-6.0334997268831 -7.9348909535466 
-4.5385852323381 -5.7519492172265 
-5.8882285193369 -6.5938144410613 
-5.4957021197183 -6.8031117105064 
-5.2779231463613 -9.868659875668 
-5.3116532831901 -6.0966557241449 
-5.6996738494306 -10.157139583436 
-4.7420895737286 -8.309196289344 
-3.7641150464489 -9.9625819961508 
-5.3728108741375 -7.9224001477757 
-5.0944082055194 -7.0089720135652 
-3.4810666828586 -9.9026141859765 
-3.3162710026103 -5.9705656746907 
-5.1967419804772 -8.8740880617375 
-4.5250238527454 -8.8447492386391 
-5.2900344394977 -10.49518106987 
-3.5692880176193 -8.0535953916851 
-5.1151698511982 -8.8269273562242 
-3.6576881944858 -8.4300683342449 
-5.0291948420096 -9.4527473790141 
-4.0175645649895 -6.8445250787522 
-4.0143091813541 -11.362534078274 
-5.1109928677475 -8.8054851769528 
-5.0135432739179 -7.9904422621608 
-3.9209602047862 -7.4613694512898 
-5.3424850798716 -6.7806826272413 
-5.811200023813 -6.9401296701181 
-5.0467973582 -9.7495557132086 
-4.0406904691122 -5.7871059675165 
-3.2077970235669 -6.0333610629683 
-5.6009732540484 -7.1670767913936 
-3.7890220701211 -6.2243651582291 
-5.3999551460505 -8.5442354004636 
-3.225092378922 -6.7085975715328 
-4.0485978193163 -8.6842596633875 
-4.3216102843566 -8.0666498840369 
-5.2705384566955 -8.5593574924261 
-5.008697519367 -8.8635914115198 
-5.3789805957321 -8.9860826985786 
-4.8079938284692 -14.279064693633 
-3.5796643407407 -9.0375645020994 
-3.3023630459607 -8.9669318634518 
-4.2609189917449 -7.3666870930635 
-3.8986458059209 -5.979573808211 
-4.4993196875417 -6.6804373005548 
-4.2112956986938 -8.6835101923425 
-5.7086709698033 -7.4308486815628 
-3.5543468467144 -6.183320297984 
-4.0752589004995 -5.874863757558 
-4.8212540219251 -8.3145258912141 
-5.1838201437564 -6.6192868633102 
-5.9305619302978 -6.2169526241276 
-5.4957918852738 -10.743660371878 
-5.0820625563393 -5.9256906437429 
-5.224371326932 -8.1830042942308 
-5.7522889501473 -8.1291567730697 
-5.1758919739937 -8.8662697217074 
-6.033387035773 -7.281028617946 
-4.8741941253317 -12.676249355944 
-3.9397693768408 -6.1631320381642 
-5.509037766058 -10.045091414824 
-5.1871464250776 -7.8539907071321 
-4.1896909523414 -12.599657388622 
-4.2478345307886 -6.2332548249349 
-5.2745056739859 -8.5318164997209 
-4.4757409236493 -7.9426491475389 
-5.0859062419549 -5.7809774123278 
-5.333214852956 -8.2438829929374 
-4.6496746072979 -6.3842709975806 
-5.7362347558614 -6.1464073896874 
-5.7386852445834 -6.6121007886594 
-3.8884777513521 -7.9188667081626 
-4.0603764824776 -8.1352862671569 
-4.2763214257077 -13.985749546854 
-4.0930051924966 -7.3297476887582 
-3.6159756794378 -6.7220762670048 
-5.0352973755325 -11.48293780308 
-4.0908570590109 -10.871097154545 
-5.8840609371542 -11.469808001419 
-5.8856312055511 -8.6471725987824 
-5.1203173445662 -5.6508995235297 
-5.1653665183631 -9.3489221392724 
-3.7731561125098 -10.005870936699 
-5.2465894989872 -7.4188502121879 
-4.6969103409469 -6.0841004317901 
-3.4497873498101 -6.6622702851443 
-5.9497382105867 -8.3178739856688 
-4.7518948999902 -6.0374210357083 
-3.3447639590432 -15.184479041899 
-5.8445779527488 -8.4730895258128 
-3.725565174493 -12.610334325571 
-4.0496817672547 -6.2031154684014 
-4.3989157047703 -6.8191766311954 
-3.5787161274049 -10.817295847136 
-5.8332172956302 -6.2057863617694 
-4.9334079108857 -8.6992456218893 
-3.7985118650144 -6.8535533466482 
-5.6201521747042 -9.6849348694064 
-5.1070058805847 -6.2856845842499 
-4.1474398869455 -11.649301134617 
-4.823765457158 -5.6918671460212 
-5.2671553037955 -11.352825044313 
-3.4981893755427 -5.8620016550731 
-5.2287124654155 -6.1756066262558 
-3.9870013708436 -6.3504925999714 
-3.8599844751559 -6.093629696886 
-3.6128264079417 -5.8855465147959 
-5.9688164736223 -10.303264908168 
-4.3545936766198 -6.4765949671805 
-3.5030483661165 -7.1210970837593 
-4.886143506742 -5.867219968589 
-3.6772014600607 -12.159980204372 
-4.9954854620462 -5.9264155468408 
-5.9037208967422 -5.7582362886571 
-3.9087721543953 -10.82321127352 
-5.6361939993236 -7.7721835211344 
-5.9671292050862 -7.7735552061307 
-4.8224680672151 -8.8426436161075 
-4.6128862451102 -5.6808285874212 
-3.4309205310624 -8.8823858067184 
-3.2373261713496 -10.903045006647 
-3.6065434000067 -8.6505890256602 
-3.736652525213 -5.9608137444763 
-5.0893306721421 -6.7450212485563 
-3.2308028060329 -10.697359654106 
-4.1089163223399 -6.7359664335991 
-5.9122819221213 -14.250630909536 
-5.3269306204833 -6.1580188905913 
-3.3680551328492 -6.9474836246689 
-6.0282646680928 -17.93769089323 
-3.8492661242299 -5.7846510384382 
-4.8191280901891 -11.750067623638 
-4.4937983625999 -6.5992111199422 
-4.2803174379204 -5.8485110637761 
-4.7885943911414 -5.8891521185794 
-3.3706180132449 -11.058278628609 
-4.912417907431 -5.9654917920417 
-5.7189436475115 -7.3936992626825 
-5.2830103197879 -9.7196507334787 
-5.6800415561273 -8.1560587984943 
-4.6813577071302 -7.823219338632 
-5.2610863216595 -8.2053414513973 
-3.5980391565085 -14.527694193365 
-3.2883328696546 -13.178608351819 
-3.9010947579617 -12.632297308624 
-3.2028500563389 -7.5335682687313 
-3.7650285668242 -10.7561006478 
-3.6167016233161 -9.9690037194855 
-4.3218531064823 -9.3649559497123 
-4.3861444051821 -6.7535608465839 
-5.2135183662822 -14.741866706596 
-3.6000538548726 -7.8828542394567 
-3.6241731789151 -7.8740174507659 
-5.0369960857188 -8.3543511892766 
-4.7250490474101 -9.3179057629578 
-4.6069278977357 -6.6727077918849 
-3.9544000670522 -6.6455951703968 
-5.2718557237368 -11.182082463401 
-5.5959165121323 -6.974953444449 
-4.2743821124543 -7.683743103765 
-4.8727119207923 -7.5702540189725 
-5.9426059403032 -5.6513611560773 
-5.3107796638984 -6.8051926632085 
-4.1796359601349 -8.05270261281 
-4.0504076358698 -6.8040074998543 
-4.3428105576211 -6.6911031146188 
-5.0044144609326 -12.407332422706 
-4.7845306017011 -5.9391133953236 
-5.3371506538293 -7.0036259810552 
-5.8321488836133 -6.7435469870966 
-5.2878170144672 -10.615063797687 
-5.826207001286 -11.001785819048 
-5.1447374951671 -9.1922873178162 
-3.4453483271317 -5.9482694363398 
-3.3053327823169 -6.0319050138882 
-4.3568138625723 -10.832835769777 
-3.6079866060344 -7.594445910829 
-5.8805031363927 -9.2251613840935 
-4.3659311201698 -9.4380937518716 
-3.4504104871563 -5.6902309592521 
-5.108605847884 -7.2769618731789 
-3.5575880354074 -13.447848390993 
-4.4690391506929 -6.6665773562293 
-5.4580363820587 -6.0440466881149 
-5.568436411668 -6.3000925165028 
-5.9362494535256 -16.595477291842 
-4.9357936428652 -10.133093778092 
-4.9018278661434 -6.7068652508497 
-5.6009596703503 -5.602832569994 
-5.1790951205029 -12.736991939243 
-5.0588749778738 -5.6926348101119 
-4.9851351890284 -9.4274692773676 
-3.2419881153707 -7.145630801354 
-5.1903779286523 -7.4232125151417 
-4.0322763599746 -9.8970091145862 
-5.4873536660791 -12.97326521502 
-4.8972731817764 -10.823797744817 
-4.9256343545821 -8.398270657949 
-5.7142303718732 -7.7299895982915 
-4.0150930318983 -12.480780885192 
-3.3968871374519 -5.8365372735713 
-3.4574687607637 -7.095170949445 
-5.9175625572274 -6.6800996100494 
-4.851813454483 -13.645130360137 
