3.308929783089 0.90223518313849 
3.066903276685 0.86252300888037 
2.0971257593544 1.0852484245887 
3.3163317900113 1.0308817115682 
5.2898867252094 1.1122829774795 
3.0096162870124 -0.11599408733657 
4.1007098060073 0.64669903990792 
4.1202176701509 0.99168072661312 
5.4040958139672 0.89335025454888 
3.2678647659424 0.77652109955133 
5.1998922166457 -0.25391393824694 
4.0505341829424 -0.058530124554587 
4.4742938159917 0.78257455220003 
2.6190964996589 0.0011634581323471 
4.0610021029581 -0.24762452814131 
3.4450764073519 -0.035297492259883 
3.4374117540714 0.49105497713986 
1.8348904508563 0.79238114588821 
4.7770300367517 1.0107338640301 
2.3599126373337 -0.013822253948662 
2.1290928018508 1.1709061471002 
3.2262582900477 -0.26925237405477 
5.1829713368389 1.0766318851371 
2.5872281233671 0.97782029681193 
4.7067607558371 0.99637109800797 
3.3263601295829 0.5368625703441 
3.4386849003542 -0.044978777991387 
3.4420102740197 -0.19605859971609 
3.2128988516945 0.88159812387812 
3.4713645995431 0.16516327613735 
2.025451047349 0.54534210949403 
4.3040383153354 0.66617276399919 
2.3501739992305 -0.26349201582251 
3.2292186874266 0.6561102027065 
1.8572285525477 0.45969811546601 
2.2996175019897 -0.061358096961431 
2.4235255574154 -0.21246295139282 
1.8832273188307 0.36332508894911 
1.7906091102404 0.23611123416013 
3.2979731117567 0.018473170924159 
1.8159094378521 0.58679936036453 
3.5046269726055 0.76403990605976 
2.4072966047612 0.052775588539547 
4.9591704551903 -0.25799570702944 
2.2845531131038 0.85347197977885 
3.0463751109037 0.15719942917878 
3.1110046460477 0.12853436220515 
4.1173020120111 0.86939730887325 
4.6160652326689 0.67507617858636 
4.4763187397002 -0.13492275763982 
3.2875583857505 0.23074018767285 
1.8868067306505 0.94459604027706 
4.606036946017 0.95186034945604 
4.7318648120027 0.16069855117883 
2.7933616229487 0.87246244208967 
1.8725635024038 0.60555027414791 
4.2636942642632 1.0256145705049 
2.7961565694797 0.86369309965199 
4.6681495300786 -0.0095463549878434 
5.2666941653786 1.083213259202 
4.1226627281594 1.0915137553752 
1.8287576225004 0.61048595866477 
4.3583029426876 -0.09219594600388 
5.3311204621428 0.25120864534765 
1.9746793171435 0.42221392182228 
4.5512385361375 -0.070212713829713 
4.6780199261714 0.1458244008101 
1.9559432518249 0.25635415604844 
2.8018137316551 0.6487842344619 
1.8772166010827 0.6942414932973 
4.4869909132985 0.80425225821257 
5.4816003721164 0.43705213883065 
3.7381216567724 -0.13939454611804 
4.5414735632827 0.498689078329 
2.6302263146563 0.093892999269159 
5.007065970604 0.60442974291925 
2.8179998593634 -0.16208404487761 
4.6380272815819 1.0132133773744 
5.2503313617895 -0.090139537271912 
1.9939700723619 1.1183598216671 
2.2331814563747 0.73769698786943 
3.449424827598 1.0328570903235 
3.8540635918476 1.0836140103817 
3.1295105567132 0.10114958753668 
5.3177356634684 0.58874424677278 
2.1198924709615 1.0698426291983 
2.718294785478 0.22138780648958 
2.7280015955098 0.80099953156761 
5.2199751370157 -0.14004381408766 
4.744877224183 0.034907532570698 
3.2261164740417 -0.057194291675249 
2.4672944994946 0.8032387282948 
2.8284494388426 0.61495393612177 
4.8015729158059 -0.15236633585075 
1.8958627833862 -0.26849686353386 
4.4747550017115 0.90150235246029 
1.9906804296946 -0.068000993266668 
3.8298077813854 0.49064866749666 
2.9434111404374 -0.14204885308256 
3.472997247689 -0.23107692551456 
3.0616929363712 0.56529142660471 
3.9122417541523 0.96822474531527 
5.5101899302205 0.66007719955906 
2.943484760538 0.018544274069999 
2.6911550462009 -0.28847696946152 
3.128011774117 -0.18995908557883 
4.5280736656244 0.65165399260704 
2.828461941128 0.17101281202301 
2.8846443417903 0.50677571484007 
4.0007540076873 0.46911312866372 
4.7163733944973 0.76003751658476 
5.0393937214868 0.48859868742801 
2.3398274745859 -0.27781427069157 
4.3090729346909 1.0410925519971 
4.23248001785 0.13511355499533 
2.7433049423478 0.94705732941066 
2.5518718425666 0.26114186141792 
3.7460849096338 -0.15804678273641 
4.6581684131967 0.031141806251897 
4.0948159358596 1.0978202283804 
4.9119990957479 -0.12205134927408 
5.1469626826306 0.92286550380455 
5.386744379903 0.82547574516447 
2.3313346782106 1.056187912116 
3.8108828205308 0.93558705153569 
1.8049464797951 0.33508422522123 
2.0982844857307 -0.030601977845791 
2.8764675895626 0.89466432530683 
2.2151424620279 -0.29574799087495 
2.3520880491727 0.076320262654243 
3.1757971858278 -0.24221849304622 
4.759954761197 0.0086996074818034 
4.0339304757201 0.52329894870707 
4.9839217702109 0.89812872367981 
3.4041107236076 1.1599980776135 
2.6916553723675 0.97653312262125 
2.9808880285528 -0.15646142168864 
4.0382635832613 -0.0087327680514198 
4.2345950213694 0.77978055125372 
3.3268665045641 -0.14639536523444 
4.6280160293939 0.041941461694811 
2.5761185214708 0.40710916347862 
5.5307676132733 -0.26567449986155 
3.6084450033566 0.73148528070741 
2.3386127827156 0.13387414065355 
4.8296273235706 0.59525781958425 
3.8813900365426 1.0079145130587 
2.9976976883797 0.35097057238655 
4.1787029405222 0.28755804014982 
5.0249697454814 -0.10972385227419 
3.8015436983149 0.27752782680675 
4.2059351419436 -0.084619856585619 
3.5400927387132 0.13659420159043 
2.9280130613142 0.949673019807 
2.0264669272163 -0.10750489700459 
3.8017572134386 -0.28992480002187 
4.406153477853 0.96411501862127 
3.9209404621402 -0.21029525412521 
2.6656846815529 -0.23934309921087 
4.8433512360742 0.09579917606919 
5.3060655086001 0.645474737966 
4.6418356130632 0.44743491005518 
4.1819964470294 0.16427339609525 
3.7539462224338 0.21999340645828 
5.3089228760804 1.1142362100646 
4.8670619155815 -0.21175266944365 
3.6894390227501 -0.10091172550586 
4.3985519574494 0.48773258428288 
2.3953384781865 0.33208991195557 
2.0678794668686 0.82822236852184 
3.7466779159801 -0.0062062824424043 
4.3476600286588 -0.056010706826703 
5.323035760463 0.4239673819677 
4.0114148806397 0.88679433979567 
3.0569919824839 -0.11758893018954 
3.7297027332556 0.86723042994951 
4.1459170989476 0.41278766418675 
1.8112569658429 1.0342460962826 
2.0501510748964 0.17443591416468 
2.7550986366174 0.75173309675178 
5.5331495043879 0.89814180241137 
5.2145309700634 0.033362822173376 
2.0259902165024 0.3266658607388 
1.8907799815229 0.49675910136874 
1.9198367047105 0.25820869893391 
3.9261205816677 -0.31404284068745 
2.3143444329075 -0.18252208472569 
2.3163022122112 0.60375244909544 
3.4652824947018 1.064010834227 
2.5794055016084 0.67337528024077 
4.4648367218718 0.97746957228529 
3.6333901665583 0.62504449020016 
3.1517850399864 -0.10665596694766 
2.9014664222314 1.0442929662429 
3.8460860807526 1.1152663990961 
2.0456080519797 1.049265981951 
2.3693638006958 1.1097060150221 
4.4586671497604 0.68274827113485 
2.6288272594776 0.42002877588129 
2.147857396796 -0.081554196187428 
4.754567827841 0.44707404674508 
3.1619662317416 0.84777030106128 
2.7347813182467 1.0625125737208 
4.7165891429556 -0.29755783840632 
4.35364175638 0.97356400669588 
3.545531408753 0.13581160958875 
1.8229811186001 0.80401034676937 
4.0348050504155 0.19958271864106 
4.8336786486295 0.24495200415723 
3.011066792709 0.34547464763551 
2.4168150945814 0.84708915244063 
2.9987675942644 0.12353411577794 
3.6974570326029 1.1759836957319 
2.2187994937021 0.29760696989837 
4.9039425871591 -0.19770377514602 
4.6205223910888 1.0205394927798 
3.5056481866972 0.91882021222169 
4.5120138530061 0.4916813758474 
3.8843739631 0.92278593150297 
5.2233226274546 1.0498129671792 
5.5069027222399 0.46714039670062 
4.3875758283969 1.0284818493481 
2.9952310936855 0.067320215793672 
3.6566319835691 0.36646054978587 
2.2031623240239 0.017471966633419 
5.3649353226963 0.12610423082379 
1.944637560065 -0.24902555011262 
3.0946757512907 0.489183895852 
2.2398016554895 1.1162811919564 
2.163837034676 0.53066609672537 
5.4164709940613 0.32066337374612 
3.3496729050172 0.84058668848105 
2.3706314174778 1.0351886095852 
3.3880626409965 0.029258652320395 
4.4769380727593 0.34653278009601 
2.2418391379085 -0.011512498932305 
4.7690418006004 1.0958242583639 
1.9660271641348 0.73821969766014 
2.9427807571983 0.13992596202295 
2.0788798961024 0.22979187257387 
4.5470628225322 0.39281654924876 
1.7938047502571 0.41149237508757 
2.9535338196858 1.1619162267882 
4.4833956605149 0.1804652404319 
3.9185359964502 -0.041791618876813 
5.1786237571107 -0.17184101119014 
3.7826277973335 1.0624153461935 
2.9784018379122 0.96589488632328 
3.3823688959626 0.59929986143673 
2.3744624300354 0.49100825633295 
5.0007359897584 -0.016237367392721 
1.842283078868 0.56314971123118 
3.3847526764553 0.37990979114612 
3.0708839950796 0.024915900309688 
3.9602222717418 0.43221993395324 
5.430256636809 0.015787040774593 
3.5802699686699 0.062841470163944 
2.3871864670966 0.83084183186738 
3.8299679614214 0.98770134482184 
3.4654590224796 0.8913779965469 
1.8436132927483 -0.15040277729031 
3.1445811948565 0.81259618325871 
3.9488811942713 0.46041309314718 
4.2244528630125 0.97919708119375 
2.9438103646443 0.76512676257247 
2.9241040462312 -0.024057648997059 
2.3501346831352 0.78330440504395 
5.0801097003654 0.65462227621439 
3.526932016718 1.1645767780786 
3.2418013808309 0.65437208081192 
1.8805846321896 -0.19455663753951 
4.1605110646066 -0.035149334664839 
2.5698863849507 1.0907947883588 
2.5767494864989 0.97200712519846 
2.1131679513947 -0.1119384232879 
3.2114171057275 0.039807728699153 
4.7710531443588 0.46571610349307 
2.5105695201314 0.67619676714199 
1.9596390709722 0.9285764209902 
2.2378193944033 0.53453518647506 
1.9046700578722 0.94392875103942 
4.4569051192675 0.86004717394771 
3.1458942024154 0.58681039402349 
2.4268021319677 0.1545295640664 
3.740469064147 0.41114690531707 
2.5738777755134 1.0663017799304 
4.0528965804649 -0.2537794696399 
4.9408619847288 0.26452176796966 
3.4185675646537 0.60115280636127 
4.446010848155 1.1281288998401 
3.2449726426555 0.90173147357392 
2.8921390876467 -0.26449463997128 
3.9347245755677 -0.18183220503626 
3.2012395030902 1.0813943091719 
3.7007982065203 -0.15136214188486 
4.6312357776871 0.54710582183942 
2.3577288515039 0.46826650758783 
3.9959609946355 -0.16671839229896 
4.5544229568288 0.23152738477489 
2.5583939509906 -0.24536163123965 
5.1107573685333 0.99979271561821 
3.9648478559663 0.59803124566924 
2.6809329100374 0.74545963524171 
5.4298217892394 1.1324715090713 
2.4963839541876 0.0899688231536 
3.7819997320834 1.0630689325763 
3.0305685571313 1.028971122017 
5.2722108147205 -0.097604286309678 
5.1787076433379 0.086295481462048 
3.3939782156149 0.68245390859759 
3.8870110518995 1.1339622829789 
4.7705602306604 0.9882959853849 
3.8700535084285 -0.062264941753516 
2.6523214018173 0.020698609042517 
4.3901853917072 0.5086920966624 
3.8058877069841 -0.069807720974604 
5.0372494287167 -0.29746241768415 
1.8030651838476 0.043993441112189 
2.6535042069058 0.0052964694003488 
1.8083959124852 0.10321016447214 
4.2237558131101 0.86978527533629 
5.1308448796335 0.009991876641525 
3.206692605536 -0.21905076329878 
4.4278684301212 0.458450377355 
5.5629769611665 0.67844717795831 
3.62219578403 0.330702381142 
3.9767404664609 -0.00063390050940937 
5.3985053356622 0.2390925399268 
4.3494329907515 0.08336834714723 
2.4340277219933 0.52414274446076 
3.1034132183695 0.6835210570797 
2.263493350225 0.20686218346157 
2.0929372767247 0.34432258458354 
2.2640986052569 0.5489029890937 
3.9356432450979 0.12306792019582 
2.2989166271214 -0.22831041012002 
2.9905406611743 0.07934275674785 
4.540562762007 0.08921422545283 
5.281421312368 0.83576215676874 
2.8876005622397 -0.27124629440974 
3.4597540482288 1.1562370193822 
4.8880504826958 0.82941382898085 
4.26410915362 0.88653121144766 
3.9484088225863 0.30300806902972 
4.0567133651261 1.0396090825075 
5.5672496286588 1.1588888678113 
3.2185768537926 1.0094430779358 
3.6156004841569 0.70911093130867 
3.3934653277313 0.62217297354028 
2.2049171906366 1.0618594836735 
2.1255319564458 0.19138200996285 
2.8842990168848 -0.17577433983906 
1.8266789530079 1.0792164020557 
3.5514865887231 0.49515982866528 
5.3015737626283 0.49057046234805 
5.024483332859 -0.14668212774222 
5.0775158120382 0.065407810499887 
3.6548457017641 1.1101737018678 
4.0033441789843 -0.062005765092918 
3.1227322596266 0.37960306367539 
3.7153114458733 0.84573482045651 
4.7477913379262 1.1642115449761 
2.0708565030514 0.16377538021993 
1.8100760561913 0.59948199802224 
2.5537166147115 0.19866537654016 
4.8537822923973 0.86898351274217 
5.4494141377561 0.92059512999146 
2.058565164894 0.80191583470509 
3.7907752680663 0.33679191483782 
1.9194260680534 0.27592662566897 
2.5481993898628 1.1832202776072 
2.0001847921096 1.0176174265349 
5.1603136717457 0.93613740409503 
2.1704052938978 0.36704950937161 
3.4653312743914 0.57738693800992 
2.0799863556125 1.1711431386109 
2.4742212263749 0.89702114975678 
4.9575496270371 -0.18937024975558 
3.4692591229546 0.8646253179947 
1.9449380173609 -0.15645321624845 
2.1196772314286 -0.091725208518491 
4.3346330192023 0.57444059786061 
3.3234109675498 -0.002772669961149 
2.2294113552688 0.09284633942933 
4.9274591914695 0.97404653088825 
2.6760923724089 0.1697773297028 
2.8083027489198 0.35928350034567 
2.8185519168578 0.34730464305816 
3.5386005298079 1.1757797022619 
2.705119246973 -0.057445202110525 
4.1532347849734 0.094685238475559 
2.5268084420965 0.59425899404887 
4.8337489750662 0.95048329157679 
4.0232101787345 0.76998778860185 
3.6776513204453 0.33931279623348 
4.2460968234657 -0.2099434611714 
5.5235669360901 0.53788109399923 
4.0403645180863 1.1715703756455 
3.1346372306473 0.9618226328117 
5.2224699008439 0.33085797860419 
2.6212995624039 0.91909938914287 
4.7428783634757 -0.19650683539261 
2.7786749645455 0.46563108431583 
2.0668620651607 0.19246373846321 
1.9824524740787 -0.14270487680963 
2.0614403505997 -0.079379033371069 
3.2471808243827 0.63824922221945 
2.1613156104984 1.1309273390122 
4.4551171599965 0.78717157052458 
4.278720296845 0.76017941200184 
3.1220411216835 -0.29726535795419 
4.7634133141757 -0.23218224050964 
3.2756529149029 0.71544861671547 
2.1497055593638 -0.15369996404842 
2.8079352284219 0.51143273340233 
2.4643378146783 0.45993724835007 
3.197515803599 0.64792174250826 
4.5160112239005 0.23872396778562 
1.8454980320636 0.096268918387636 
2.6571811740313 0.41068006623161 
5.1549470444822 -0.19416260158977 
2.4153925259461 0.48466313269388 
4.4262299473338 1.158296560738 
5.0087553741759 -0.078496722978258 
2.950650413474 0.43877973405222 
3.8293675223369 0.37701880327996 
1.8906081016651 0.56665044960975 
1.9982549036649 -0.15107087688336 
4.5419694423596 0.19461088175212 
1.8011817409871 0.7465277180737 
4.5067489854829 -0.2760554473272 
4.4294157973766 1.1466676140103 
2.4302958089164 0.93785141648427 
2.8718842734781 -0.30149227642157 
3.8060720880035 0.053654989241064 
5.4155642083754 -0.047821929379068 
2.7547052463899 0.056612896463961 
3.3943837784177 -0.31258743396373 
3.9546523404944 0.085031143727701 
3.0565467221334 -0.21768693156017 
4.2245504115075 0.12641679509306 
2.4943129861153 0.98436124102199 
3.0592447283023 0.36776052833064 
2.5034435748462 1.070394118893 
4.8652626347372 1.1246173655699 
2.2459765189717 0.32194704014476 
1.8544340143034 1.1716232694249 
3.3718583094032 0.49619038857658 
5.5009758028839 0.33657824175954 
3.7172795493172 0.44434953711987 
4.6093236480313 -0.31916662865887 
3.0333942365492 -0.1277395611768 
4.3648231417437 0.30920523242673 
4.0869082439392 0.44846929613553 
4.7765642594431 1.1359314676237 
3.4821151042468 0.51993517082904 
4.0651030131856 0.47492710031247 
2.5471673192479 0.38421673823434 
5.1915845893923 0.22706627493529 
4.8692699651128 1.0140139614509 
1.9043259376232 -0.16536056661098 
3.2753691185836 0.35824172235824 
4.6593403324773 0.98348533010329 
2.5764845492271 0.9426786889272 
2.4847456278377 -0.18883015878593 
1.9945412690802 -0.026409978330363 
5.3206021522843 -0.063829738037282 
5.2550543971887 0.37922676329225 
3.3106722931828 1.0728194394706 
3.6831406142743 0.71704844304028 
3.66420799932 -0.16873887391334 
4.1653661382408 0.15052353109281 
4.0290703691016 -0.079985741024507 
3.8026815092186 0.15982676946891 
3.4089046327999 0.85018832419784 
1.8052086547849 0.7081123193879 
2.9215610302436 0.33855066418624 
2.6110343600798 1.0692652293554 
3.1681032254079 0.57833066423574 
2.9600984027797 1.0283545026522 
3.7325611023279 0.92547647971145 
4.0718055553167 0.47768005960742 
3.0991599701605 -0.019592108122163 
5.2092802787062 0.091679858851745 
4.3667608787373 0.75032096752072 
2.5583780056917 0.097658744282196 
2.1005518894689 0.52298703610639 
3.5714514057499 -0.20344041010324 
2.153504217628 -0.075845789065548 
2.2377633347818 0.39108266869641 
5.4066526699498 -0.11622206491103 
3.5150039017146 0.91775462678597 
5.4030200818817 0.048429318574488 
5.0256331295493 0.20519149403113 
5.494108578384 -0.12120289268143 
4.1976978921574 0.63463370408279 
4.3264810595634 -0.051369511119332 
3.372240862404 -0.28589447547048 
4.3728947410959 0.62976741250432 
4.7216044591054 -0.2108553769435 
3.6967284108381 1.0804662604836 
3.1141352509723 -0.10406377918734 
2.6778897625477 0.53868431067043 
2.9159389341584 -0.25724145347708 
2.3676707562236 0.034683979332948 
4.2408730207589 0.50019040507461 
4.3550290341442 0.66704930572312 
4.1094638853737 0.9005948266752 
4.7449160176781 0.77110143942047 
3.249098195135 0.40198280998875 
4.0305764332256 0.83473700150508 
3.3628396574834 0.2953291653464 
5.5663210634825 0.86783647603846 
2.05668963207 0.0016558991468101 
2.0934512293341 1.1444336145696 
5.3271086254155 0.23638468433191 
3.5705280385888 -0.060249978962014 
1.8634374814641 1.0488724218051 
3.8359776474242 0.74636534116511 
2.7533512992075 0.94121352881075 
3.0486519559854 0.12176969050169 
2.3713914797801 -0.2470949734696 
1.8761711799223 0.086617321784468 
2.0380611359427 1.1605090932132 
2.5578585668563 -0.0721953941714 
2.7785570723589 0.084452109451429 
3.7027802657397 0.60051675073839 
4.2925554507489 0.61595238006629 
2.3150300498151 0.89693380999396 
3.9700759524155 0.88574014674412 
4.0037554040492 0.078127091905419 
3.1179445732879 0.58430155715577 
3.6297877219388 0.48386862622108 
4.4376764053489 1.0682302410844 
2.4546230298279 -0.25156211060883 
2.3060699863344 0.5091122991513 
2.465445620231 0.90020156072841 
2.2734867107911 1.1601309925532 
4.0049251346612 1.1155879380971 
3.3749061428423 0.71508017539125 
2.1921728285783 0.21083682225297 
2.479162462204 -0.13936652446052 
2.8421142281989 1.1367980269353 
2.7191320236124 0.46647097424513 
4.4416014062191 0.69721595024375 
4.1721309367016 0.5345917804765 
1.9285653983714 0.63491667131692 
4.6037440014729 0.76167064624933 
3.1414813662392 -0.055375189270394 
4.3587234806645 -0.12634822363967 
4.0067847945708 0.075345101005379 
2.2833714897577 1.1560159813188 
3.4412814242698 1.1037654648394 
4.8955963277779 0.39316781850897 
4.3691751722009 1.0262874110582 
4.9136428891112 0.047212088714242 
2.2595501988253 -0.28121806471731 
4.9582143290765 0.75180274052801 
4.6362305893032 0.44945389888533 
5.4231968656123 0.17263929489577 
4.6882152984378 0.96089584963783 
2.2950774072624 0.64105626234565 
3.274378008219 0.1283172967985 
5.4364236780261 -0.12204187520359 
4.2305544078114 0.27399367870789 
2.1573839641535 -0.080711446431476 
3.8218156718363 0.30256380683976 
3.184761428577 0.52875683297992 
3.0704206690651 0.05773851123142 
4.5391360487733 0.080074021825244 
4.7140733497264 0.33632984822046 
2.0686476961768 -0.090602616514099 
2.2394375517265 1.0253970639508 
4.4523876179548 0.018608364571351 
2.8675540179156 -0.27739585292702 
2.4825385228842 0.93708763249247 
2.0575493047662 -0.016411816257961 
3.9091818188482 -0.12349764537349 
5.0770217763422 0.57909531779629 
4.4188116401061 -0.243128495205 
3.7186603959859 0.72650973869747 
2.5838008912375 0.53780041895165 
2.3821260205197 0.54172078616969 
3.3056861449517 0.85362473610991 
5.4534011314476 -0.096843781876899 
3.5636898641464 0.70344194877732 
3.6345896387056 0.45314280645743 
2.1998804538014 0.48229717606555 
3.698737655183 0.18400278273262 
4.2576585115501 1.0501972002107 
5.0271122032633 0.9226517739418 
4.8880129448426 0.68957194044297 
4.3407757634706 1.1186250524682 
4.6471613628009 1.1664877816809 
2.4539209457285 0.47194694883832 
4.659928414147 0.95644773517345 
2.8687527761425 0.92662629227254 
1.9854690195514 -0.076372191772591 
4.6561054964354 -0.27288644240415 
3.6349616612258 0.47650142262008 
4.4396371163172 0.94488976686091 
4.3699372468323 0.7838940717338 
4.577385077222 -0.18886977323615 
2.29151782608 -0.027279856655725 
2.4014706515933 -0.22941697343688 
3.891813427026 -0.26507929140344 
1.8210909784307 -0.12903062684499 
2.0893955334194 0.51521979053692 
1.8450078860489 -0.052382357252236 
4.8746289292739 -0.074084829329558 
2.0206640627839 0.50555940899836 
4.2651220019606 -0.22129425910109 
2.429548509504 0.56309495498963 
5.4254980799492 1.1346365119812 
3.1997229682219 0.57349439347505 
3.6308647904611 0.46794053514779 
3.1057777152694 -0.10257449409035 
3.2507349973909 0.11727692435526 
5.0290829984297 0.31205929472303 
3.4586509427754 1.1327463817565 
4.5013707890598 -0.17963666181658 
2.1388351721457 0.52336539439531 
3.7393857411555 0.41823866410828 
2.4012428400703 1.0963508788534 
3.0252143287903 0.14406826035893 
5.2893215820508 0.95094684537528 
3.5320192147365 0.63029569714834 
2.803204372572 0.8224477503749 
3.0963356733654 1.170365481526 
1.8797417627269 0.03992351410337 
3.8311763176492 0.12955384936519 
2.9935547391989 -0.26894706334542 
5.1207811319903 1.0168764665829 
4.7097449772151 0.67836139315759 
2.2683672669324 0.91560673106457 
3.654242687669 0.31978826382746 
4.9664858828641 1.0385768447308 
4.0367179339615 0.60849023215501 
3.2906831122951 1.0880686966478 
4.5752211828576 0.032450273948121 
1.7918426685721 -0.10665843501293 
5.3099792895389 0.92958606669617 
2.2818434597647 0.75359772927068 
5.33165803468 -0.013951233722252 
5.387378863564 0.052060112654567 
4.090296927627 -0.1635921392153 
2.7013216035277 -0.14491754142151 
4.7814886658928 0.12672518495947 
2.9140145773173 0.90922630414314 
4.3257034729014 0.63806131520703 
2.1833628886534 -0.24598790659757 
3.0164375714435 0.54212547588792 
4.3780362949932 0.63797015456577 
3.1579071509435 1.0321094590628 
4.9150340438443 -0.23956361230062 
2.370612637128 0.3422427813507 
1.9980598434193 0.76220000459888 
5.4221247047024 -0.14077714036267 
5.2131828674751 -0.23220002831834 
2.5391103170446 -0.038222600523943 
2.3274492951697 0.5457367229265 
3.0934064510313 0.96532897258563 
4.0482861451276 0.35819507786283 
5.3352094738781 0.8704082392967 
3.9990107469622 -0.026882294367224 
4.5242361895845 0.85966298597361 
5.4333426919437 -0.08486279538678 
4.6803288259224 0.73622590650773 
3.9890554675887 0.21193762058239 
4.2843817618339 0.0021764000934958 
1.8715269729672 0.70433132028833 
5.316304162827 0.41170043992291 
2.115952962937 -0.24683855663117 
5.3103497949657 0.051620842599266 
5.4707485990153 0.45583282812981 
2.0968817789112 0.69817111276158 
3.3121291303646 0.80055542060839 
2.7390373929145 0.18503631157526 
5.2271845789819 0.048461085265362 
2.0573846012082 1.0460706629139 
3.4562938988043 0.077824867891902 
4.9628412213746 -0.31696616097337 
3.4591743101844 0.8202688364871 
4.3805541025703 -0.047638169926221 
2.9857946739966 0.61829847235826 
3.6878429674934 0.042894389870034 
3.9831135792319 0.67842106502103 
4.6102488072571 0.30060634506306 
2.4106606397463 0.97855137517557 
4.743942815494 -0.23133928188671 
4.2055133807412 0.2731925955823 
5.2506433356217 0.24911771410212 
2.309387037325 -0.16600848317459 
3.0676273475423 0.22050888011084 
5.3646798505127 1.0506946614451 
2.8539774532529 -0.17086248598245 
2.3799315278813 0.91396146982136 
3.9814153486518 -0.14944149307537 
4.0253235166899 0.030965321356518 
5.0369158526924 0.40453946135835 
2.2299653699499 0.71717877315645 
2.0902990763795 0.5633038904877 
3.9983265648929 0.79738224746654 
2.1424411616118 0.96239457588592 
2.0500736494374 1.1517875102848 
2.0419185027934 0.44622672542867 
1.8996815093373 0.87212024815934 
2.2549075172797 1.0019371973243 
1.8097666748031 1.1299326056582 
4.9698210351327 0.0067968326875474 
3.5516470822963 0.7324048737583 
4.2581756934277 0.53536428475482 
5.3928571514029 -0.083838392083289 
2.9304916199839 -0.015039214972621 
3.428704503632 -0.14794719474694 
3.7249195349571 1.1495055570757 
3.7101879556428 0.7388844426968 
3.9065769958176 0.35904513282623 
2.9509518733378 -0.12593787443785 
2.366651093025 0.078082937840278 
2.4501124394042 1.0690958812988 
4.3248426804758 0.7901515283053 
3.9250464251732 0.10548336046519 
2.5064848119717 -0.11833393474907 
2.4028559415824 0.095107120387086 
5.4114579878766 0.359188865118 
5.1879861019596 -0.16340591082391 
2.8234082252818 0.87696525621055 
2.4380406440434 0.26289520483435 
4.3992191502346 0.67391247253197 
2.0633458301237 0.39375928514389 
2.6180646803788 0.39051893510266 
3.3520386940322 0.34451633250022 
3.2258905374484 0.30984648677703 
1.8744567352563 0.64189093117618 
4.3538041154507 0.36866494371549 
4.1351546783999 0.90296070653035 
4.6733158850922 0.13833183178174 
4.1962850876162 -0.22908134401028 
2.5443948852786 0.0076405847005888 
2.8425045184553 1.1071299572296 
3.620582190793 0.58217427741376 
4.7799353868239 -0.18097619940289 
2.8959858486166 0.84453643943949 
1.9529727432449 0.15685622469733 
2.1674708976161 0.89661863541663 
5.4262397082944 1.0419583958141 
4.1824728376091 0.063753628500235 
4.6125804917628 0.49183572112625 
2.5604145762586 -0.021560030409125 
3.652058489123 0.038207378916144 
2.4023410594871 0.3287973847941 
4.364518302106 0.054271455898175 
3.9749592692966 1.034663864462 
2.9155660189183 0.035236353703791 
2.6508198853706 0.71674874708717 
4.6889794083149 1.0219996058192 
3.3606139158035 0.32957028380316 
4.2157502725937 0.44829348756009 
4.1077693941104 1.1749801031446 
3.666370547093 1.1826765255848 
5.2470549358801 1.0821584999343 
1.9839414788223 0.039125093975345 
3.0801276981628 0.7795455994068 
1.9214572375147 0.52472196618856 
5.352078146193 0.71166757755356 
2.9701075337984 -0.15314252929997 
2.10317318112 0.050150883995607 
3.1336401301455 0.072291122512513 
3.496277848586 0.76538518883758 
2.6032175025533 0.67412325655594 
4.3384848942865 0.65956209348553 
5.1373588881477 1.0897178492324 
2.7033848733772 0.26963194876214 
1.9309506968808 0.024235162062983 
2.1446636914823 1.158581696787 
4.9441670034939 0.057899756675429 
2.3312322089467 0.18835389533008 
3.3598659326105 0.21121233999715 
2.8844138135699 0.28633062269249 
5.5124583350459 0.18610043592971 
4.2761034155312 0.36472364681837 
2.2035764116436 1.0174682662751 
3.0506651890637 0.62965105273613 
4.5218431129571 0.24248983704155 
1.8149777760876 -0.15600037832929 
1.9441934829132 0.21474383529819 
1.8131465238554 0.48331259550922 
5.4120284338412 0.48089679957348 
2.4926765146638 -0.11311275815334 
4.8776102457866 -0.13971512723204 
2.7759844229062 0.12551571291047 
3.9941023578332 0.92643741076631 
2.710049814361 0.87627048345583 
5.5088307994274 0.18711421144923 
1.8950287597683 0.36878152227927 
5.4630716633336 0.46479920383053 
2.8920686769432 0.49549064056112 
3.2713663313429 0.69843751974672 
2.9663232430258 0.53667974634845 
2.4698753353171 0.76672506813025 
3.8776041997825 0.41051327660552 
3.5135338221872 -0.063999099075415 
4.6314138098781 -0.26368308937192 
4.2848300383028 1.1335762360254 
1.8742437603721 0.62004116937052 
5.5445107273555 0.93934073264158 
4.9491147360531 0.63867501107421 
3.9300254459788 0.57605399587093 
3.2695605424036 0.079055038152511 
3.6982892434502 0.24079447065857 
4.6945010896007 -0.28838344029581 
1.951063076732 0.69520155402327 
2.8306573446847 0.48066052564573 
5.5550613157231 0.58773967809077 
4.0839267394461 -0.010392899879124 
1.8687450686789 -0.15143793910677 
2.7430431673986 0.35951685432807 
5.041414074911 0.60654700213612 
2.3127747342042 1.0729671995105 
5.0315941295646 0.069721442962238 
3.9696969044194 0.9165767542959 
2.2471323847125 1.162150777989 
1.8440037936739 0.8677904716806 
2.3064337886893 0.25300379556759 
1.8154431380133 1.1459478973199 
2.12922557585 -0.10370205505086 
4.323677168001 -0.18725768132853 
5.0474087983097 0.97284478369495 
2.4555103255119 0.59273165583084 
2.2867396910724 0.28042670473331 
2.2716373686616 0.019669144619206 
5.3669862043714 0.25805544559611 
4.2568086671937 0.043012703293708 
3.0711095764646 0.89675814227319 
3.8245284798494 0.27554757061127 
4.2456543270822 0.38748904930886 
2.4746180013047 0.27785481874518 
3.3167222322184 0.77912553262035 
2.2907236214529 0.40293038158019 
4.95558817212 -0.28329481343871 
4.031544311387 0.51459725144771 
2.9552717328214 -0.20666195063402 
2.1549389748446 0.86375946260413 
2.0612264596263 0.15520400081187 
4.5272887916051 0.81878931774708 
3.2630545636962 0.45002321547344 
4.5912312446298 -0.029447530504606 
3.7792775804413 -0.12061406527015 
2.9316169879308 0.22565838448017 
3.1378443187359 0.37917123421237 
3.9148177271085 -0.092828796958926 
2.985098370556 0.88618479430559 
2.6685326711094 0.6269692166386 
2.2618202465437 -0.15063639808228 
3.4026531775796 0.86970154805594 
4.882294072193 0.80122588937376 
3.836389281691 0.040504026698533 
2.0999118136924 0.088696476480511 
3.1856980811965 0.61264097140157 
2.5644438764531 0.36086324870874 
2.8459617446195 -0.040442122111081 
1.9329827167669 0.57492813571444 
4.0972143537463 -0.21645020733115 
3.6144343831608 -0.29213390329327 
5.5570171811921 0.22851804808012 
3.9967638528133 0.13469235580278 
2.5998009694839 0.35797877404517 
4.6192364853419 0.53973949039567 
2.2803813563081 0.71328306931449 
3.3275358146127 0.65522242196518 
5.0891182010364 0.28819161657976 
4.8139177462822 0.86761093960712 
2.2739034991608 0.76979126431985 
4.6490314284287 0.71164004825891 
3.375367911246 0.43246607813293 
2.4938696426351 0.27520451764424 
5.524663846591 -0.033715392540213 
4.1047461893419 0.2833017668828 
3.4541609513047 0.91874004316186 
3.0352285232571 0.12298707668351 
2.2313097173913 0.56846052958385 
3.8319635687372 -0.15268816624918 
4.9858865962263 0.11281312609721 
3.3997553969929 0.99568052126148 
4.9472644929858 0.54395006084979 
4.4478975931036 1.1320346242001 
3.2224242557414 0.86439800884723 
5.5066366922147 -0.3000540271631 
5.3398068240403 0.73817574587195 
4.1759949311857 0.72086711215162 
4.7158842468105 0.78375793265431 
1.8660826573139 0.44904965371863 
3.0348010273763 -0.15166111379819 
2.0760244381424 -0.082244355631987 
3.9504090267602 0.37511025575525 
3.2676504166773 1.1408002509138 
3.4859454335314 0.35845994653263 
4.5602116246504 0.48043024767813 
3.706496427752 0.77544343672531 
3.5699588861863 0.69951500675325 
4.4267958124479 0.49515563801217 
2.6589033801028 0.32137321776747 
4.310788536785 0.53001487609194 
2.2236360864363 0.84668116965353 
4.0344641272299 0.047598907883222 
3.2443050376686 0.67804721652226 
2.3893359182738 0.51425831363303 
5.1565669689526 0.26188199287679 
2.4739509271368 0.58450328108947 
2.4412359487908 0.093589790035485 
1.968853636982 0.49475885450604 
2.3009329338692 0.62774653612501 
5.4179446076536 -0.049017684003124 
4.5360958969951 -0.21542272252665 
4.5356235977221 -0.21459279937433 
2.3893284090938 0.93787122365198 
3.6399950284059 0.65059338512808 
2.1886783102007 0.92562888425345 
4.7112336659366 0.64552986685377 
2.5810704196524 -0.080083302388611 
2.2767645343856 1.0886036200799 
4.8766541944574 -0.15869427355628 
1.7977857735623 0.40192014940341 
2.5955366937999 0.98565514586952 
5.3093414364755 0.32144812631023 
1.8218096928622 0.53342845581917 
3.0175421456385 0.21308929865402 
3.6147342551315 0.11833372474769 
4.7740768135518 0.11670123001874 
2.77082414077 1.0935968961563 
4.3235872313272 0.46158582350869 
2.6849084796043 -0.31940436406998 
4.2106704023367 0.25325209487925 
3.6032284585285 -0.26683553830368 
5.2437862677616 -0.23376436131431 
4.8621877732109 1.1461539287992 
3.1946843692583 0.87232543046486 
2.0429034438719 -0.062167143171165 
4.1244389334767 0.72249184156259 
3.439967383083 0.069167088208334 
2.8785075640157 -0.036920668047233 
4.4055717101616 -0.15928947364216 
3.3299436252388 0.85416554311213 
2.6617155770916 -0.096929716542661 
5.4273629826882 0.53669259010504 
4.6723770442041 -0.1184125732225 
5.3710621789108 -0.28383166310306 
3.2865171562026 0.49331301591448 
3.0627203858042 -0.21648359311747 
4.0387504791469 0.47698721446721 
5.2493203613489 -0.17528309807045 
2.8094919495545 0.51372843915146 
4.8364750506489 -0.010322477511745 
4.4468050086208 1.1746348151525 
5.5247060845255 1.1579039077421 
3.113874982015 0.15909467828281 
4.065176627721 0.73957300477611 
2.3076095494618 -0.093907981127007 
2.5569738108142 0.54496563915018 
5.3881700359537 0.66247630379079 
4.8742775929374 0.1500072738241 
2.8540097778609 0.7859067323426 
2.8191457642122 0.82511955738146 
3.2304247467018 0.62381121446915 
2.5468872533819 0.28091573263813 
2.2860272293854 0.69649987647308 
1.9993381574451 0.58767848715851 
2.0693472689292 1.1310708604457 
3.4966249752189 1.0740377209789 
3.6321576694321 -0.2308427478364 
1.9931250216606 0.81926864269587 
4.7557772990834 0.92366678533994 
1.8235400764961 1.1027667263951 
2.0174893214485 -0.084442981784734 
4.8449327066638 1.0063732585575 
2.7575054942175 0.74486677263961 
3.076906198375 1.1790822800936 
4.274079582048 1.1053787121453 
2.3099204494557 0.82935766376408 
2.3945525432778 0.27347582697568 
3.9776514199752 0.37360832072163 
1.8770292597328 -0.10221005655002 
2.7365085199211 0.89710854523891 
3.01695016109 0.98823502129457 
2.838469293393 0.67230988803118 
5.1237118237367 0.053162402657548 
4.2655789833397 0.09194988920998 
3.3095042911979 0.10501423107309 
2.2819257086357 0.66808145594226 
3.303182452568 0.24226665117776 
5.3322451568028 0.19178064161828 
2.5385157181861 0.45988575365693 
3.3865672311558 0.20108529751604 
2.9379407023357 1.1102922236789 
3.0382466671144 0.72816285553664 
5.1754521946259 0.047137897040898 
2.388135768848 1.0033872988162 
3.8002891080477 0.35824840282337 
4.7860313928122 0.62720920158083 
2.2292434256725 -0.22531351980169 
3.9298949945793 0.28030356513542 
3.0144085620885 -0.10447990510061 
5.0323678791973 0.28484243789129 
4.9126620495129 0.88116847579343 
4.634498743015 0.06950006145761 
4.2718175254773 0.16159152301291 
2.1362907038508 0.69843284848456 
2.9420246927702 1.0643853615234 
3.8959789795259 0.76593875764748 
4.0407184778348 0.90464784495731 
3.0709753705989 -0.25157317157146 
1.9513717519282 -0.29283226451087 
5.0346553188441 0.70140326030937 
4.662725026347 0.47856199785487 
4.6020383332435 0.19200458105118 
4.7389885999068 -0.16995913788144 
3.3024126401502 0.032685384359259 
2.2514488775143 0.96159200497624 
2.6348268223445 1.0796407593645 
2.2378847077412 -0.067690502894659 
3.0223188733037 0.17637009617203 
5.3933767638838 0.20967144587346 
3.4063126115012 0.14722927511806 
2.66562524565 0.50161218148621 
3.9297072677137 -0.1703385902722 
3.7851534855895 -0.31401949257971 
2.223443689412 1.0165327909386 
3.4405897958356 1.0969056725715 
2.2192539297627 -0.044187418183614 
4.2352841866008 1.0675103510288 
4.4987728280874 1.1813937353435 
3.6766683717353 -0.089579637682337 
3.4787852591949 0.26635257855117 
4.3974471524931 -0.30187203640637 
5.1425021659495 1.174465831479 
2.2492378295818 0.59088422377561 
3.8492954751751 0.67843915939142 
1.8842331352048 0.020050772471798 
5.0697655888369 0.53141319715197 
4.1975463327794 0.46594587027303 
2.9159456561918 0.2485457144227 
3.7395668154686 0.91133355122132 
2.641311629755 -0.035205471936192 
3.5500959591549 0.10482132697586 
3.7879981927407 0.32350139187055 
4.3164774962289 -0.080883572428537 
2.8605513908764 0.24438651012228 
5.4205578888929 0.92035852193345 
3.1375350554058 -0.053313038187187 
3.3242421355799 0.85972383371081 
5.3120634351931 0.69546775661964 
5.3142463942701 -0.17898122053122 
4.8413751735251 0.76075605506982 
4.5341216032951 0.47231289048022 
3.9533813296464 0.13805078332119 
3.9022095531098 -0.17450397693751 
2.4831562170205 -0.037563555588616 
4.1414341494279 0.48592182011192 
5.3089723291559 0.17268800821835 
4.1022844247882 0.31341577024305 
1.8831277341445 0.12870716188632 
1.9288126697376 0.83775459655151 
3.7538271218129 0.35025879732778 
1.928252133484 0.46655255049752 
3.6764552638157 0.65066869389334 
4.1725402540747 0.44272507041601 
2.2707156615547 0.14585348655019 
4.4244359238146 -0.24445959922593 
4.4630915404629 0.3994986050606 
4.4682072064115 -0.31233943354514 
1.8174203809452 0.22863844764612 
2.6125136230787 1.0198368150728 
2.0448200367704 1.0104556686191 
3.6281475813911 0.45586088148056 
2.9417134768938 0.10428078051859 
5.3418165428792 0.63796273299775 
3.6546619404144 0.62137882575158 
2.4494575858609 0.48429862478952 
2.1159533715105 0.36839653553351 
2.0902235838337 -0.24542194745699 
4.8855860956379 -0.0091497688460898 
3.5181416969064 -0.17714721873101 
4.2975562050168 -0.10743136390909 
2.3956178354963 1.0316234868551 
2.4441790371901 0.19382370972748 
3.6744565127657 1.0602715875256 
4.7585400267198 0.90218165737646 
2.6703726409334 0.95556797832026 
4.3752071370203 0.83685720310854 
2.6572598797926 0.87568520329844 
2.7584329712527 0.18749892263841 
5.1940919390962 -0.25538590263939 
2.0832049800431 0.97576589289953 
1.8039330042253 0.2825054347129 
4.4853597032334 0.29063342155694 
3.2575921765982 0.39958954150881 
4.9474656299285 1.1475237542174 
2.4574717250306 0.64792137621459 
2.5101401099491 0.56748795286826 
3.0834042736818 0.96276293066969 
3.3127683290145 0.067165293304565 
3.346693656758 -0.28322658740571 
4.274605122065 0.92926412543779 
3.300276189809 0.26730430041461 
3.1878818001214 0.22230419257011 
4.5279428265396 1.0804423569346 
3.4618403575448 0.98791117418913 
5.4929164451084 1.1574207953616 
4.2090058735187 0.80778320207952 
3.6638812216527 0.50950017964749 
2.1621448030791 0.20273763295234 
2.5204935078542 -0.050701572960242 
5.4778677772949 -0.23098289654539 
2.9170893030115 0.76070871926253 
3.8460374558878 -0.15595599858184 
1.9753530314233 0.87712425898116 
2.6000219103715 -0.13105184859856 
1.7947815095595 -0.22575739933032 
4.0710377972978 0.12400336366716 
3.1976158436055 0.9418083057874 
3.8748950539376 0.28782823720142 
2.3662163697727 -0.0063545117527012 
1.8423360042024 -0.22698577894161 
2.0857588589393 0.29681370642839 
1.9870568117482 0.14152321004604 
2.5730046515224 0.29436532827686 
2.243730947049 0.7827329954597 
2.2698133566367 0.80370578666854 
5.0721062792667 0.38435209756266 
3.0269797754966 0.64751882664784 
3.3906669453932 1.0518268384828 
2.2117616624128 0.28378871650888 
2.0870350116993 -0.27883573499588 
4.9944855408694 -0.3064656928905 
4.5142744099556 1.1399810156831 
3.7747408988838 0.28392733035147 
3.3641106672197 0.47063384459821 
5.4367901394077 1.0179284243251 
2.2464711639595 0.19186565180582 
2.5318788713745 0.20894550957655 
4.2663978197698 1.161641639245 
5.2248802154172 0.078463334687554 
2.2671679620909 -0.037526171462313 
