5.3183446949163 -2.3645063805315 
5.5541358964406 -4.38238692611 
7.8585310218588 -3.0413329434033 
8.9428131275639 -2.2094741048146 
10.019490547692 -3.3099374699955 
5.577686538806 -3.0641496147319 
7.4769894317744 -3.995708935601 
17.064408112193 -2.1876341832735 
8.0992387203488 -2.6659439358877 
5.4861090795683 -3.0847836864002 
13.345993503475 -3.3390038275295 
8.9698858768465 -3.8983707156076 
8.3123163824145 -3.800093251841 
7.5155874898973 -2.4507630931056 
16.53334399211 -3.9911944395858 
7.765243367351 -2.9300095384275 
19.581779700045 -3.6006256832922 
6.5159998020725 -3.1905172264028 
11.339698532861 -2.2474685254737 
5.4540860304754 -4.1915376058015 
7.0739568879553 -3.0380489310797 
5.330362997559 -4.2137440598142 
8.8377759957931 -3.2332565863256 
7.0022578981507 -4.2579736433778 
8.2071683280549 -3.0215007938871 
7.123046129699 -2.5876145221824 
6.1847576934689 -2.0798364043121 
10.754444972279 -2.8289863527272 
15.78654271458 -2.0998077257194 
9.1234008368066 -2.7334562863559 
5.3339157884029 -4.3138455411024 
7.9270780256135 -3.4294702747354 
7.7566417104134 -3.9401162883337 
6.1955851877031 -4.2482428236195 
5.7303864505463 -2.1338016209864 
8.9550963520166 -3.1376818360009 
16.581436495195 -2.0507514801389 
9.7783285823583 -2.8376303656774 
7.9780749676115 -2.19287057592 
9.499955478287 -2.3153757370015 
7.5675792783694 -2.1657658154979 
10.432913634658 -2.0995440881583 
13.634505533755 -4.2364493909778 
8.6055033969968 -4.1198823420527 
6.5581990103971 -2.8278093491965 
9.3535251128496 -2.3321472023544 
13.64844866723 -2.7197232482173 
10.440284279459 -3.5805567255228 
7.38169886416 -2.710158564728 
18.675593321126 -2.669525902451 
8.0170215644649 -3.0793039790172 
7.9659037014203 -2.3826258876388 
10.693562521933 -3.3809822380687 
9.6463873064299 -4.0925716511362 
5.9421941197377 -2.1876389003488 
8.5751570654083 -2.3984380135235 
11.680969401054 -2.1784606491047 
8.5169065609589 -3.6493170828784 
5.827927412145 -2.6057844037003 
8.7476449870943 -2.2076208218498 
10.364958844628 -3.6482239165428 
6.1768221182193 -2.8967676575834 
9.6414236697362 -3.8071473400438 
18.568780469857 -3.3156236286981 
18.53316556147 -3.7515060304157 
17.83372057977 -2.8113607175197 
8.1505368530612 -2.737995155048 
8.6906225108608 -2.0979154904947 
6.6303122297947 -3.6046570573629 
10.9220774477 -3.6289606396374 
9.1975201652197 -3.2858003135696 
14.967002288214 -2.2722617395665 
8.0667024664286 -3.66771425045 
9.6273491190078 -1.9598261402299 
6.4245851880608 -3.1672327990104 
7.1227637065036 -3.3689941308133 
13.391417769733 -2.9543076428219 
5.4479248630819 -4.3713251015303 
5.7736771396554 -2.6651914002015 
10.331846844783 -4.1365811476666 
7.9962325307144 -3.4247437345639 
20.41806291263 -3.8534044615647 
11.907277688123 -3.782875875036 
9.1461272057294 -4.1910400334951 
6.5628925376663 -2.2595919829136 
6.1087882210674 -3.283546466955 
13.119604713418 -2.7761494667721 
8.0417463243992 -4.0675755813458 
8.4938542079876 -4.2698691783648 
8.4313483650551 -2.3894267189884 
9.7551536628022 -2.0203256355118 
11.960460459566 -2.1244331654089 
5.5749416085616 -2.4409749658581 
9.1294719735848 -2.4485706889775 
13.673195298927 -3.3668155245451 
7.1310904949859 -3.6313083394601 
8.1040486021566 -4.3673414208957 
11.281162490809 -4.4017210703307 
13.80069006879 -3.3766091979734 
8.5315397423581 -3.2724693685623 
8.9730865111937 -3.3306703875297 
11.03118635328 -3.1923565599482 
8.3539169124095 -2.8303844382311 
10.935473347521 -2.95638386146 
9.9394277343919 -2.4924425068319 
19.788926940524 -2.1441339488281 
11.478790219976 -1.940811197401 
6.4670330292635 -3.8700413791042 
6.5820736092728 -2.8725878656945 
11.33250305298 -2.2091242373012 
13.357099500718 -2.725903353826 
11.447655649141 -3.5901434886223 
14.4168224759 -2.1855038698397 
11.75255863202 -2.2101098792196 
8.0415704927186 -2.3594338085964 
13.385490788456 -3.1735525126298 
15.127793675683 -3.8315465118339 
5.5002114285399 -4.2169175088217 
5.8463578091668 -2.0307469379473 
9.0385154499117 -2.7349219954264 
5.9409313070071 -2.0799460261255 
12.060472150284 -4.1542929193399 
5.3196708957979 -3.7772989999943 
12.616807980596 -1.9431178402839 
10.282766196392 -2.0003341438012 
8.8410927629288 -3.4283078802243 
5.4280150388867 -3.839867439867 
6.2040269827016 -3.7514311379269 
7.7292541397476 -3.9044807803405 
5.312264906213 -2.439113119454 
7.0535766910191 -3.7549098750485 
11.283962824404 -3.4653711268457 
16.934189029678 -4.2348706523711 
8.6392532077885 -4.3253559394763 
7.0207510016006 -1.9655333574347 
9.2594626057682 -4.0744912700772 
6.8728548083263 -4.1859721563433 
10.605578700891 -3.5707932494113 
12.216792286216 -2.563112798222 
5.3222720867271 -2.8822242657832 
6.1035210840439 -4.146901426674 
12.376298498108 -2.3682337620364 
8.2787197766616 -3.2872412694887 
5.9153623532287 -3.6207541822905 
7.7647349349435 -2.3091103159798 
10.979344205831 -4.2006445429929 
5.5914133438373 -2.0524011642818 
5.7434492305351 -2.6638979972275 
11.529416376689 -2.6379523348663 
8.7149864536542 -2.8086154858182 
10.300995744596 -2.8586502741953 
11.1251748783 -3.8092236781294 
6.0677860616693 -1.9688557712469 
5.5394058005584 -4.0987656302186 
5.4736951758246 -3.9722290072039 
6.3312683568496 -3.9679672963128 
6.4545669747913 -2.8427578248508 
8.2357629543097 -2.5693306276629 
13.264767322041 -4.1252076051413 
6.5626572999843 -3.9298008669071 
9.6699506956144 -3.1997599203612 
9.7126737180189 -3.1853225299863 
9.2754320022609 -3.2777025251226 
7.5524818665855 -2.4758845755932 
8.3694687925274 -3.2607768946883 
7.7668015974301 -4.1781587943406 
10.252239943539 -2.6632628890259 
5.4418040077936 -2.6930823183934 
5.3755722128483 -4.0245962285214 
15.182504863689 -1.98389660886 
8.0477469711313 -2.1621616802132 
5.6237871320474 -2.9397350287544 
7.2799521678487 -3.9730597047197 
5.713736443235 -2.1064550613552 
12.456488471364 -2.135564952841 
5.4621274819138 -3.8654624656398 
7.8007112102872 -4.0791924911778 
20.018151247897 -3.3929357610711 
14.442281997174 -4.1898243155595 
24.866088758998 -2.6624479734389 
9.4187441402734 -2.703437536331 
16.486990826033 -3.6737403882132 
6.0120138956332 -2.6408462489542 
9.1486125171848 -4.2918276328054 
7.3055686176449 -3.8723627901011 
6.1076639400044 -2.7329997135488 
6.1869773088791 -3.5092039847952 
15.165693216277 -2.624364823662 
6.5811537973387 -3.9938537610753 
6.0973703531113 -3.2720261376555 
5.4860395550764 -2.7314899906394 
14.3616447164 -3.3004791130307 
7.6654600198048 -4.2199211921863 
15.405323332208 -3.4730512381092 
6.5892380733281 -2.5506061466822 
7.9918001362944 -3.0511457965732 
9.4809634914866 -2.6892619541176 
6.9768820131691 -3.3932772337965 
16.336162272544 -4.1584812300025 
10.531229642398 -4.1197704470489 
7.419587786969 -3.2304638472179 
7.763175249756 -2.0093835564419 
6.9563976366046 -3.3492563378502 
11.684790953058 -2.2640275545231 
19.016077441758 -3.3680564013489 
6.3160386038968 -2.9813073829911 
5.4645792942513 -4.023180245973 
8.5261306453811 -2.9224793498784 
9.5867723499571 -3.5418282418312 
7.8593036040749 -3.259447841749 
5.3663743189845 -3.9056581395645 
14.122029862747 -2.4772334445881 
16.119325492846 -2.9018473146942 
5.3545735545664 -2.4446092100035 
8.409727401898 -3.8942671709514 
11.286623996452 -2.0765265226263 
6.2231594339004 -1.95249082451 
6.5098354257307 -4.3440494490217 
25.680780208421 -2.0608918780272 
8.8084256167869 -1.9977688977886 
6.2673723949972 -2.1947195813603 
10.364835827993 -3.5583120734174 
10.40388638313 -2.227664781631 
17.7550956164 -3.5183412148614 
9.1197722969744 -3.4599925417292 
12.507622438308 -2.5008854740981 
5.3811330104272 -3.9152841813844 
5.7865348554162 -2.7705956991983 
7.1100273360106 -2.8050981029836 
16.15389511677 -3.9533626754217 
6.7914597008287 -2.016752551943 
26.424098960466 -2.7212808257652 
15.074283153516 -2.6403574047721 
13.316602869654 -3.9986164250048 
8.0975691949392 -3.7351410463125 
12.044340573223 -2.0150074171201 
6.6401608526245 -2.0903489395755 
6.7949331192707 -2.6845189598361 
10.042906613087 -2.7159499226342 
9.6085999592725 -4.2393148014814 
11.15082762214 -3.2504041127363 
20.466299436916 -2.3848392820577 
9.9371021671283 -3.5954251396819 
5.9406195116773 -2.8188555993051 
18.179165707591 -2.503140033758 
11.743192671211 -3.6547730363537 
10.235783107644 -4.1058805395733 
8.1245478573334 -1.97061102265 
5.9473866311061 -2.8636135851463 
7.3942627622889 -2.2159831561431 
6.2438537787448 -2.4796263814438 
6.7248759811412 -3.1938150282007 
8.1747909837599 -4.1446379770488 
10.538319279562 -3.8949160380789 
10.255939111967 -4.2433506365969 
22.336059291215 -2.3373844897001 
15.89890546212 -3.0676002547205 
10.574146014398 -3.8807200731532 
6.8030315497373 -3.465497617701 
8.835500057221 -4.2142951241025 
5.7974316973704 -4.394939508701 
13.368248371227 -3.5785577523903 
7.041960533582 -2.1166749972123 
6.0871325226944 -3.6519858875067 
6.0656668624952 -2.897255657705 
6.189843324809 -2.49656122079 
5.6084566185279 -1.9406518461406 
5.3379779799683 -2.6785144739422 
5.5696938477105 -2.3351480599284 
7.2601143499415 -2.4374213525498 
6.6735748644602 -3.1402193045034 
9.1656332650649 -1.9929480264343 
5.5266771659048 -3.8900428379662 
9.2865345195788 -3.2237306077053 
14.603927330262 -2.6226081029412 
11.71296389115 -2.0943170161247 
8.0663991669188 -3.8321034963351 
7.8411292712365 -2.733440133653 
7.9581038348141 -3.9441885767943 
9.7860007969492 -2.0979183405842 
8.0405171228528 -2.2978834773817 
18.334277970093 -3.3491252177876 
6.1374734386988 -3.6097549308552 
11.046613035522 -3.0850613301733 
10.759494738555 -2.0049060367213 
12.273677906459 -3.7067721209049 
7.9682206043168 -3.9390993827247 
9.2713327073945 -4.1491248357048 
14.93867142603 -2.7034200467721 
13.370061965025 -3.9799966722606 
11.018459660412 -3.7230848884461 
5.4125141610946 -3.1744493268342 
9.0540036122166 -1.9384488683909 
8.3875535900726 -2.136905437785 
6.1918206813675 -2.3462009368804 
7.1155994403609 -2.8343982712143 
9.4497570120386 -3.5128195523881 
12.24267070266 -2.3792935653068 
6.6333049923926 -2.1477113667625 
7.0988323761823 -1.942786423173 
9.7244294992284 -4.2547666439818 
6.5445673272846 -4.3035563638281 
9.7491754683288 -2.2423636752155 
8.6706041069474 -3.1682441929028 
12.415842990281 -4.0129735320086 
9.9477839488284 -2.073142148701 
8.9682424981302 -4.267651179684 
7.8440256509266 -3.6948543322849 
10.92510466104 -3.748922239762 
8.3291322648997 -2.528675746839 
6.8652606216373 -2.928559218547 
6.870469173242 -3.7468925155597 
6.3823958387559 -2.1546626639614 
11.828750905595 -2.8121666014695 
14.48318792158 -2.2418483608547 
11.486658348997 -2.3990434169858 
6.5018975968172 -1.9913992308943 
19.663866355832 -2.882985819576 
14.980770147846 -2.3892646051704 
12.241321980481 -4.367413515308 
5.9698514565235 -3.1708269810191 
11.596093433418 -2.2193460897172 
6.9469780353895 -2.6894586155612 
10.151502208744 -4.2680039796813 
7.6311460598196 -3.9796413816407 
5.6508339367481 -3.6407137908087 
13.501156974781 -3.9195757432277 
19.556565815238 -4.3587894975717 
5.7036914636204 -3.8097047089625 
11.328321878043 -2.7513057702725 
8.8356574237688 -2.144125619707 
7.2885286756889 -2.5543664932822 
8.2114587815546 -2.3308256408734 
10.63092828254 -2.4704634891997 
6.6641907803308 -3.1949406664329 
19.939797556247 -3.0481090801122 
12.931103286011 -2.1205775118445 
6.979164245377 -1.9398202078839 
6.3576914996549 -2.3630904435982 
6.0582145513372 -3.8364767762222 
7.0046292132187 -3.3974609855594 
8.8702085750685 -4.0367634499618 
7.9568364481581 -2.3096794544718 
11.144644217284 -2.7748422567368 
5.9094186710611 -2.2881716178007 
8.3139049801319 -3.9037980814469 
16.178569926248 -2.3220919900574 
9.8331315202318 -2.2816636990152 
6.9067112563922 -4.2967427740242 
9.2763522618456 -3.3109499448342 
5.588373472499 -2.3966943663156 
10.336405567771 -3.8157077939365 
11.685339012344 -2.2484875078862 
16.230774346949 -2.0932956572919 
9.4121415303085 -2.4083983387747 
10.457807901087 -2.7592866486459 
6.6599290627454 -2.2066560382476 
8.672567747042 -2.5937866346398 
11.128906638961 -2.2929665299581 
7.1620574107059 -2.8179181299399 
5.9685483456033 -2.6232129849777 
18.68277570249 -3.7141810159813 
9.2465273397099 -2.1586979999624 
7.5827322362339 -4.3478795894881 
18.983528568437 -2.4599764349178 
5.8240621084658 -2.5002329407964 
7.3184177866837 -2.0573803249811 
8.0398671056175 -2.8228993134404 
8.916802203892 -4.0773599569529 
9.4276922514148 -3.2993598634187 
22.201932369367 -2.0262053865451 
10.875120930113 -4.1045583147104 
6.2103358255897 -2.9941087895763 
5.8038615760096 -3.4577351946559 
6.8450996157503 -2.3382418997238 
7.9624592058049 -2.0116355437833 
10.438810068084 -4.3807405861571 
6.7109663697803 -3.834895786678 
5.7750232945667 -2.6483812082559 
7.7377697666583 -2.1873765685643 
9.1682912306644 -3.0925983617866 
8.4343440018248 -2.9651008361684 
13.511168731599 -2.6138317357119 
6.804416880056 -3.6139669175516 
21.672237410427 -2.5568385735499 
7.5495070283527 -4.0506420640029 
13.737423599968 -3.9323548855322 
9.1998245931273 -2.4766540324815 
5.9364072422059 -3.3898869398617 
8.9651650957636 -4.3014485160197 
13.888329760577 -2.965863707942 
11.559175726398 -2.3458882132401 
6.6603417612841 -2.3972137541565 
7.3412877077639 -2.0898592736658 
8.4916805906573 -2.589655440051 
5.8127692224187 -3.9532943573039 
21.713995913194 -3.2459087927075 
5.3183154502663 -3.5426810839656 
8.9638046606502 -3.047998557501 
6.9732434378159 -2.392273581619 
8.6350727355384 -1.9479954736628 
8.0680314549266 -3.0329440394939 
6.1757845762414 -4.002154815377 
21.812640015845 -3.8694000111308 
7.035106066133 -2.5771445263691 
5.8648643167801 -2.8584351809758 
5.5744535854053 -2.0909500492459 
6.5866597892494 -3.8382589362593 
8.723393890295 -3.7264169806015 
11.849837730868 -3.8833211902082 
9.2891818798541 -3.3218917067733 
10.655896206381 -3.0640943562539 
7.8362342450811 -2.807029911749 
11.145084059196 -2.6001252618432 
13.324226049532 -3.9101851641151 
10.491166524315 -3.0435992251524 
9.1075019831635 -2.6276076229992 
16.020719003551 -2.2585185884883 
5.8172501792774 -3.0496986317101 
5.3534373838232 -4.060451154863 
6.6336224135255 -2.6664282720724 
7.5667309346113 -3.0807763455756 
5.5094016267936 -3.2386190387279 
7.7965917486488 -2.6219515078712 
13.12845676662 -3.0985512857223 
5.6992737318554 -3.9062183043356 
7.6109921085434 -4.094083482166 
8.7228574593284 -2.501144098109 
9.3722670892593 -3.6924817540552 
7.0447093319089 -2.3134889170205 
10.059862034497 -4.0044018141249 
10.700674496616 -3.5321526185325 
8.9666309197966 -2.4380309886925 
8.2858605843462 -3.4702010505557 
6.351718052999 -2.9282091683468 
7.7061074541392 -3.4714353619523 
15.935569570875 -3.3920770080329 
6.5763005078956 -3.0328189731687 
6.2540089808975 -2.0286436328687 
6.1439378154768 -2.2805767508167 
6.9596713528014 -3.7527985274754 
9.7952349946436 -3.492684151044 
8.8480519001533 -3.6229272889609 
6.9747148461459 -4.1427983230598 
9.637320633008 -2.4146981708075 
7.3037521905808 -4.3916409637404 
6.3589751324781 -2.1857468948261 
9.7055291737741 -3.1027699453924 
11.860325763808 -3.5190099488962 
9.104079779013 -1.975362074151 
11.975624719843 -3.5491180343388 
7.1874289303522 -3.8712129424404 
6.6357739055559 -2.2661667584198 
8.0669605093095 -3.7676989097702 
11.187706088958 -3.9891124276345 
6.1854309470688 -2.162395563414 
9.7299071187654 -3.0247264253777 
17.248034021975 -2.2322438096079 
8.0163387857363 -2.2336692074802 
5.7254667041119 -4.2563407021662 
11.205715941666 -2.0647709717952 
8.3261633504647 -4.16981100099 
7.892371463253 -3.0304807076206 
7.3571560774141 -2.1304890981895 
5.4674195467497 -2.2102305467154 
11.647572212713 -2.5357079901659 
5.6146748436537 -3.5575760357028 
6.3812296470277 -3.9194710371917 
7.3210724421624 -2.7283834171417 
11.839527758786 -4.1950695250343 
8.4201172458779 -2.2893294266683 
7.843584905825 -3.8880671779371 
5.6542958810847 -3.0151109473988 
5.96449651326 -4.1415283923322 
6.0397180903674 -3.6740372791867 
11.216123391474 -4.0255755838421 
13.370567779284 -2.5037008974355 
8.6049593419931 -3.2231168733682 
8.7107285462376 -2.1163137503217 
6.5305120759606 -3.1856445710559 
5.7476182108779 -3.1692965296938 
11.309360207642 -2.0378511196631 
5.6613186191966 -2.056997182935 
7.9607761568925 -3.4959671349438 
10.565991177909 -2.7518149508722 
7.4845817799012 -1.9576169706662 
8.4127503518768 -2.3773739544967 
11.275741007734 -2.8090782287365 
6.9685721377162 -2.6657904764379 
7.8694361925713 -2.302060970305 
11.865895641515 -2.1703469413265 
21.519104409921 -2.2229524604681 
10.291308043738 -1.9827554962765 
21.386771734519 -2.4494081632751 
6.3858519150698 -3.8124736397872 
7.0445973237054 -1.943747234823 
7.3455661405291 -3.1231329605654 
10.391305300544 -3.0553459335927 
15.514715900452 -2.8080978945587 
8.5428048300363 -2.8827346872556 
7.2929362905404 -2.6456052637487 
6.4627162253331 -2.2840799081125 
10.419701605361 -4.1746827433458 
18.0239694052 -3.0841034213298 
6.4329563054722 -2.034196200281 
17.341311656724 -2.0649544171853 
6.277492963561 -3.3433430496714 
8.5438440539378 -2.3249946448449 
6.7861533667453 -2.3418499703569 
9.2533408729171 -4.1247329178796 
11.032602909832 -3.4630471648779 
17.304363496599 -3.671621161475 
8.0067886749871 -2.5141219708794 
8.0788801641711 -4.1969879127465 
6.3397151289039 -2.2368756799343 
7.7760976473862 -2.4163066523262 
11.19748675286 -2.7651656456646 
7.7207264500979 -2.6406283257189 
5.7248415070324 -2.1243846260308 
13.062861782511 -3.8599338913539 
11.477807179054 -3.5814042375984 
6.4040309520603 -1.9360329488639 
6.4546433533114 -1.9752330843396 
7.3011008098704 -3.3819375961947 
15.653352842853 -3.8439223183289 
8.0044927997286 -2.775069754077 
5.6545105612688 -3.937022045827 
9.0941486355447 -3.6728094683721 
16.272065154369 -2.9996637090723 
5.8224932073313 -2.2046758662014 
7.9876044534877 -2.6789017714822 
8.498110071409 -2.5739318975879 
7.8731258896809 -2.465936460174 
7.4706865112289 -3.8123895514356 
5.6867211414083 -2.3837868782158 
6.0432302902712 -2.262116481183 
11.674907812358 -3.9071526105313 
7.0236193013877 -4.3685418099948 
7.7808251337504 -2.2467487849313 
7.7722893016328 -2.2267722651112 
10.379786509951 -2.7011966974817 
7.9368334135835 -4.0484698129141 
6.1594512709736 -3.7465843312834 
7.125533628123 -3.938577835711 
8.2611155038768 -2.1362826672858 
7.2591161711147 -2.7206450532664 
8.4845688554251 -4.3611655380507 
10.808615625842 -4.2043861009214 
7.7437491617719 -2.0484685375015 
6.6615911166987 -2.0072967014228 
5.8907383656154 -2.9633410667499 
7.4139005733423 -2.3476614576984 
8.0117279659152 -3.4871768266145 
9.4891644870487 -2.3528727740413 
11.521312573221 -2.2443333706632 
8.0862183404867 -2.2398325123883 
25.710862457059 -3.8372956994431 
6.2745522866685 -3.4615777800815 
7.4715114987619 -3.2843885232554 
11.532667176363 -4.2464529762002 
15.869506719248 -3.9988474948577 
8.0386100407479 -4.0959500271898 
13.007958455271 -4.2038714718961 
6.4181383689974 -2.9543285622686 
6.4742969251646 -2.1645688656343 
14.410580856959 -3.0776560049113 
9.0320472631617 -3.6034136608402 
5.9170386067821 -3.1252342017025 
9.7017682230762 -3.5124725738968 
6.7564566964188 -2.2801113069178 
5.6425336827747 -3.8256403264557 
12.239531428353 -3.7010901762119 
12.453470356611 -3.3949781549832 
9.1128542784561 -2.7570943562857 
8.7342374424087 -2.3729849124887 
12.105059747439 -2.1606493602553 
6.4999008218554 -2.4846409444299 
8.4481064340555 -3.9244802253091 
17.526361426026 -3.3827935367049 
14.173086709202 -3.9562287374719 
10.464814431756 -3.3267140134042 
11.746012304667 -3.4206959582684 
14.220011414565 -3.478655399189 
6.9305708852486 -4.0504809010656 
8.3325180456745 -3.9075158615127 
9.3132909090842 -2.3528057793346 
9.6340285786318 -4.2434534683212 
13.885232732167 -3.6801544836574 
6.36441937666 -4.2008893277057 
7.5041084307719 -2.7220366361751 
7.1263843089945 -2.7747896430095 
13.669695363773 -4.1873485398625 
7.0738148500098 -2.5614256253811 
8.0404793287272 -2.7824623341062 
12.853428637578 -2.5034726867166 
18.299982194823 -2.2525667419634 
8.7252117257765 -2.8307339427327 
10.03071959531 -3.3260740813135 
5.5868811967148 -4.1356225455308 
17.970107006051 -3.3253131435915 
12.587838778117 -3.7655606969285 
10.772437187025 -4.2784499355103 
6.4818357688346 -3.6253541997044 
9.3253908288842 -3.8818906826856 
6.8527529793165 -3.54518665082 
6.0324359886824 -2.0550617854231 
8.3893649101494 -4.3626628570423 
18.414638899524 -2.2132251929024 
6.1810516143264 -3.2730141467927 
6.8682593700706 -3.4916982850234 
8.5942767321042 -3.3545125319996 
9.6916417877899 -3.5640781773229 
10.604147300632 -2.9079878751102 
9.9393494287698 -2.0767765232792 
5.5675810877386 -2.5679887109386 
6.2679564704809 -2.3954041396047 
10.481322742711 -1.9484417119371 
11.288610554947 -2.8133308889413 
8.3348495383973 -4.2853260802263 
10.611854254375 -2.6731145164627 
5.5896167869696 -3.86040948795 
9.6796934307099 -2.5503309863296 
5.532865442727 -3.9653051357752 
7.9768764922205 -4.0669218550928 
13.363588784023 -2.3070407786356 
8.8721506378109 -2.0545851934034 
6.6106746819277 -2.5924227101998 
13.301727010446 -3.7282326288012 
5.539959030564 -2.0360568543136 
8.7274705696523 -2.3657163579162 
15.349826802032 -3.0618795658663 
5.5643951245937 -2.1904280191529 
10.8576980576 -3.7677512157795 
18.743568294009 -3.9454716169808 
18.400292927975 -4.1978744791239 
11.248171969492 -3.220037493446 
6.7282531366853 -3.5220780169181 
11.270420041004 -3.6490975921614 
10.065330920614 -2.616803193846 
7.2971622750321 -2.4016174328064 
8.5035885997066 -1.9902499702411 
10.243720534285 -2.2476665960573 
15.06461648238 -2.9423715851071 
7.2369519173787 -2.3273590132324 
11.340785329308 -2.9766007232392 
6.2958162343376 -2.5879970817193 
5.5804174961383 -2.2294258628984 
8.5329506668588 -2.4305001229284 
20.775315299007 -2.2650980787688 
5.9960920652211 -3.4399254680804 
12.045085421868 -2.2326586816748 
7.1113756190066 -3.0023560158063 
6.6017299758637 -2.874547372956 
16.931475402386 -4.2053579822215 
8.7386431078245 -2.3583630217717 
5.8614336710229 -4.2746441579305 
8.5511546448758 -4.3396783947682 
14.27580998607 -3.1619278382728 
7.9580549651771 -3.7047016065332 
8.2315924874254 -2.745211710065 
10.853076207931 -2.5513710313311 
10.16609233392 -3.4194166213408 
7.3480506604394 -2.8330162699945 
7.1463466731767 -2.5729848279966 
20.188693414017 -2.2441281393731 
15.120632953182 -4.1896797705862 
8.3233510454673 -1.9555294596679 
11.984891938028 -3.5661441099748 
5.4186004382758 -3.6952512063954 
7.017775221943 -2.893798392951 
20.04997953555 -3.9335864282941 
8.4912755105443 -3.0903237389177 
13.346853444325 -3.9774163467696 
8.5204326687401 -3.462717694738 
7.0629789502376 -3.0916374804443 
7.7702369636439 -3.7924837470988 
6.055541408395 -2.7300108699508 
6.4881356739791 -3.6185093723925 
7.4385831161708 -4.0181238587413 
7.4853309535136 -2.801904106899 
9.8105930223869 -3.3361493463507 
5.9605948562198 -2.7378295268105 
12.330949919551 -2.1035252960206 
10.787754961257 -3.0073144954893 
7.442553284874 -2.6252992311665 
6.9089212717045 -2.8520325160663 
13.721800882437 -3.4878591768032 
6.8330444734521 -3.5434939647102 
6.3490061357408 -4.252493530733 
5.3774247021862 -3.1369586035415 
7.337376698496 -3.1669186619825 
5.8386349488636 -4.149818988642 
6.5144174417821 -4.1505987085231 
8.7762339385939 -3.3103658153906 
9.1725221913039 -2.1093862508234 
7.5915370757508 -3.039447124615 
9.4378847044022 -2.2693994032349 
6.4425319538188 -2.780027994007 
11.274491274286 -2.0092917994578 
6.2211653116261 -3.5873894964042 
5.8194837863455 -3.7412001276789 
10.358027087904 -3.655355753533 
12.714149087076 -3.9686503049613 
5.4838381096378 -3.5528303091853 
13.094746441776 -2.7833412281711 
5.986410993301 -3.0415003550046 
10.848892287086 -2.5726323523151 
8.597621794308 -3.2375204903434 
10.283354630667 -2.3099574434133 
13.59334328961 -2.5976624641677 
12.878409430994 -2.7148809732676 
8.1270317191644 -2.3376453345474 
8.3657672545878 -2.9473128926172 
7.6097446886003 -2.7384969023731 
6.1906398762422 -2.4269306756371 
5.4791600849402 -2.0262063975536 
5.632865533551 -1.9707957114291 
20.336990481501 -3.5275816621282 
8.7999091872168 -3.1063730449661 
5.4246320263843 -3.5561647103964 
6.569871836948 -2.4328320048483 
13.367414359064 -2.0283548978206 
6.3999483432704 -3.3531647728297 
6.2134729992965 -2.7934464084218 
5.7045623194808 -3.928194266156 
16.724837867999 -2.3908113194562 
13.23591253034 -4.191474611473 
22.631641849638 -3.6133905271922 
9.9509791963867 -2.1412331651033 
9.6773759756203 -2.3440098334395 
6.3983265593988 -2.5207357099084 
5.7168727560326 -3.477792555617 
12.998097174717 -4.3527952501676 
9.202961394198 -2.8176212724086 
13.070200633425 -3.4987524571852 
5.9480049362996 -4.2960049368517 
7.167301480556 -2.6426203153299 
7.6990724023592 -3.0044533913544 
5.4934601504126 -4.140394862707 
11.192913269707 -4.3162177730501 
6.2665948147971 -4.0931683845506 
6.6565511974607 -2.9596052146552 
10.631203352552 -4.2039501177406 
6.3736339009534 -4.2057428693951 
6.6545908696551 -3.6666053936088 
9.8159295585947 -2.121054012903 
10.827769948114 -3.7612835454601 
8.8501075476975 -3.9242023437872 
21.549608058994 -3.6365508756629 
6.7494179475336 -4.0002876072741 
20.785517247055 -3.5928508488644 
9.1597197563685 -2.2637489956958 
13.657036101244 -4.1737238837819 
16.049524345747 -3.3713341546713 
8.53567867528 -2.130264616263 
13.597189528713 -2.2087261327787 
18.680356365866 -2.9976262990111 
7.8249989402518 -3.0089559231225 
18.166183951925 -1.975074436399 
5.8626307537244 -3.0258302266906 
15.544776294479 -2.1921742712917 
6.2280233210063 -2.760843091731 
8.051235402269 -2.9988601203519 
5.9022983259275 -2.3944431415693 
9.5501587853524 -3.11486591781 
16.846088018124 -2.0215475989195 
12.720300770495 -3.4739368840039 
6.7824608236622 -4.0280376639561 
19.612322516054 -2.3427783867472 
7.016519245709 -3.9166572079202 
14.817013162365 -2.1675764622164 
5.3912808520119 -2.3974207921704 
12.435121302191 -3.5163909562101 
7.5593565846588 -2.4326185693918 
10.3395569041 -3.3995976299192 
13.820572418349 -2.216749814607 
6.691239651558 -4.3350805332161 
10.042300969613 -2.0259998293162 
22.803633410498 -2.3608844340438 
16.147701483807 -3.6673950982558 
6.7157511419644 -2.9381737590664 
8.2504969747335 -2.0636418691096 
17.287858378383 -3.8247326895512 
13.31785405247 -3.828956492834 
7.5193132820598 -4.2478990577293 
6.1872029034774 -3.3257468867282 
11.451894547622 -3.7717024893698 
7.6600807775571 -4.1522783105244 
13.989776539464 -2.6930763526836 
18.320588693549 -2.2201809918197 
11.707116356516 -2.7948081139588 
9.1993565053499 -2.0001787854174 
11.324803313135 -3.8506055928535 
10.009928321154 -3.48634320675 
6.2473872066056 -2.2178081372808 
8.6028645687645 -2.8017442009294 
15.817955402541 -3.1744059814639 
8.093825407008 -2.3229899854694 
9.0852447084181 -4.0448916964547 
12.1088343439 -2.8965802737315 
8.7417305387337 -3.5778955041365 
7.460889954568 -4.3105107426984 
5.887416778428 -3.9821230753015 
13.045837327297 -2.3160142651608 
20.222691961737 -2.1605813306933 
8.1636415244596 -3.6914633394616 
9.8104453000472 -2.3517247796513 
6.0793528222608 -3.1697587842128 
8.0584995539342 -2.1119943552079 
22.920131728235 -1.9767737266451 
13.708011272524 -2.4903665280292 
10.791678217974 -2.9936513972146 
5.9704487416338 -1.9517587541383 
7.1918950232431 -2.2983028271293 
9.4321157642275 -3.6743810649059 
15.448935736418 -4.0877271843547 
18.798707115246 -3.1017016407474 
8.0790860437988 -4.1565602742517 
14.457783743456 -4.0345019613744 
8.0414890746057 -2.2306359683791 
9.9669920029679 -3.3082542047838 
21.892668347883 -3.1971377986999 
8.9593338781483 -4.2756602765627 
13.47203378718 -3.0100402129126 
5.9139438975802 -3.288369020874 
11.695377102137 -2.0193885650098 
12.352433541128 -2.707833145487 
5.9513735679034 -2.5525351683649 
10.827407093466 -2.0985714432075 
25.539397969336 -2.7994536652076 
7.1166948694746 -4.0129505796064 
16.328021014229 -3.0903005938371 
9.2276926863912 -3.5089770657804 
8.1530115840695 -2.7033749798077 
6.9261473473552 -3.470342296466 
8.9195675756858 -3.2592241678444 
5.7918205284987 -3.6123207144499 
5.3186323756842 -2.1121923063657 
7.4561303119494 -3.9510637037069 
14.39691244932 -2.4904641746251 
14.721459173833 -3.5709681383667 
14.719357998539 -3.2883056262822 
9.3931390284202 -2.0730105307454 
9.261926082447 -2.5897356492008 
12.928731833543 -3.9241094919765 
9.1095286379555 -2.3747172922678 
8.2907780813674 -3.7255905956478 
13.434167804321 -3.8059181835767 
10.531813913517 -2.1883051553335 
7.3695964243277 -2.5977376105053 
8.6928964656608 -3.6985346440265 
10.600479026059 -3.3693367545204 
7.5576499333076 -2.9253902754505 
10.12354517718 -3.9849528016461 
11.817187490388 -2.0417450720441 
5.9402136279167 -2.6570618520722 
9.7709925272978 -3.9525428433531 
9.7831069271515 -3.2704889803048 
5.8484512961354 -2.8846324708336 
6.969508197442 -3.3293260740865 
8.4190690015466 -2.6525902241864 
17.10753253445 -4.4002856446116 
10.755739258605 -2.6028851228354 
7.5354332561216 -3.6895901966927 
5.4146264811526 -2.1061740864114 
17.234695733613 -2.4115749249807 
7.8994281627232 -2.0193412669364 
8.1924257677222 -2.9054453306871 
9.642782606278 -2.4344396755934 
5.5488094094451 -3.273168808879 
7.5127723812481 -2.1806551146762 
11.785742116377 -4.2937824287901 
8.5732037816489 -3.9401014741187 
8.894834215413 -2.0686629669829 
5.3812523794823 -4.2259480673541 
8.7115349393451 -1.9874086848701 
7.5890411389368 -3.0848457056172 
7.9989538138976 -2.4898484829643 
9.2112948010738 -2.7027901147675 
7.5474162951134 -2.0855251574931 
13.298387087843 -4.3572502866012 
12.26958292074 -3.5027298334175 
18.354264242094 -2.6440664775183 
5.9990344581952 -2.4923109780354 
8.7447356558169 -3.6083885439865 
7.4444022407182 -2.9026446338432 
5.6736025066692 -3.4415544070861 
7.6747506575489 -2.0324984370682 
5.3077151394574 -3.8078824321746 
6.079717564163 -2.8512365170729 
6.1730200527589 -4.0974442631545 
11.031227691923 -2.5207328086336 
9.4820145248186 -3.7959613676447 
12.165894586476 -3.0685726918554 
8.5321072495758 -2.3788665364714 
10.899549366429 -2.638221340625 
5.8542670295838 -3.7127188952001 
11.479245015288 -3.182422282264 
11.834747581318 -3.0917163527969 
12.85285365886 -3.2405038586239 
5.4065961632051 -3.292571891236 
6.5557090048642 -3.8846025044383 
11.563242946713 -2.3773979206839 
7.0749134738962 -3.0661794244643 
14.100507626463 -3.3014611100436 
18.036666772965 -2.3860421674285 
7.5276193879166 -1.9614815842429 
7.7620374974019 -3.0586276382273 
7.7938637093065 -4.2393564726354 
10.391691348008 -2.8140955982577 
9.6909463578009 -3.3554340638336 
9.9745117072346 -3.0048085959939 
9.0409979678599 -4.1669457848603 
11.870186327904 -3.2133041878588 
8.9036881569264 -2.9974464148295 
7.1245741305358 -3.6360008442906 
5.3775547462077 -3.1524460111195 
20.778580507607 -1.9429129790624 
8.0914287613029 -3.2358988370775 
9.9137283719509 -4.2733012025526 
10.480542946838 -1.9333570023462 
18.790284911357 -2.2081201788963 
18.398258679869 -3.2344471478567 
10.188630723933 -2.89746242782 
13.930665694143 -2.4860513621924 
5.8190050928707 -2.3075302536166 
6.4291395344988 -2.2230078402397 
5.9435522323901 -2.6929233361076 
13.59471704795 -4.2106880590519 
6.9085122570722 -3.8315939356475 
10.698966221721 -3.6752325097285 
5.4421278480777 -2.7746505708314 
6.869676549866 -2.0709643318526 
16.388699862298 -2.9194656638918 
11.984757373351 -2.0823431453137 
8.2384183751072 -4.0674798137749 
9.6832981729309 -2.3240012010368 
6.8879919171577 -2.0122862874601 
6.9756722517001 -3.1365999435464 
12.312377530804 -3.3771181457782 
9.2664887739075 -3.7130917009227 
7.7990642787725 -3.4155655299902 
7.3626032833264 -2.6448207022679 
9.4937828182995 -2.6712766953376 
6.4132507731802 -2.2819039887833 
6.132939022082 -2.4548721560998 
9.6182818065989 -2.9680252643615 
8.0077701609351 -3.8727083092447 
11.798240066482 -3.286264739548 
8.0462101072213 -4.1967379265058 
5.9693882742905 -3.951794394481 
9.9024409306045 -3.7068386400475 
5.6376970923042 -4.0817174976195 
11.584757405325 -4.31546989281 
5.6377013117957 -3.2179929635391 
10.755933138623 -2.0291968695333 
20.860382075145 -2.4394394121202 
19.425714041881 -3.5829057501223 
5.9693326093465 -2.3064089923072 
11.08384284123 -2.3803876638861 
6.8650290283789 -3.5952149593017 
9.0084329502477 -2.6041733878904 
13.935124004216 -2.2462706881762 
5.698899703324 -2.8503569087382 
7.3040582878383 -3.2447292866044 
8.2092402728462 -4.351143742216 
11.423137559013 -3.1962795271795 
9.8485969389504 -2.0037238987567 
15.783786277305 -2.1844050923646 
9.6278509709077 -3.4254759989027 
5.7163289453159 -2.6754652349958 
11.291265775741 -2.9631764789964 
17.150194436957 -2.6558050919275 
7.4295555546947 -4.0692302430176 
5.3599016544118 -2.010965084333 
6.7801720023193 -2.5617268186539 
9.4064168691794 -3.8138602856233 
12.437271673457 -4.1709579573881 
11.352968524883 -1.9421952303427 
6.4326056986082 -3.9851864605505 
10.46519820919 -4.0872238644469 
5.9451598149324 -2.2645696249517 
6.0478141717253 -3.1127074640286 
25.415576614729 -2.3884512163301 
7.9602905394851 -3.9323454552156 
8.2224779341416 -3.9559540400172 
8.8307532199782 -2.9728834700498 
7.7938270721525 -3.4893846625264 
12.33887657037 -3.0884627283776 
6.042922477217 -2.2266767708642 
9.5101668309376 -2.2968570917736 
6.714173877013 -2.2150027474205 
16.027695417111 -2.8209568541458 
10.054059316955 -3.3850312370387 
12.421799239499 -2.6394924120497 
20.391847607699 -2.6647530827156 
6.1673295221039 -3.91372831076 
5.6414798070889 -2.7834979135377 
9.6649401730846 -3.1632551117734 
13.746093095455 -2.9414255974235 
10.737240449894 -3.2908620339242 
12.436910415199 -3.2615261227772 
10.961105883689 -4.0353792119291 
7.8448147613803 -4.2259684310893 
12.1860288932 -4.0623678348734 
11.194871553875 -2.5890404739743 
11.756210245823 -4.2581313608039 
6.4742098205943 -3.0141170307821 
5.9164847105245 -3.5560144655949 
12.306261006317 -2.2420158697377 
8.2767014850165 -4.0424339442295 
7.1270087978365 -2.0139224882196 
10.291430304933 -2.5428290475776 
13.945065716928 -2.6264397878023 
7.7078266616254 -4.1317418859864 
9.4322909692852 -1.9492720656069 
7.1013185137447 -3.1777561645783 
6.1572174111556 -4.303640317271 
6.8137416568572 -3.0357671875454 
11.00857028496 -4.2343328386154 
5.489465771262 -2.1436878018689 
6.835824274487 -3.0714225794346 
9.871615556872 -2.4437001875909 
11.159884562688 -3.70206271305 
17.535204909093 -2.6952930704478 
9.7086963938721 -2.9545770606541 
14.343298265589 -1.935632123472 
17.907690662761 -3.2177070281893 
7.8261600719344 -2.5358919745787 
6.6607659922839 -3.5805352665264 
6.5428039850878 -3.8185794156635 
8.9356227004383 -2.4131041754862 
10.215624505686 -3.6817869254127 
11.531591119893 -3.136896244626 
10.213401240882 -3.9270768695388 
6.3299255196295 -2.2929613108007 
9.6099002984753 -3.243284336689 
6.8641355523029 -3.6101935542176 
6.1198754589223 -4.2464402609283 
12.062118554049 -3.1034376152024 
10.935983078095 -3.9649530376922 
12.69100009257 -2.6506888571174 
10.471178906308 -3.628949430977 
11.084017166275 -3.9971974186016 
7.4624719855295 -2.7254613863813 
16.245049044966 -2.4847806558971 
5.4457089070614 -3.4887726974945 
6.4975709527165 -4.2477707258982 
11.766527869122 -3.2415101628009 
16.929825654062 -2.3796556011348 
5.4564764151701 -3.7946704364488 
17.8228491534 -3.2428716640029 
7.2981120660601 -4.0387266610486 
7.8002324685072 -3.8979242355072 
8.6446718428532 -3.3017548725761 
5.5229646398318 -3.4168284145084 
5.3170997704053 -2.8148686303725 
9.4396502537091 -2.8894679612001 
8.4696906855045 -4.2432939898508 
5.6536969019142 -3.7845568840021 
10.340999820146 -2.5543679014222 
5.7517431056459 -2.0194620246047 
5.5924758715992 -2.8416010362731 
7.4735888818608 -2.2862942052179 
10.568798303018 -4.1580711970946 
6.7142472139987 -3.5431432711105 
9.512328737245 -3.0160151885285 
9.7495766147406 -2.4005374188447 
9.6956194416593 -4.1158061853301 
6.438651002956 -2.9307981301764 
13.037825731566 -3.7034785688877 
7.9796699007632 -3.8049955031291 
12.74079672952 -2.5819638056335 
18.743212614362 -2.4507826455294 
5.4810006394009 -2.8858501874403 
6.611461153723 -2.1444014639285 
15.248331363338 -3.0779692024845 
7.3046331924869 -3.8793537048109 
9.5592806276924 -3.2951793321412 
8.2267868666509 -2.0335490524078 
7.7950490889422 -3.5172291513891 
6.8869688414421 -2.9814909512585 
5.4874943760675 -3.3952163124971 
7.252548488865 -1.9505973651532 
11.689826054701 -2.4976988341217 
23.003147548191 -3.1744197366278 
15.512647097689 -2.0130889495014 
9.4969321770569 -3.2142411553387 
6.6484659895233 -2.8277419450063 
12.749201865819 -3.3769126476476 
8.6585436336933 -3.4928798916337 
13.655532564317 -3.8488694673039 
7.6685214778116 -3.4766806194278 
5.9465077844929 -2.1588414582844 
9.9090610767805 -2.5130200005458 
14.575303951031 -2.0227034500869 
10.502347039032 -2.0810606066872 
5.809707603034 -3.7828431441139 
11.128718541378 -2.7184988603011 
13.970102271441 -2.3396759262123 
8.9989608077411 -1.977791473171 
7.3567002508781 -3.5062448809263 
5.4976973647698 -4.1456620328937 
6.8136084284046 -2.076538491096 
12.046566486146 -4.1870901804721 
6.2481215685744 -2.9816548934154 
5.3616499209985 -3.7699454277497 
6.0940692652212 -3.6662816054075 
6.0194932693648 -2.8142508106743 
12.881046611584 -3.9372550616443 
9.2025422680598 -3.077867449262 
15.18376367913 -4.3358925496121 
11.452609338509 -2.6634654398993 
16.295173871237 -3.9587972114993 
10.634600595139 -3.7781755569739 
7.7709385973952 -3.2675954157365 
9.4256261964552 -4.2559684052923 
6.3990974596873 -3.3939930133506 
11.545484485645 -2.5043980757325 
6.6039904314018 -2.9592314549477 
8.8210846725762 -2.0278647205563 
19.745208903276 -3.9528774328605 
9.035077432785 -3.6975842018957 
7.3616683349156 -2.7830986131777 
18.403400830734 -2.8640162812514 
6.3381671227426 -1.9511263404096 
10.187803823526 -4.3787755286449 
8.7971700187111 -3.9322200511792 
5.3481403179772 -4.3694576613673 
7.0195743597602 -4.3713962372064 
10.494912274134 -2.1412076713034 
7.0999709294893 -2.1944146481646 
5.3737308485267 -4.2749334104123 
11.894601006256 -3.9976894256762 
7.7475304951625 -2.9276569728983 
16.530528208832 -3.3335966001627 
22.481321732199 -3.0689774092426 
7.2689632900238 -3.452531293902 
17.165500245237 -3.6693679599243 
7.9663928898479 -3.2059748205275 
16.392705790489 -3.8586338027191 
5.8651139931543 -3.2227980494295 
16.474713193378 -4.1229861162314 
10.0035235038 -4.2817580250668 
6.4147275083661 -3.0440615126253 
21.508608237311 -3.7280456890993 
