-7.561668294025 5.0413165317145 
-8.3609492129173 6.8424009721327 
-8.5400531928222 7.0265484307953 
-7.6019454592368 5.2150479762345 
-7.4679752010698 6.5429024896923 
-6.5236787875454 5.2307996686756 
-6.0334693754397 5.8889437229249 
-6.8272981777197 4.4287211827624 
-8.1706498877184 6.9812337326488 
-6.1420914754757 5.1198767645938 
-8.4678398322314 5.6779533681623 
-6.8168355343983 6.1670103259208 
-8.4053442938863 5.0768784202242 
-6.1478282575437 4.4215645578203 
-7.7642341721699 5.073040042853 
-6.2907349086634 5.4946846951848 
-5.9393125657066 5.8202361296993 
-6.547465486192 5.5643331941777 
-8.4554164600046 6.0479536862922 
-8.779120745373 6.7236502749483 
-6.8005822971389 5.9522604327381 
-8.2200768607061 4.4115836147606 
-8.4200110287869 4.9501780091191 
-8.555513335067 4.4908057345369 
-7.6617725753081 6.0265014874535 
-7.573594758832 5.9910814357592 
-7.6156937817764 5.6239416682373 
-7.8422300550143 6.2350227069502 
-9.0729777265524 6.1213163569956 
-6.1461229766049 4.6837597463788 
-7.364760130078 4.6496781515347 
-6.3846361431882 5.5927442133922 
-7.3738808827578 6.1496453128416 
-7.2410363608768 6.8474820372805 
-7.4045249305306 6.1399631309919 
-6.9807631920207 5.3306023399278 
-7.7508716933941 4.6019257316502 
-7.4913084961609 6.0636148218228 
-7.9609171910052 5.4797623884862 
-6.129422371992 4.8988011549959 
-7.462115240766 5.1136950841625 
-8.1117698092964 5.9906254641494 
-8.3409798209205 4.5983766055253 
-7.3347210001585 7.0191977700813 
-8.6143892386817 4.4147168644283 
-6.9731139823795 5.8488659265274 
-7.6230060563641 5.2092373490297 
-7.1225565163383 5.4805403634282 
-6.6729808960791 6.0327529532737 
-8.2752556632376 5.0213686660963 
-6.857809165849 5.3147984176794 
-7.468468151239 5.8146629550985 
-7.0922687556692 6.1053635226225 
-6.63382246921 5.0809694600044 
-7.5805910098028 4.6441054036642 
-6.1100572544109 5.4220451663259 
-6.2142343190773 5.6410216741605 
-7.1987235107973 4.4301723193002 
-6.7334431383297 5.1366760453379 
-8.5426101792847 4.9826166367003 
-8.9045546562419 5.0867680476132 
-7.1908706558275 5.1664964737816 
-7.9260122413866 6.5337616317385 
-7.3813598811152 4.4190428911374 
-7.1034770577523 6.9654678449652 
-8.4565446150879 4.7348921092607 
-6.5507132870744 5.3373663025008 
-6.5248624360776 5.8852060526428 
-8.9770640067865 6.2954538762718 
-6.0867633856455 4.5599563955881 
-6.457987695663 5.1205153154016 
-7.1702572074474 4.739854804457 
-7.8375667649482 6.1716240500065 
-6.9397739010739 5.2700862201058 
-8.5165222070409 5.0392505468124 
-7.1341182083664 5.1923356232585 
-8.8313394798754 6.8478314424095 
-6.6604552453798 5.0136603192899 
-5.8975947930836 5.4832401668045 
-7.5076778237751 6.7219294998978 
-7.4940767909378 5.0067824346767 
-8.6639747414398 6.5711608275563 
-7.7270612473027 5.2630727400887 
-5.9882544985511 7.0008238413511 
-8.4315898003465 5.1789736471904 
-7.163739733646 6.291915342539 
-6.1705141153459 5.383546306774 
-8.7459299858846 4.9731509405909 
-7.4477568462072 5.2737583147631 
-5.9839086224717 4.6442023091339 
-6.876489512002 5.914208105034 
-6.2046391118246 5.8581757433306 
-7.7094127598138 4.638397308342 
-6.6584505163911 6.0535073577851 
-8.5706100796711 5.8665263950264 
-8.5269616721342 6.4068466328023 
-8.3430576276027 6.3373528478521 
-7.8659825245884 5.0277699893819 
-7.1727983265534 5.8215281416685 
-6.8149431814108 6.0808354728911 
-6.9137710035823 5.0152232273143 
-6.9717230369828 5.9588824435903 
-7.4612432862878 4.4687469871884 
-7.1946943940785 6.5072851109991 
-6.5437690766976 6.2762194655202 
-6.8429862399771 5.9997569266027 
-8.6576421413512 6.153754867042 
-6.8971613069223 4.9908499147189 
-7.3177683556085 6.2955429100562 
-6.4224157173977 5.0356468933976 
-8.4780056561488 4.5645975521506 
-7.7534772412039 5.1732932602673 
-8.485186601879 4.428610398312 
-8.4812282858247 5.1600338800312 
-6.0554398463549 5.8024543578767 
-5.9580107934395 5.1918309646611 
-7.9960645314664 5.1905907138056 
-8.8115590600984 4.4354235176268 
-6.2730486593193 5.1353829273332 
-5.9277327070964 6.1615015063368 
-8.8991154305109 4.4699779636719 
-7.0991444673693 6.0417743974476 
-7.0886993755776 5.4412656094238 
-8.0365391664274 6.8456005799892 
-5.9644442163304 5.1807790006577 
-7.2247114013423 5.6051396717806 
-6.326147647245 4.4281639561735 
-7.9168691954544 5.7995479994277 
-6.3553708742447 5.3355345950714 
-6.2617981399868 5.7251778713614 
-5.9378149006985 4.9951312030091 
-9.0269693477533 4.5303365121256 
-8.1769742150546 5.707796819215 
-5.9441605086923 5.3236790762715 
-6.3764350765209 5.4323141578755 
-8.4768448267243 5.5770041735499 
-7.2751842332022 5.2035306784168 
-7.7413442938788 5.5733530418002 
-7.6104701309813 5.3334560278578 
-6.0977997282484 4.5707669189103 
-6.4188254485774 5.0657450183172 
-9.0009096061122 6.9634524879244 
-7.0661569726199 5.6942647227629 
-6.180396069265 5.0782223263575 
-6.5115735820558 5.3946975389506 
-7.5767068340115 4.4519285759814 
-7.8288423091684 5.7401274280577 
-6.3458578165595 5.5562071954276 
-8.8513808803017 5.1191229441791 
-7.2350806969557 5.3887305145675 
-8.4914760349577 5.2700631347763 
-8.7649210239467 4.8356382307888 
-6.0090647744079 6.2624729184421 
-8.9284750022697 4.8981309464035 
-8.964681411137 5.2620775159139 
-5.8708599285873 4.6754061210625 
-7.5330807855735 5.2555399090481 
-7.5919691662801 6.2591013141251 
-6.7664114616883 6.5504454987326 
-6.1260619640303 4.9326057639236 
-7.3251070400665 5.5129995215497 
-6.2794823840245 5.1564749661659 
-6.9739850560646 4.9993719223637 
-7.5779328153456 4.8904113252973 
-7.715372676241 5.9947186835668 
-6.6792810093757 4.6388316214483 
-7.8226881850145 5.7527350084408 
-8.5236647526534 6.5002687637437 
-6.2545986455162 6.7772200362803 
-8.022268287071 5.6940705383392 
-6.5678488165315 5.6059415681916 
-7.068931412357 4.6956705352114 
-7.6305326534685 4.8915822469233 
-6.8115500936773 5.4251758731088 
-6.5400993576397 4.6188839205171 
-6.0603839477774 5.7370250187355 
-6.9303578988984 5.8784284454346 
-6.2903055203745 6.5201289712385 
-6.0174104856275 5.7999932060819 
-7.1996511717408 5.3570048717919 
-8.073188476131 6.4357983215973 
-6.3079569838093 5.8548949969934 
-6.8662544157239 6.2671229257127 
-7.2887067421169 6.3547681324968 
-6.3545971483768 6.7267316246651 
-8.7829831922072 4.9378684804052 
-6.1768676901065 5.642192327689 
-6.2096605304871 4.69173489911 
-6.865508008304 5.6751009142308 
-7.5528532737146 5.2865474004397 
-7.8320092350156 4.4383702508592 
-5.9949025776269 7.020579196473 
-6.1570843560291 5.6598899825975 
-6.3763040749838 6.5365369140295 
-7.1046939120639 5.7860378119805 
-7.5232037877282 5.564596283783 
-8.2770015480688 5.6659100481611 
-6.8386780934476 5.6760368047854 
-7.7504456927478 4.9205644860894 
-6.0028042937178 5.0396902285591 
-8.1006442751502 6.2671895187275 
-7.5800551041281 5.0816008089495 
-8.1234176322079 5.2720635254986 
-5.9743826500513 5.4986636760769 
-7.7986909844461 6.433013449041 
-6.2486762347367 5.0447081163333 
-7.0936339755124 6.2966609612019 
-6.2925504087512 6.0179753604167 
-6.0132518939881 5.9900554526438 
-6.231850442309 6.0605399737527 
-7.5564728489725 6.918851995213 
-8.6094692623053 5.9484498824451 
-7.6519064304071 4.9894868252272 
-8.3607022413357 6.8113867406803 
-8.7932537975704 4.745237398825 
-6.0975048045893 6.9793013022878 
-6.9620494764526 6.3620152643196 
-8.2906230732357 5.3332188771305 
-7.9455373701614 5.98096797502 
-9.1032915958607 6.7725253689516 
-6.6547746040753 5.6091369679208 
-6.2741089886759 6.2754658916503 
-6.1249170854385 5.8036729427933 
-6.1848275701655 4.551893317688 
-6.3892695807597 5.4140369898211 
-5.9791140608785 4.5307727757579 
-8.0510380525041 4.5529281780725 
-7.4115553046358 4.6548205547108 
-7.9648834107825 4.9814870241524 
-7.8942768717317 4.6855488697145 
-6.5419371049481 6.5295477246966 
-6.7233799198934 4.8079049462416 
-9.0209828093006 6.1651393877445 
-8.0618807856616 5.0564450984926 
-5.9863807719321 6.087889392731 
-7.941055763342 6.8346157228588 
-6.6959279772186 4.6440730822519 
-7.1081964127118 6.1229259594228 
-9.0590725626676 4.5946119598906 
-8.7938110625044 6.6231305427065 
-7.8829807052326 5.5934471327526 
-8.1878434836419 5.9204965259103 
-7.633377348746 4.9633984718546 
-6.2053213773235 5.6989645028169 
-6.8000638339769 6.7656891093389 
-6.7609535812156 6.6993177680491 
-7.1593683642829 4.788636397207 
-7.558040239456 6.7128872133322 
-7.225372881278 4.7232708728192 
-8.6695686630681 5.7123150505343 
-6.9342701893881 6.9376922089299 
-6.624739127174 6.6759922009847 
-8.3366421916762 4.9473335751633 
-9.0290608994451 5.2374439712478 
-9.0672013732185 5.765526352958 
-5.9337651397336 4.5688081258636 
-6.1751896752163 6.0288982955727 
-7.1725714316708 6.5396955147531 
-6.4491412439724 6.9087115413726 
-8.1996893103011 5.1782445805787 
-8.9323765297138 6.1981413704086 
-5.979484585668 5.9615930574287 
-7.5187769503511 6.5460147708616 
-7.1233986176365 5.618060145159 
-6.7514842872506 6.79788540042 
-7.4845642483227 6.513253468714 
-6.8858666921721 6.9710513404916 
-8.4920182310828 5.1408210338119 
-7.4950991756498 4.7307901635059 
-7.0639259388737 5.4078193102053 
-7.0942964417921 6.4975593801806 
-6.8165497916177 4.9235250648275 
-7.4239964681165 6.7215544845749 
-7.0396668650183 5.5875817928828 
-7.8924760161384 4.6493253597212 
-6.1059370908907 6.404460051702 
-6.216475035201 6.3840573414481 
-6.1821766496128 5.1145918389461 
-8.4006749802039 5.3359999480952 
-6.3464457035451 6.3503404711484 
-7.2270845543125 5.971961471869 
-7.4539797549615 4.7430677687287 
-7.0077865213249 5.9405577571798 
-7.6104725757999 5.0885413738136 
-6.5478311752854 6.8968608916966 
-7.3115451565451 5.7829391054956 
-6.9175846906358 6.4140381551695 
-7.2548287084928 5.401087823365 
-8.2379609171895 5.7959733427424 
-6.3002809086688 4.5660031230169 
-8.2081895341253 6.9300500166505 
-6.0879203802649 6.1781729325238 
-6.7382016543879 4.8691688258003 
-7.9680997106095 6.1934969020081 
-5.9036441173224 5.6134546507498 
-6.1047937688575 6.512875199756 
-8.7139654273059 7.0256096188785 
-7.8901534124661 4.9852096789057 
-7.0589471577472 4.7856415501623 
-9.0407274495829 5.2347129641342 
-9.0810626311496 5.6381963031535 
-8.8846827163718 5.4887512746284 
-7.1185295545065 5.3884004197935 
-7.9277944902034 6.4900497920555 
-6.3977410950031 5.6124548615602 
-6.7609960684675 4.9821014559689 
-8.1558074321166 6.9151524660211 
-7.7710612353318 5.558445239911 
-6.9675636043422 4.784034673027 
-9.0589320301532 5.0615760168205 
-7.0600737823115 6.1320242509632 
-6.2220589456106 7.0273689844957 
-7.0303616112997 6.6452147538092 
-6.0226565807539 4.3939102388934 
-8.8018035183617 4.8983622229605 
-7.754674497526 4.6333139775521 
-8.1370432207415 5.3104336964744 
-6.4497590348203 4.7270191908464 
-7.8894276408991 6.4956422776047 
-8.9176805725596 4.6767410574371 
-8.5687022931798 4.9676483272083 
-6.4323868449309 4.7673741547143 
-7.0747741849984 5.9021646776552 
-8.913652933347 6.7604705039882 
-7.16981016963 5.1056400010667 
-8.0208753614274 6.059094755629 
-8.5369128006929 6.4858284972811 
-7.3353864859991 4.8908864312418 
-5.9140864391678 4.39601990704 
-6.7388508492482 4.7671180884311 
-7.2315827812262 4.7537416750664 
-8.40219811953 4.7502233867649 
-8.0146245041694 6.8723848966573 
-7.9047735010879 4.9708399843575 
-7.4275377947102 6.6428396884923 
-6.7409076695191 4.583756340013 
-7.8926591182166 5.546920082883 
-6.1950588243092 4.6747089255888 
-6.5355293498024 5.1537687458189 
-7.016454243373 4.398736497158 
-7.9322640075266 5.8222733360772 
-6.0718848754613 4.3956479319839 
-6.2420577984096 6.4022301577097 
-8.1520435540127 6.1417086624304 
-5.9803755383044 5.9883397256148 
-5.954541372242 4.9822222637521 
-6.1538091092566 6.9833014073728 
-6.2850632691324 4.7473201185056 
-7.9314874631301 4.4546530062537 
-7.9716269677457 6.0709041546136 
-7.3329389806483 4.4991800180698 
-7.1815281974809 6.4583140663052 
-9.0211412352226 6.7119204967898 
-8.1391358377123 5.8685996395529 
-7.3468444136623 5.3863764406608 
-6.6948388365602 5.043104138877 
-6.2960136744717 5.1378762021528 
-7.200141892604 4.5999168420697 
-8.2411816279861 6.1680393703976 
-7.8038102334098 5.5118692314181 
-8.4374941657195 6.7593127856922 
-7.046151120476 5.2141085716902 
-6.2495628838227 5.8389799126905 
-7.3004949639942 6.0263084260126 
-6.3218607561765 6.710798430694 
-8.1688363534217 5.1973818713058 
-7.7508575032906 6.5309706735257 
-6.0012697837781 6.98167040304 
-7.9854949457577 6.2451255990506 
-6.3176000295004 4.6160770953023 
-6.2020967318612 6.6587906208715 
-8.5136721825889 5.4696287541139 
-7.3171374016436 4.663315646635 
-8.171741838794 5.7208872851997 
-7.389360017568 6.4380974113115 
-6.6050819088706 4.8923545503394 
-6.4805587141734 6.2431589305315 
-6.3853210073356 4.8486212965816 
-8.3694267757016 6.9966254752244 
-7.0844649229429 6.91736416718 
-6.9527568178369 6.8627867253076 
-7.6273222975211 4.5392107000322 
-7.4926949125225 6.3800127464416 
-6.7450646290438 6.7378403379833 
-8.7385158015924 6.0485707823778 
-8.0485208483257 5.235655918294 
-7.33749759196 5.4566349292162 
-6.9241948219907 5.1316533620442 
-6.0144610534878 4.5036290564807 
-6.8372712764054 6.9771174377766 
-7.5388895194902 5.6769418685688 
-8.0933644131516 4.7991237537975 
-7.4056165929866 5.3723928463473 
-7.5485241022421 4.7713452364042 
-7.2487022906736 6.7827386452197 
-6.5904317265066 6.3115600035974 
-8.4131526619801 5.1105581724036 
-6.0413325442471 4.7767484395309 
-5.8939941993447 5.212513148659 
-7.3899029286485 5.7738323256262 
-8.5433537558484 6.511925168167 
-7.0932744618107 6.9284359609448 
-7.6451234129322 4.4467344415487 
-6.0355245118955 6.4356225170511 
-7.5831041297599 5.0084014150527 
-8.5997519896847 5.7868652578474 
-7.6031779276568 6.8391088337381 
-8.866010095976 4.6471072291762 
-7.2631484042448 4.4257306676443 
-9.0627584549316 4.9553125820899 
-5.9912611871059 4.7857823688436 
-7.5127573137004 4.6824280948659 
-8.2378667472213 6.7936412026546 
-6.3538676632732 4.6938829088929 
-7.6288938095076 5.277937652651 
-7.4385086341579 7.0077203751714 
-8.1878658494343 6.427359289883 
-7.7744178273966 4.78147954751 
-7.7819166138263 5.9535150529656 
-5.9496565124311 5.8033772671167 
-6.7078079597936 4.4683176692141 
-7.9858791148369 5.4850262280101 
-6.4407912639888 5.7346140916241 
-6.6970734229524 4.5264787684114 
-6.195452123479 6.2769445427118 
-8.0163507151485 4.7198313120826 
-6.5675249273044 5.2554483948147 
-6.6214192030718 5.9815003569203 
-7.4250791771069 4.9035129732815 
-8.4298252258214 4.7093339730505 
-5.887430222238 6.7752668078965 
-6.687899563057 4.8986370980759 
-8.0093448115528 5.9650466465943 
-6.2860299015207 4.7071589952186 
-7.8987441980798 6.6129987109357 
-8.7104009941554 5.5890128866067 
-7.9953972221405 4.8128526854821 
-6.7924426624521 4.9930739342634 
-7.4301321316016 6.1202271977011 
-7.4826829606161 5.4568968018375 
-7.3439170686354 6.3486729231338 
-6.8431589181105 6.1006616194264 
-9.0903599235666 4.9360733610165 
-6.2737552600445 5.9898732927719 
-8.9335150082938 6.8940156697891 
-8.8625503123239 6.1391836897746 
-8.0903396757349 6.5322967669973 
-8.9304448027294 6.9939653517475 
-6.7578345778847 5.1037055491487 
-8.7596390550106 4.6304768023484 
-6.6528002751128 4.7666247496973 
-8.4744857643125 4.9329094985793 
-8.8747729663588 5.3076073098299 
-6.0254584187494 5.0373951482546 
-8.1776457645002 4.8241365357168 
-6.109613918922 4.8219571940223 
-5.9444260362155 5.8832676001398 
-6.6314722876318 5.420334974717 
-8.2280299374283 6.4912970676442 
-8.2035856524634 4.8704213997023 
-8.6726542713309 6.2561845059567 
-8.7966359197205 7.0105398127436 
-6.8529417827521 4.4262176258045 
-7.51394359688 5.5283571137717 
-8.5582925521546 5.8633052322601 
-6.1895879633465 4.9403915105469 
-6.058317973669 6.5603410338012 
-6.825113073041 5.8539512905242 
-8.1635664953011 5.4755177386677 
-7.8807927717855 6.8710247056192 
-7.9791937786204 6.5085087072784 
-7.0702730858547 5.6782233923647 
-6.6544015982202 4.901785472492 
-7.8551199526106 6.0383287481811 
-5.9903052684618 6.1371402851688 
-8.0292793065161 4.5875404194005 
-6.7431501583505 4.5819070068566 
-6.9966654187239 4.3977980539588 
-6.0583213673152 4.8868901234178 
-7.0610455731089 6.5071385547871 
-8.8844128386801 5.710760391368 
-6.3943494388063 5.2846883811584 
-6.2113528636798 6.6994156374579 
-7.7461999892387 6.4869497294969 
-5.9876901054833 6.8038555913448 
-8.0519538384468 6.8737315531761 
-8.3707962083261 4.9096623847782 
-7.1506842752071 5.2663163402234 
-8.1269144764258 5.6189740361077 
-7.6474035727715 5.9064587893863 
-6.6464197764687 5.5030826931736 
-8.595918895165 6.4103761372153 
-6.1642374012457 4.7759405605494 
-6.8225441589485 5.856708608165 
-6.8466979091013 5.5731816071674 
-7.6144624598278 4.927738411081 
-6.7699727956524 5.8123781785695 
-7.1439374936475 5.9357296547245 
-7.5162104602138 5.9302589688464 
-5.8954828435698 4.5375906588124 
-7.7632115998892 4.5243999573449 
-7.7117497659619 5.0750281878627 
-6.8016653246502 6.8425884115666 
-6.7923102724296 4.9986409150306 
-7.1907788393042 4.6015074292955 
-7.3681254532993 6.2179845430185 
-6.0382280508051 4.627303042937 
-8.180689405693 6.2630682561891 
-8.2469148905946 6.3227389513707 
-8.0833891766895 5.0555409438696 
-7.8503081048759 4.6361337662777 
-7.2794600676566 4.5700627715404 
-7.1224323293817 5.7237605662285 
-7.3023469993945 4.9038692164526 
-7.3111214639682 4.6028742912002 
-7.5118445991238 4.7573522001277 
-6.5677191944581 6.1085156099374 
-7.8235985807479 6.452495761137 
-7.1755005922246 5.0595333387179 
-7.639440814583 5.8718888571175 
-5.985551849659 5.5057036035416 
-8.8752942846207 5.1749907896014 
-8.9902668042193 6.0541899677184 
-8.2303257981972 5.4263575723662 
-6.9515976572574 5.8745720945526 
-8.2186049460387 5.1851314236363 
-8.4687440128576 4.5775232843191 
-6.1617735937653 4.4293294314922 
-8.1908381969713 6.277158707637 
-7.1226605131521 6.1659142794797 
-7.8965116615424 6.7646421501438 
-8.6520390857077 4.6633914736769 
-7.2829668745149 6.9943632860582 
-8.5798703329936 6.0931887175133 
-8.8718304300989 4.6584005378492 
-6.2336668874607 6.6772498256458 
-6.7199304481946 6.4746565610111 
-6.6546647932789 5.2763184389072 
-5.8625265343923 5.9335854504868 
-7.1247895788317 4.8242847721755 
-7.3553227689795 4.4978686249582 
-7.6054984623024 5.4259905792998 
-8.3253620029448 6.7064915524893 
-6.2720400308677 6.5935621739542 
-6.1482595674524 4.9210358048583 
-6.438310369237 4.4546451451682 
-6.2836471590172 6.7357394601512 
-7.8690033928933 5.3359933680429 
-6.0288720729235 6.9644873694332 
-8.2519850902459 5.7824294793883 
-7.135503255956 4.4907311436887 
-5.9426978278572 4.4083888757093 
-7.4257937653786 4.614292368259 
-7.4864424307553 6.1597101834437 
-7.5663876486875 6.6498773508936 
-6.2515768602892 5.4030131688901 
-6.4190496587319 6.0418495068462 
-8.5229674045674 5.8764210791465 
-6.4834821494138 5.581742520602 
-7.7020411638034 4.9365807332753 
-6.9345017486099 5.1650224324329 
-7.8749141588855 5.8264779059627 
-7.7635616093183 6.6275767769682 
-7.9828766994588 5.0237885263608 
-8.8264909213856 5.5589359802627 
-6.4863697859853 5.7487812939046 
-8.1754622847829 5.724101443371 
-7.4472377969511 5.3379010921593 
-8.90535763312 5.972055154162 
-5.9492596341209 5.1912464666424 
-8.221402653398 6.490455812259 
-7.7829150868464 5.0144356657222 
-7.0010227766336 5.337781496973 
-8.2457684087409 4.8850982720217 
-7.6997933546541 5.7267530689389 
-7.795144754102 6.1474101027059 
-6.4173368734936 6.3091063938451 
-7.6369389256359 6.289901994845 
-7.6690845601996 5.1356106815838 
-6.5203680254517 6.174611384859 
-8.5169737971087 5.3324504752373 
-8.1824929871179 4.7116022065912 
-8.3374240459872 6.1717475919945 
-7.3272726701797 4.498897225225 
-6.2454657969868 5.9514443429236 
-9.040562688689 5.2817828039407 
-7.7323232061077 6.2082015269727 
-7.6690525979186 5.5918800259149 
-7.2813722335579 5.0665335067256 
-7.8935312022982 5.2483640931675 
-6.8332786552064 4.7506280669526 
-8.8719170695997 6.3493570227203 
-8.9357093404488 4.973640351364 
-7.7049057590342 5.3020848636268 
-6.6243575669214 5.8938257449535 
-8.5895648273691 4.5087656327095 
-7.8814088620086 4.7623346652342 
-6.5417680547065 4.6368277753076 
-7.0351637699686 6.4989834417675 
-6.5505617879052 5.3887599354238 
-8.6102273953244 5.0177639857667 
-8.1615121150331 4.9155084828382 
-8.4161423937831 6.4598903062061 
-8.1763882012302 4.5942795771223 
-8.5793909163667 5.1687505380696 
-6.5854798292731 5.9617105926469 
-6.2890895653133 5.1145282497782 
-7.9336913820005 6.2679045689111 
-8.0147402693956 6.7976858558379 
-8.4200801094668 4.9338621765426 
-6.676614784383 6.5211309984068 
-7.5280458976122 6.8492578073651 
-6.4128194881753 6.4483199571802 
-6.5503422883565 5.5514392047685 
-8.4708972389265 5.6973869862446 
-6.0817759731358 4.3977305736122 
-6.3923128362742 6.5546790080478 
-8.8297821773635 4.8440762641221 
-7.0398219436945 5.1237857304836 
-7.1096087150445 4.4833272055754 
-7.4463885549684 6.8587605289796 
-6.8291177277079 4.9991732472809 
-6.621412475004 6.1594762794507 
-5.8781112349356 6.522397738307 
-8.4606110175118 5.1812903212344 
-6.1088917165511 5.6364566516147 
-7.8779391576609 5.7982079094952 
-8.845647737843 6.6265876645959 
-7.331336168087 5.5387633578733 
-6.5360317845476 6.6811025833831 
-6.4940637505558 4.8894232250282 
-6.7884596808663 6.4037323563091 
-6.1506971992971 4.5690762911475 
-6.5722767858093 4.9712951243056 
-6.4388497204125 5.9587799833546 
-7.6741843592777 4.6472260314845 
-6.4549368065462 4.9859458215733 
-6.9641102429569 4.4185727896159 
-6.0901529662581 5.3124746276265 
-7.7064886727184 5.1799448110829 
-9.0356982960192 5.8491574443992 
-6.3658962783761 6.7167740032525 
-8.0565287049409 6.255038437603 
-7.2339152218338 4.9535561251762 
-6.6756812870935 5.7059913266964 
-6.8319551486219 5.7984031503158 
-8.7937503203936 4.8846009277258 
-7.1219054218775 5.3686745687295 
-6.6793961579863 6.3586967447477 
-7.0258183130569 6.9338571517739 
-6.7079385469394 4.9147879645107 
-7.2687745605491 5.8570066251176 
-8.7344384419571 5.2894946219939 
-8.435431554198 4.7438775924255 
-6.0185928291241 6.7527966157417 
-7.9353126629607 4.9811672235614 
-8.8513817025092 5.6799788667866 
-6.4509453999736 6.5809671763462 
-7.1138137155356 4.8803900480039 
-7.5570620516941 5.8104012587026 
-8.7083097310113 6.131694833097 
-8.5880209405616 4.6812652414188 
-7.7682382928931 5.3670258847555 
-8.5521704168666 4.4819229466325 
-7.3333859896058 5.2764186230776 
-7.052434729574 4.9049464286407 
-7.6485126856351 6.1033733835816 
-6.9931846312059 5.9013996863248 
-6.7250616770387 6.0319466100544 
-6.5459719302869 6.481826320985 
-6.1408770178796 4.7307737900286 
-6.6912515541905 5.6197830369591 
-6.3001838132639 5.7263018620056 
-7.9468704352178 4.7465703539157 
-6.3768478486926 4.9945934678095 
-6.9611044248544 5.1345354914786 
-6.2849980145188 7.0206939679601 
-7.7938677491712 6.8534029143451 
-7.344584377029 5.6785435428952 
-7.5961474661265 4.5334516523883 
-6.7129241859865 5.1567503889964 
-6.1374183034731 4.4510186037783 
-9.0919530371026 4.6620510471906 
-8.8150564336666 4.6890040670648 
-7.6577103135282 6.2835227974776 
-8.5956036000237 6.8093645067327 
-8.1536841826613 6.525337657674 
-7.495094014824 5.0727972685439 
-7.3738403033508 5.6448981751754 
-7.0469519085071 6.7635807102301 
-6.805815048457 5.4264545477685 
-8.9574461837221 7.0269696652354 
-7.6502227354308 5.3352211656341 
-6.6437095311627 5.591837949345 
-7.5083038271755 5.7027240891626 
-7.3056418006861 4.5919468771537 
-8.0855887949439 5.7688572537822 
-8.34564712157 4.9658669629411 
-7.1110205996096 6.6787583678983 
-8.4302538982167 4.6548189312777 
-6.0479345709088 6.3864809061707 
-7.9075892367481 6.0168029981176 
-7.1071154510865 5.3460843059643 
-8.7535582161168 6.958994883265 
-6.427265340702 6.1714983092393 
-7.1652299118753 6.9501322048186 
-8.1341973772671 4.9785434691084 
-6.4321832055162 5.8712764889012 
-8.3630010985666 5.1818932320357 
-8.0165620011286 5.234492335913 
-6.4341450248748 4.4429533282158 
-6.936516995907 5.2346886527473 
-6.7029820359076 4.599961781366 
-6.7500354658594 5.668681584618 
-6.5013301909913 6.8960977247291 
-7.2172531177782 6.4521918816802 
-8.5788616870731 6.4902695030949 
-8.21567188003 5.3441777174916 
-6.4159122055294 5.7201409632012 
-8.1246706261806 5.3598011779444 
-6.1250312322118 4.9626931910733 
-5.8645041269923 4.5973199582944 
-6.638275095106 4.7534753725285 
-8.9892005975161 5.85776674489 
-7.1177981334465 4.9506593501788 
-6.5237377148983 5.2150639989233 
-7.3483100562629 5.0947712803413 
-6.3161798712101 7.0051211712122 
-8.350466411396 5.2241750239452 
-5.9412890367559 6.2073907541266 
-7.7868934438532 5.0801612110966 
-8.6119651033024 6.0907859844976 
-7.9807469391731 6.573184150639 
-6.5738949892338 6.9975329811755 
-7.0885245609128 6.3100078607895 
-6.9916322005186 6.5207893120137 
-6.8500278581578 6.8989248946029 
-7.0702955174842 6.5806735654434 
-6.3655320654308 6.2616941955048 
-7.9395069755824 6.8850665043146 
-7.1410268665339 5.5660494344742 
-6.805274968761 5.1814311989706 
-6.7584982473018 4.6446296917311 
-8.4201355463508 4.3926236659612 
-7.9539688509102 4.9421590101451 
-8.9607574947601 4.8393722493828 
-6.9453521162374 4.5500152692122 
-6.7876303686005 6.212749294304 
-8.8745611248717 6.3478229379077 
-6.6041479239912 6.0918792692637 
-8.5157623161064 5.2344351844165 
-6.9321439612714 4.9930097261188 
-7.0374064185209 4.4418067119813 
-6.7613194160295 5.3387853173447 
-6.8397244388981 6.3325711195612 
-8.2766430315844 5.123318391518 
-7.1832742694511 4.9794327525457 
-6.0436248431182 6.2348297025431 
-8.1156638288792 6.5979096838578 
-7.4078530327973 6.0317054617564 
-6.7439252649836 4.6620988049211 
-9.0652168562246 5.7563897170621 
-9.0426447371912 6.3489178380134 
-8.2621240682622 6.3124147788672 
-8.9347653579853 4.6183039988705 
-6.6474194490448 5.8694656322008 
-6.2867006066062 4.6914672985216 
-8.969937942216 4.6516609248856 
-7.4757480664229 4.9594118929631 
-6.7159872333939 5.8099344304657 
-8.8063116994917 5.4085169508942 
-7.5405514438054 5.9729654455116 
-6.7203520556061 6.4275274067127 
-7.3305699877552 5.3947200420493 
-9.0377607391279 5.2977014983186 
-7.3104171993676 6.3150836824199 
-6.2522671023732 5.0213178069331 
-7.8527169217242 7.0100219016563 
-6.9505291893294 5.3377164853147 
-7.6889679320392 5.1767978908415 
-8.718186169316 5.4826988358139 
-7.7098186776103 6.2843859088671 
-8.5183856318441 4.850793075522 
-6.8209839516092 5.7944135698792 
-8.8806596262284 4.8593395587176 
-7.4964792009305 6.1735725175025 
-7.3505106136766 6.8538126849499 
-7.0915031151078 6.2441968417307 
-8.588684673169 5.238109529094 
-5.8765801300954 5.0778241292095 
-9.0035535216656 5.1265229134243 
-6.7491437285309 6.9795717357575 
-6.0906534448202 6.1569494117607 
-8.9488498642836 5.9265641449354 
-5.8634757752399 5.3758194090504 
-9.0217949423649 5.3226130970251 
-6.0859667415228 6.6266798907329 
-7.7947027663878 6.7564083728244 
-7.4126418508126 6.5570410857847 
-7.2458107031344 6.71806612716 
-6.0600206162115 5.1997846813637 
-9.0352066126351 6.4417953873896 
-6.5039333263105 6.0626798672322 
-8.7934015345161 5.8945257431437 
-8.1250033930133 6.0507529454305 
-8.8575453642412 4.7530547499788 
-7.35370360878 5.4434007230794 
-6.060917080759 6.0873418978809 
-7.6534056896384 5.3958489532103 
-7.7574449251673 4.7212759434771 
-8.0663012251933 4.9349314868886 
-8.8238832249099 4.9752967261789 
-9.0811762349916 5.1783276406652 
-6.985097715044 6.6062828428997 
-6.3430831913141 4.7780480230269 
-8.5333629389735 4.4510579187027 
-7.7709278326338 4.4370783102684 
-9.0026916163664 5.2846239074916 
-7.4112111113395 4.9703843702129 
-8.3986241950171 5.7557826830409 
-6.418202696029 5.6971248414072 
-8.7106433981958 5.8280191915958 
-7.2232445522612 5.2179301109558 
-6.2293619593344 5.0202078031908 
-7.2840092790575 5.059022075985 
-7.8527124129534 4.6610327451057 
-8.5013720492976 6.2821656657902 
-7.2811813065772 6.9186647592516 
-7.6495003839593 6.2377277313771 
-7.1767822098796 6.7960863715832 
-6.9387399513404 5.7085750609952 
-6.1416164614407 4.8199555947485 
-7.9185028976262 6.6553025236363 
-7.3134798370834 5.5298252225067 
-8.4218928870538 6.132895428241 
-8.0501739933156 5.8140577543255 
-5.8755264129377 4.971282983343 
-8.6807100550164 5.5417024122507 
-7.6622119282879 5.9838037002011 
-7.7969442991331 5.075311145509 
-6.287711028472 5.8838142656072 
-7.8536806220884 4.7306913660131 
-6.512835741695 6.7771237410453 
-7.3665225794927 4.4075528984781 
-6.0604791945647 5.6981891697899 
-8.5537150703911 4.7905008084081 
-8.1999681894511 4.4930796141264 
-6.4214676973383 6.6473629934373 
-8.7429747622813 4.6601929405351 
-7.3281052637636 5.5552651028278 
-6.0510500539449 6.9908618477404 
-6.2098374975748 4.7260600011438 
-6.7043936065274 5.1970643365479 
-8.2896429082894 5.2622410359031 
-5.9127504657997 6.8470584391451 
-8.2507019100517 6.4299295310472 
-8.2496999125825 4.851097686271 
-7.3575631772623 5.394717859411 
-6.9920505526044 5.5234021181317 
-6.4726548023094 5.642141387536 
-8.3372889359734 5.2337948277181 
-7.6066077509207 6.9435434245675 
-8.9069417422137 4.4586800004623 
-6.5163311532788 6.3645981739238 
-8.8850521133581 5.5509811918326 
-8.1637612368018 6.4034273663519 
-9.004654910108 4.6159131623588 
-8.8393725356803 5.3970952316768 
-7.4290815540311 4.8933678838508 
-6.0416862406701 6.7238729713863 
-6.1459460425646 6.6175481683777 
-7.5325493450081 6.1795693304703 
-6.4991152275199 5.180273530631 
-7.5764515386262 6.3131120593325 
-8.9550174500332 6.9634010473033 
-7.3415650980065 6.3407025641367 
-8.8098758886266 6.4537794681837 
-7.4661029851448 6.1304896727371 
-8.9186461450819 6.3008593537967 
-9.0949721953712 4.4505180425596 
-8.6725999940603 6.8216324289301 
-7.7230382470857 5.8392296029359 
-6.0349052312112 6.0419736910022 
-6.0395554258442 4.4877333558215 
-6.0744890934043 4.7504895243527 
-7.6396279940483 5.0433217346326 
-5.9440105643481 6.8253586270722 
-6.101897731409 6.0029008716804 
-8.3544656780116 5.5107131169878 
-9.059311026694 5.9143578653654 
-8.6306211199119 6.2672248849377 
-7.3218250749441 5.4290981613853 
-7.049893406991 7.0297068356849 
-6.9651919973511 6.0594653986291 
-8.7734673234107 6.2524229287691 
-8.8793325589237 5.6501660922723 
-8.6753568072663 5.4240299287937 
-6.4887732435766 5.3220066416013 
-6.6350636482226 4.7009528551303 
-7.6393836912826 4.473573934663 
-8.2088142632292 4.6963851279758 
-8.2242093916695 5.5405212913055 
-8.2473466678424 5.1941024184154 
-8.9178185387556 6.6487509380044 
-7.8695378149628 4.6097682843361 
-7.4189685457574 6.6019793929456 
-6.4472273112053 6.5809796883716 
-7.7337999537493 5.8095065983037 
-6.2558937316196 6.5215928199086 
-6.9974628395121 5.854692544127 
-7.5530377862514 6.1426271954128 
-7.9436777528024 6.5413819933107 
-8.0249278001522 6.1889345521724 
-6.1108981725769 4.9853796843018 
-6.2520101323132 5.1993111944321 
-7.4555257113618 4.4757231004801 
-6.4376296129422 4.4783369746445 
-7.3921302833945 4.6232143174128 
-6.918638693321 6.2455008304961 
-6.3632001837093 5.6028819485877 
-8.9315491751587 4.450087074156 
-7.4150605225389 6.1982317944374 
-7.6140255108139 6.2451810688688 
-6.6122435348845 4.7918658358118 
-8.7734475657245 4.5539214451039 
-8.3988294559786 4.9082905699698 
-6.9262662000316 5.3078622046508 
-8.353688138354 6.9494670667024 
-6.8184869926392 5.3326844011559 
-7.7819644579687 5.0175186163676 
-9.1001704138613 6.1668433074199 
-8.5906874809854 6.6855224518021 
-8.4130295772032 4.5609347433432 
-6.186919964757 6.3902018826398 
-8.4828041409681 6.9554227925038 
-7.7348285376406 5.7833907200011 
-8.785400088863 5.9514614918421 
-7.4985670630321 5.989562640195 
-8.3411023268769 4.470468436276 
-5.9166550812971 5.0112506991013 
-8.239134808714 6.6678486260126 
-6.2055704753023 6.3465225392482 
-6.10056252605 5.1568329288046 
-7.056307194361 4.5537677280011 
-8.1150768049689 4.4926812497043 
-8.6953328328289 4.5379351997947 
-7.0121644001237 5.6318112408226 
-8.0745519635632 6.8391552654052 
-6.0037572397737 4.9991424941166 
-7.6565100734303 6.384158292789 
-8.0819954114586 6.9315763505697 
-6.5314424466343 5.4515649198694 
-6.2470960941538 4.4274808594995 
-7.796782391171 5.4001461738151 
-8.8838531455251 5.6187831452461 
-7.0818720349425 6.4855326076219 
-6.5253646672519 5.7446188810536 
-7.4570561690776 5.241947670768 
-7.6151055976164 6.2303478520805 
-6.7562696389155 6.8114195362692 
-7.7342685637547 6.4893693684949 
-7.7771915485319 6.778896270269 
-5.8976300338579 6.2459693479856 
-6.0299618554768 6.4678692250195 
-7.1325429405253 4.755319841156 
-7.4896668591242 5.7023401082788 
-6.8112047343668 5.282206691061 
-7.6033275186914 6.2336912270755 
-8.2672240304007 6.1694576503589 
-9.0075544304925 6.4190298268463 
-6.935418335561 4.9315957935278 
-7.8016361993328 6.2640775955171 
-7.8243220955255 4.9558383773742 
-7.3560608735025 5.2128912385445 
-6.1055645983267 5.2625595508576 
-7.7385434847266 6.3809627395593 
-7.0203372829148 4.654963925984 
-6.9462375541754 5.5705819374668 
-9.0410087666655 5.199776339499 
-6.2251258334905 5.973889669748 
-7.8431281794642 4.6054062517637 
-7.1707721317465 5.2105511732217 
-7.8104421549017 5.6328585659757 
-7.296413595625 5.1383411101253 
-6.4554503511839 5.5199796657816 
-7.7386608423058 6.9016334731783 
-6.5814842841947 4.9007737108796 
-8.1288550566103 6.6104199853952 
-7.9225706049611 5.3823207140081 
-9.0190896745813 4.4643970544366 
-7.1410104126425 6.2622514631005 
-7.1868518879831 6.3589294760044 
-6.3113946920913 5.4104256478517 
-7.7632690184922 6.7562277444587 
-5.9314696691887 4.517932898762 
-6.7888482266917 6.3865152238113 
-8.1588474501665 5.0509555086471 
-6.0393844788234 6.6120805714827 
-7.7847692469388 6.7955081880505 
-8.1946125531537 5.2742121879974 
-7.8587421396732 4.6373046790678 
-9.0376315044992 5.3006328331695 
-6.7385419967438 4.8793743915335 
-8.2986554277339 6.2423653979456 
-6.5515494693679 4.5902708857678 
-7.70305517078 5.720335104469 
-7.2942756988368 4.7011717971677 
-8.824591528023 6.1222338975222 
-6.8735961318844 5.5241868232429 
-6.1408787966317 5.3762676765458 
-7.1860737473204 5.0462790066764 
-7.6328487352862 4.9784346005916 
-6.4129527249217 6.579109149704 
-8.0181654849765 5.0604425324937 
-6.6967806208609 6.874206139412 
-6.3892730548636 5.3852870984143 
-6.4416298281815 6.2994183605619 
-8.3794989642529 4.6921261927241 
-8.0199121785324 6.638578406002 
-6.0354285516946 6.9802793153835 
-6.6722552710827 5.1884237411289 
-8.1021603606623 4.9198940016084 
-7.8120868753066 4.5802468436241 
-7.5775040995048 6.2653605657127 
-8.2504628231163 5.7723997819484 
-8.9194013066025 5.258273900181 
-7.5699549054287 6.5142971329554 
-7.3486115034019 4.5115271315519 
-8.4273708884845 5.6224961569456 
-6.0116514361866 5.7859921518601 
-5.932509173626 6.9028268941207 
-6.8129706707452 4.8339881244439 
-7.1201349463677 4.6395034185964 
-8.513190144608 5.0505023047777 
-6.1741354631266 6.965398842708 
-7.0558200552884 5.1185218267495 
-6.5023311358488 4.7585563624293 
-7.8003030713639 5.0103498792527 
-6.5651500373737 4.8014621163742 
-6.884445211617 5.1767223524572 
-9.0194114513761 5.4977061730175 
-8.4726554283814 5.2532579171605 
-5.9342152913157 4.7243110874292 
-7.8761738796831 5.4976355223506 
-8.7033709742458 5.7186164732713 
-6.7760745632962 4.5615843707526 
-7.8327097777042 5.2222500838226 
-7.1154015011809 5.2511204157232 
-8.9474940787824 4.7842852073848 
-7.7699927853949 4.4307970373446 
-9.0740448731919 6.6700520960872 
-8.9715794550912 4.845953270066 
-8.3493845109492 5.7712058900496 
-8.1884209386928 6.4313023892831 
-7.7551620685614 4.5646781646805 
-8.3849188155603 6.7746900677067 
-6.0460502185042 5.4203303284021 
-7.0916949104634 4.5247961586034 
-6.4377914169563 4.5542385806634 
-6.4170574933408 6.5201704391714 
-5.9666873214148 5.0680284136348 
-8.8566627719081 4.645629298683 
-8.1163449291697 4.565624712464 
-7.5209436236897 5.7093365601877 
-8.6650371934028 4.7948768488348 
-8.1210036156636 5.0539212855681 
-8.2775337169946 6.2548774707991 
-7.8802696028232 5.3447964385267 
-6.7384345617721 4.8413474595557 
-8.6476801230698 4.8645254900088 
-7.0869890101912 5.419460449093 
-6.557313051893 6.6031710876553 
-7.4590960649061 6.5376541002598 
-8.5694588495762 5.5706844745716 
-8.960110593511 5.5421340530259 
-7.4588877977354 4.9315135673306 
-7.1549941441541 6.9588485646025 
-8.5033887627413 5.0040680384748 
-8.4668668770918 5.9563384442448 
-6.3773342631501 4.9331214343218 
-6.7291039529986 5.6411318573881 
-6.1692994341867 4.9753949471608 
-6.2425831136501 6.383079509093 
-7.8945243930489 4.8011386868685 
-6.3646228790599 4.4376527387736 
-6.5576716174449 5.0537774698451 
-7.0625986186684 4.4362732629806 
-7.8387407926647 6.3282283751833 
-6.0889688932384 5.4363458661963 
-6.3875470823881 5.0371678161553 
-7.1201025708355 4.4457742736364 
-6.8813514750463 6.983211365139 
-7.1940820053359 5.3669461981357 
-8.7426333900517 6.2024947974146 
-6.2414688021584 5.9542535410407 
-6.3230896082106 4.3948036249699 
-8.7418071452152 6.9410178120477 
-7.9869965412629 5.5487596297916 
-7.3517039930149 4.7803311796141 
-7.5804857038059 6.8279507089493 
-7.4499944975631 4.8954111275114 
-8.5618805383807 4.4187116186325 
-6.4894728711909 6.8061430671349 
-8.2518034976687 5.8963005322546 
-8.4218757958189 4.5480846016728 
-6.3300246165703 6.7828680165718 
-7.6222012431866 6.3875261003871 
-7.6237843843664 5.9777216160845 
-7.6142907139189 6.3843968544618 
-7.5793597227677 5.0739955754704 
-7.2608405386506 6.1502100597089 
-7.5128405308469 5.4363994929099 
-8.0283250820367 6.5858606932262 
-8.4036252051942 4.6980839986438 
-7.5574104817303 4.4235017363591 
-7.9704809389227 5.986537124477 
-6.2597682697794 4.9460243001613 
-8.4804191325979 4.7240209673518 
-8.1335277544877 5.0908543269782 
-6.788356758548 6.2256950275283 
-7.7235321754475 5.6347669792302 
-8.4463148312542 5.4068072171458 
-6.049642601434 5.8707132448743 
-8.1449347120497 4.5785634670505 
-6.3469413014384 4.8151536345541 
-7.5594257544397 5.4010009907863 
-6.2479492430431 5.5753755383053 
-5.8826810674548 5.9838779216739 
-7.5221408459898 5.3064471706783 
-6.8445651527846 5.8329359222642 
-7.5404624388673 4.6992776558868 
-7.4557327763887 6.6083084345099 
-5.9544807535858 5.1241449484745 
-6.4835262411019 4.9014841047366 
-6.7824938630607 5.3176651831582 
-6.5041016173193 6.5370087453024 
-7.8472037400894 5.3743517699983 
-8.859829194161 4.9416301036996 
-6.0501013202851 5.0661025786907 
-5.9117059494641 7.0160850983876 
-5.894193667314 6.2130309162898 
-8.5455070162853 5.9784278060013 
-7.3276576058875 6.7552232690256 
-6.4171167921045 5.510063112701 
-5.917610533122 5.9424856611989 
-6.5308410908844 4.4913315004391 
-6.0779243036197 6.6776693750456 
-7.3363869381671 5.1010142475725 
