-6.7861211620789 -4.7894007212747 
-6.9829294633567 -3.8333797613454 
-6.1562825855843 -5.4345954713177 
-7.8180935983054 -3.7601065433638 
-6.7385195080606 -3.6888417970071 
-6.67816344079 -4.2228248759535 
-7.6944612972551 -3.540948486348 
-6.1103684676142 -5.0583290018499 
-7.1987194503692 -3.6086598119759 
-9.0262886561119 -3.478415867286 
-6.9829790859371 -4.3318031702953 
-8.4218938001771 -3.1902248917039 
-9.1567190302408 -4.7405101461171 
-9.2264028005414 -5.2638358497854 
-7.2884193294468 -4.669499270625 
-7.7493310594662 -5.5050189125989 
-8.0804318128254 -3.1015100577008 
-7.0422588779453 -3.2978284052385 
-8.2578547002974 -3.0060428497939 
-6.5531245528275 -3.5809936407296 
-6.4534543302422 -3.4953462963338 
-6.0842012651418 -3.8391511286318 
-8.2634876620629 -3.4920678434671 
-6.9168738387676 -5.5156821571312 
-8.3125256610255 -2.9314010767959 
-8.7864637810312 -5.4793386665857 
-8.7350066459096 -3.8828100089167 
-7.6696988714351 -3.8996244697626 
-7.8479381516145 -4.1233800754701 
-8.32597451536 -3.9389453264045 
-7.6435932356072 -3.7418394157006 
-7.9718048277049 -4.634197592386 
-6.216219911982 -3.0331816481431 
-7.1890571221345 -5.0554963014531 
-7.1121381700922 -3.6732251671259 
-8.1804266810107 -4.5232327499659 
-8.8394262503955 -4.1203860947111 
-7.112017010661 -4.9825327348098 
-6.9556701091987 -4.7730503197918 
-6.5651815369717 -3.5988284720052 
-6.0824926571065 -5.0174236662481 
-8.5906399960439 -4.0669504302064 
-8.8585003905258 -3.5615640580384 
-7.3448255777734 -4.4600328257646 
-8.8897003506018 -4.0517312739674 
-6.6031239354123 -3.1602132063407 
-6.134245515476 -3.8454265253315 
-7.9839613893188 -5.0218406356693 
-9.170246049131 -4.1665759891389 
-8.7471373282267 -3.6291457156614 
-7.0878102126756 -4.2793644212942 
-8.9525166722241 -3.0207527366119 
-8.3950380475819 -3.0015690401418 
-7.2638828052814 -3.6823798623843 
-6.776402364704 -3.116907515065 
-6.7815965297145 -3.7630342902276 
-6.6303815049429 -4.7532980561768 
-8.1826060554884 -4.3780382641125 
-6.7110621398906 -4.6899451415209 
-7.8400504685521 -3.3069379643916 
-7.2274842144682 -3.2420808981917 
-7.1155295724851 -5.0700284186021 
-6.1896120827028 -4.556434304887 
-8.0913979069459 -4.1136293377719 
-7.0233253667531 -5.2873652508751 
-8.6626317608613 -3.8152519734893 
-6.2530418694032 -5.0827712798102 
-7.8170385591518 -3.9154787593678 
-8.5609216196406 -4.8758920976632 
-6.4547771597695 -5.3153260722173 
-6.0833505570702 -3.6971196246074 
-6.4819491373916 -4.4025652243815 
-7.0036339903792 -3.1545721125804 
-7.5716835821114 -3.1273144799563 
-7.9306321608525 -3.2493967058533 
-7.5494779135064 -3.5472435327318 
-9.178827532161 -5.5307351354903 
-8.3493011309896 -3.6288646670361 
-6.392256814547 -2.9604103002287 
-6.8312540818216 -3.8560656293722 
-8.29399158713 -5.4789263405185 
-6.1639264508486 -5.0696849347865 
-6.5075140591105 -3.2057855078462 
-6.5513186840624 -5.4510343716254 
-7.8267120064651 -2.8944813102373 
-6.2653168051021 -4.9713010021484 
-8.5296918196594 -4.9075228807433 
-6.5610443563304 -3.1123731459554 
-8.0983096974769 -3.1389920980606 
-6.7324743521975 -4.8230937833308 
-7.4054127749694 -3.4713117602614 
-8.6593470147854 -4.1214217861991 
-6.4183108774282 -3.0786815244761 
-7.5444819389049 -5.3948984583677 
-7.7913426878487 -5.0179230517975 
-9.1439558337448 -5.3531241335034 
-6.7623175397326 -3.602379613336 
-9.0148895106033 -5.1790596853908 
-8.0253556307415 -4.8612567528112 
-7.4946737948705 -4.8543103215633 
-7.4570172363329 -4.6087166802439 
-8.9855547922372 -4.016712580057 
-8.1446084916141 -5.2052225579968 
-8.7602409773347 -5.0421677169561 
-7.1255092212942 -4.9829357334701 
-6.9511502251492 -4.963448422533 
-6.5533593309764 -4.1792526681504 
-7.5078269612561 -2.9676860208371 
-7.8004293241649 -3.5063832255248 
-7.6803329033662 -4.6588334267204 
-6.2781037117683 -3.1012928921536 
-8.1947139500286 -3.9441375669765 
-8.1702218411723 -5.241768163864 
-6.0740286439847 -3.3722224703194 
-9.2445569031468 -4.2602030678962 
-6.5397222136606 -3.7515936349727 
-6.157711992036 -3.7033695338165 
-8.220057540645 -3.5434679608439 
-9.0037573647899 -3.13811414683 
-8.7943135288542 -4.0328931614745 
-7.4607364518774 -3.3792693283106 
-7.2237780934374 -3.6960422398139 
-7.1601162881536 -3.4115512641837 
-6.1145265007373 -3.5991270145568 
-8.6004834292001 -5.0127485502966 
-7.988741293873 -4.8352033555134 
-6.6295885785543 -2.9159627387604 
-7.3739391875303 -4.4574492009295 
-7.4391805693401 -4.9513626403975 
-6.5046803886788 -5.2597346915246 
-6.182182754836 -3.428138774791 
-8.1714636766073 -3.452428346119 
-7.1864791340596 -4.0499588465571 
-8.3403877271112 -3.4032457910063 
-6.3880070333937 -3.5450625875429 
-7.059605930024 -3.6986188598191 
-6.2750416478596 -3.1959056129939 
-9.2342185095901 -5.1843771898826 
-9.2286548476164 -4.9790479114133 
-8.5353773604924 -3.2515546337532 
-7.0093190346646 -4.4077346663247 
-7.2894180508754 -4.4146560286639 
-6.8425625734359 -3.059136633575 
-7.0363616234386 -3.6113555207513 
-7.4952894810755 -4.3578954604515 
-6.9296369927398 -5.0776386050414 
-9.2319851792601 -5.1859180682571 
-6.8338688814723 -3.7091424653716 
-6.8598104355647 -2.9123667004498 
-6.3685313741765 -3.7327499181223 
-7.1064797006537 -5.4166107373224 
-6.219160304859 -3.4364824160326 
-7.2871091385881 -4.2963719541174 
-8.4131489753605 -5.0409920051714 
-6.9725798728982 -3.4094155314019 
-6.6413440657264 -4.150802599472 
-8.2413966544975 -3.4947384692491 
-7.4033606856852 -2.9811263543697 
-7.3319966855881 -3.8807672054556 
-7.2031857665052 -3.9269994674496 
-6.7114079019855 -3.2959948835934 
-7.8474494269305 -3.7885094528863 
-8.2192654130438 -4.6333782734175 
-7.7294023083002 -3.7443959454846 
-9.1172388053284 -4.9431937670001 
-6.2895326709308 -4.1301625320917 
-7.3267786003717 -4.0906998704147 
-7.0930487537334 -3.0634435122957 
-7.0460683215616 -5.494890498024 
-8.9271071771337 -4.7023484930003 
-6.5634048830767 -2.9770573844001 
-8.0358993629213 -4.047738441461 
-7.6322276684432 -3.0647893604757 
-6.2728935515478 -5.2027746033668 
-6.8502379141648 -4.9160212324257 
-6.4881020852691 -3.9676797413937 
-7.23455983824 -3.3534713181096 
-7.6942817371139 -3.8394240539466 
-6.5196870349896 -4.6473419246072 
-9.1636878555653 -4.2348234698635 
-7.705652094762 -4.1805530236076 
-7.2254569195528 -4.398552382094 
-7.203922684907 -4.9325185543391 
-8.1550479918851 -4.1878307693882 
-9.2041731996405 -5.5046363749992 
-6.9904895268539 -4.3116378264758 
-7.3087470659508 -2.9530509406372 
-8.1951263764598 -4.9624753264457 
-6.3337591105565 -4.2364154280281 
-6.9892400332686 -5.4600687882729 
-7.680844439714 -4.9568570531322 
-9.1256078253351 -5.3749002436697 
-7.5596684797114 -3.9239176499779 
-8.6168027041395 -4.69415925129 
-8.6831367237713 -3.732593161346 
-8.7695828087534 -4.2133447376182 
-7.3575788731012 -2.9873045395646 
-7.3691278275173 -4.9668097110058 
-7.8943108652814 -3.9352789890567 
-7.7480047350745 -4.5503753483067 
-6.1763696787486 -3.1396980821287 
-9.1318941639991 -4.1003650381718 
-7.1460756403685 -4.3761256123796 
-8.0945154934067 -3.1407920925965 
-8.4140774469212 -4.1766980868368 
-8.6007718503962 -4.7260786644076 
-7.0410367734577 -3.7226392246914 
-7.457408120354 -3.6590260333018 
-9.1594996497364 -4.1897146462981 
-6.7687241155023 -4.3935801778327 
-8.5410399451724 -5.5559296467071 
-7.14456173568 -4.7498286819775 
-6.9855124478911 -3.7849801008808 
-6.14727156044 -4.5698744261046 
-6.1566222071031 -4.2596648297856 
-6.4863604750852 -3.2451667545021 
-6.4951492934667 -3.0933341622138 
-7.6397885325645 -4.4132858562025 
-6.1511334278653 -4.2513239067196 
-6.898943214826 -4.5746744573459 
-7.4564989858497 -5.3840891735983 
-8.2616919820584 -3.2892045124089 
-9.2432264139651 -4.3980988926051 
-7.901012298703 -4.0426012204501 
-9.2782066469595 -3.4505825733301 
-8.9109757344124 -5.4278829299063 
-6.6289288183982 -4.3649835623 
-6.4338304338459 -3.5818459001111 
-8.9334096643354 -4.9334095106337 
-8.4052166505058 -5.0220847269766 
-8.8245890378765 -3.4806358844436 
-7.8418097518146 -5.0888496626238 
-8.5359382082721 -3.6405321384044 
-6.4443502154576 -3.2254419466234 
-8.7540019994961 -2.9981985558279 
-8.6809307461525 -3.0799754730774 
-6.1125471891829 -3.8892533599628 
-7.1492340147683 -5.1795559934354 
-9.1077022019593 -5.0835753374311 
-8.9681701557335 -4.3802633330885 
-7.3891952821457 -3.6630629049453 
-6.9645321197033 -3.0301963673516 
-7.586087937892 -4.6046419072145 
-8.6089085891195 -3.7523316716723 
-7.8337869265369 -3.68136579336 
-8.2663493939591 -3.2515513016186 
-7.4962014451973 -4.2275156881048 
-8.9183918676398 -3.1784156553638 
-8.1707809363423 -5.451852245954 
-8.1244745506088 -4.4987313287686 
-9.1221836491625 -4.9889572604594 
-7.4853082596318 -4.2034377845999 
-6.7500494457723 -4.2415447154186 
-7.635147278105 -4.7791650806565 
-8.9726119698251 -3.7955509965023 
-7.566228508945 -3.8605930731004 
-7.8963027399268 -4.2475988442397 
-7.2300196228911 -3.09499645248 
-8.2845853049589 -4.8614047906949 
-7.1448236775545 -3.7066965833737 
-6.2145054731247 -3.3549170999561 
-7.2476934193399 -4.6032565935327 
-9.2525543456438 -4.086730966663 
-8.7308752234589 -3.8430992523451 
-9.14381095935 -4.0279735601651 
-7.4504863347794 -5.3830710014101 
-8.9243997748261 -5.2876387683289 
-8.6178935030057 -5.5444504656132 
-8.7886768468594 -3.7856171255527 
-7.6877279685388 -2.9457104663151 
-6.4275581977132 -3.8357257703429 
-6.6986667327676 -2.9411039871082 
-7.1114246700541 -4.1439487297798 
-6.8039456218571 -3.1108013651363 
-8.5345949092469 -3.0759010127583 
-7.3768185207861 -3.9020749136813 
-8.4302657176646 -5.1470069527169 
-7.8800718187507 -4.1888304144633 
-7.4017543565301 -5.1366203755545 
-6.726544708227 -3.5282050237902 
-6.5900535083448 -3.4166354473252 
-9.2145621698153 -3.439395735779 
-6.372673112902 -3.8076479664226 
-8.8550053261404 -5.356167344521 
-8.1040399283758 -3.6042584790859 
-7.8409895740122 -4.0980100359652 
-7.4930140866363 -5.023086903337 
-7.5043084954122 -3.0818750265721 
-6.6333171337727 -4.1277051196354 
-8.5895667965036 -4.6068836187792 
-8.7595775681605 -3.9962841449842 
-8.7731945871484 -5.1455514282119 
-8.71783358264 -3.9322046922112 
-7.9004063758059 -5.5206663830987 
-8.7635824865605 -3.5475518600534 
-6.3909573293334 -5.5122997888867 
-8.5208277588106 -5.385250184136 
-8.8471618623472 -4.5014774632456 
-8.2971528319003 -4.8154092446919 
-7.5149608335726 -3.3971550058214 
-8.7523213434211 -4.0015475004604 
-6.8884275049574 -3.309268059991 
-9.1420498623148 -4.5611829025032 
-6.7382774302314 -4.4887756921245 
-8.3128814378526 -5.0977916749226 
-7.7558072155279 -3.1040495085452 
-8.6532042493636 -3.6446658531642 
-6.3153058173692 -4.4357112916118 
-7.7045609950016 -3.7168398104919 
-8.8250446669292 -4.3291824565752 
-8.8803229103761 -5.5577006543836 
-9.2107147508926 -4.9467113009221 
-8.0021169249069 -3.2655925850613 
-7.0202462351723 -2.9321824558525 
-6.311907093559 -4.5225407538222 
-6.3877785272258 -5.3669072757822 
-7.0995957518755 -3.5235012255318 
-9.0558922056891 -5.4119205622702 
-6.9725235416071 -4.2238073184712 
-6.5012298580016 -3.5121456782675 
-6.7453955345849 -4.0598723179926 
-7.9111801699839 -3.739521972469 
-8.1935959500274 -3.8604275497746 
-6.524608791888 -3.2313433580097 
-6.6463985350615 -4.9525815575394 
-9.2538733144292 -4.7390893094458 
-7.6031255549285 -4.2456958822799 
-7.2141302700623 -3.4740226986797 
-7.4419043002149 -3.3740963016482 
-6.415599512267 -3.0755114349498 
-8.6022767208995 -4.8736376792055 
-6.1401910453888 -5.2036208646906 
-8.7230484728423 -5.3464313975008 
-7.2788559067556 -4.8124180218251 
-6.7247091701245 -3.2763991105702 
-7.481921301155 -5.4367075620917 
-8.1821080972062 -2.967007957907 
-9.0410731025836 -4.7499228182627 
-7.8007982067806 -5.4530021555198 
-9.0252858516685 -3.0404188048998 
-6.6081501837999 -3.9469952946393 
-9.2586247703863 -3.1838866948502 
-6.5820459627966 -5.2316055213031 
-7.8655221887159 -4.4125565159745 
-8.1212504061312 -5.5243626137704 
-8.0362929764083 -5.2959932436286 
-9.2731900952936 -3.4003150024935 
-7.0214492802422 -4.7855729149279 
-8.5165550083898 -4.2729479700834 
-6.3004124398126 -4.4327228790388 
-7.1060705148007 -4.7958738554084 
-8.5255768368594 -4.8361202365379 
-7.3736307987881 -3.5213295311441 
-8.9650744079251 -4.2302600722327 
-6.1401370910822 -4.1909987789294 
-6.2886995760193 -3.3884916866759 
-8.8713294654061 -3.4117173885838 
-8.3955366688079 -4.0143527820023 
-7.3816842135505 -3.639705443088 
-7.5909996801763 -4.5618371503517 
-7.4259713578557 -3.2814995334119 
-8.4219105946779 -4.3748974208297 
-6.9623256331381 -4.6123627137315 
-8.236320863075 -3.5485683229725 
-8.483265339486 -3.929367879657 
-6.4858405497781 -3.7541627243668 
-7.4392420299628 -4.0977405824507 
-7.1892776888567 -5.4095727111735 
-6.3790561761518 -4.4806074846191 
-7.8058442621166 -5.5001560744526 
-8.2011822072865 -4.5370963566015 
-7.0748387629886 -3.4270194240255 
-8.8267331476241 -3.8223309144725 
-7.9359795109529 -5.1241206849031 
-6.4988451515173 -3.5967790018987 
-7.1482621184925 -3.9569286794434 
-7.5120927385871 -5.4093416620972 
-7.733415734774 -5.05330615621 
-7.6060981259066 -5.4330932708728 
-8.7980165324268 -5.1706266431421 
-6.4153093858649 -3.4117256958326 
-6.3553863993167 -4.5163506679079 
-6.7349396366803 -5.0893739499366 
-8.0537410847988 -4.1427713033641 
-6.5862568149322 -3.9530071002523 
-6.1055789442866 -3.8890206622875 
-6.8767391061816 -4.5329773083351 
-6.7763382470856 -5.2526119029591 
-7.6242046326849 -4.7292578674878 
-8.7010272559564 -4.0546495021206 
-7.8443420807176 -3.3258655262632 
-7.5672391096842 -5.3420671205868 
-9.1317217752563 -4.3549795912282 
-7.1115119936316 -4.7330471541405 
-6.1104250187144 -5.2664255185002 
-7.3122636802227 -4.5557856028408 
-6.2407124069626 -3.8007165331629 
-6.7645362091832 -5.3844986118919 
-7.1305929289529 -4.4440732370904 
-6.2393977570626 -5.1124565611793 
-8.8860936154675 -5.286271725908 
-8.5254450011702 -4.5713789229019 
-8.4561555716762 -3.6987256453565 
-6.2481859071012 -4.8548204381796 
-6.6922183747874 -3.9150150352232 
-8.7645022444342 -5.5085466027202 
-7.8421384590013 -4.9207389068293 
-6.5248761658584 -2.9071013756898 
-6.820837306263 -3.6992270173533 
-8.4370097660494 -4.7127084681106 
-8.9594762689081 -3.5126757538986 
-6.934817673469 -4.6905817924119 
-6.3569199163492 -5.4268960379532 
-6.1770053485646 -3.9140869850242 
-8.4477387585091 -3.5113213433691 
-7.7043529453929 -3.5456759471515 
-6.9722148511864 -3.7130285352837 
-8.1280778536158 -3.2125748121098 
-8.7230059523242 -5.5474519856103 
-6.4575332138276 -4.8039514186795 
-7.6525704241132 -3.660073019378 
-6.1748107156849 -4.4640905624285 
-7.9353139979566 -4.1464059023459 
-7.9438475425397 -3.5308143083649 
-7.3708046846814 -4.2315793291925 
-6.7085330609647 -3.130171268392 
-8.7779497600277 -5.1036029932108 
-9.2728207900458 -3.2456144573469 
-6.0824477875605 -4.3774145069454 
-6.4094378314127 -3.4659988163757 
-9.0941705478553 -3.9661871764351 
-7.5921339206825 -3.8413965995982 
-8.8444314764124 -4.2873846176043 
-7.4573789072153 -5.5608295974809 
-6.2034257444391 -3.3212202942196 
-9.2104000419714 -2.9053895277457 
-7.9084906191719 -5.4347824700955 
-7.5083632524602 -4.1363692568356 
-7.1453395699246 -3.7184174316002 
-9.0531881584787 -3.0090703214235 
-7.8161010190726 -3.4125358391111 
-8.3752626151545 -3.6239635056055 
-9.2733458601444 -3.0075285453375 
-6.9015400797225 -3.1255658678947 
-6.4855693987719 -3.0578645938828 
-7.5947255555107 -3.7404842929018 
-7.6590140204022 -4.0791480279488 
-6.9116558021494 -4.4158162102822 
-6.3930073086088 -3.3798492817921 
-7.3663391772682 -5.4683753513472 
-8.5853508678132 -4.8738867959816 
-6.4351498716252 -5.5417257893103 
-9.1894598849586 -4.3588370167017 
-8.082842560087 -3.3019184913112 
-9.1697863825577 -3.4632877148936 
-7.2492907737543 -2.9504772291865 
-6.4877580106418 -2.9164302936602 
-6.1900333517111 -3.9860970078539 
-6.9254311978804 -3.1539276722702 
-8.345954289056 -3.1237690287274 
-8.7450985010077 -3.2891315036435 
-8.4323027804397 -3.027610154281 
-9.2453586127777 -4.2258466597595 
-6.4841544621965 -4.6350399855099 
-7.5382153975781 -3.0079238818659 
-6.6871956479437 -3.5393311060416 
-8.3928249414576 -3.9976787595013 
-6.6168024248937 -3.1189412987658 
-7.7675476423279 -3.4068032923015 
-6.1251468812534 -3.7757518225621 
-6.4237267838793 -3.6490713755963 
-8.5529550026323 -3.0478541656678 
-8.4448011072255 -5.4315244609337 
-7.2593776793486 -3.5383654220487 
-8.6063123924006 -4.1766856718114 
-6.6521882513317 -3.9996690830351 
-6.2070926860328 -5.1252450482497 
-8.9572365156927 -3.8146541963933 
-8.1570941136657 -3.0072508410888 
-8.6664457881048 -4.11718722947 
-7.7361725336551 -4.264444567041 
-8.6600112098002 -4.1572966094197 
-8.1854759622495 -3.02104476904 
-8.0824693469901 -4.9433140476349 
-6.2166404967729 -3.0082023112449 
-8.8654793016097 -2.9914287605495 
-7.6753314363334 -3.2924696860419 
-8.264169319682 -2.9214707746779 
-9.2484441248183 -3.1828828223775 
-7.8736525066123 -3.5580022814636 
-6.7109508993491 -4.0840182171344 
-8.1933127146761 -5.1194485898684 
-8.8419688743493 -5.3219289331461 
-7.1929556594711 -4.3276490564653 
-8.8829852107709 -4.2533999752156 
-6.6080620311894 -3.535765696331 
-8.9359372775423 -3.8965146249719 
-7.5730782685971 -3.8544520898529 
-7.3753401172194 -4.810759267841 
-8.5396688312104 -4.6772865877357 
-9.03755533235 -5.3900551480829 
-7.6122480522549 -3.3053211915815 
-7.598770420937 -3.8808360480303 
-7.1505067547709 -3.3987776544809 
-7.8246184266043 -3.3614483297993 
-7.1216918642709 -4.7979457427769 
-8.6886003703361 -4.5641942620864 
-6.5016682883143 -4.4334253708094 
-7.3150000840545 -3.873787155677 
-8.0751266615547 -5.0181973345491 
-6.4551901318623 -4.8097243320747 
-6.2923684588923 -3.8037076414663 
-9.1161947159208 -3.5873229921128 
-8.4525039616799 -3.2712153535751 
-6.1946603171107 -4.0808155230757 
-6.9369590551996 -2.9839764208787 
-7.2941103918981 -4.7541660526079 
-8.1792487876143 -5.4374052119324 
-8.137395465676 -4.6562636571844 
-8.6754381396377 -5.2149792144438 
-8.15710192081 -3.2561608597848 
-7.9574638934381 -5.5684390356139 
-8.2770846465532 -4.9320985577183 
-6.1607006873225 -4.009785042112 
-9.042266689737 -3.1226156999311 
-6.3665815865653 -3.7391305235927 
-7.0979907783048 -3.2715478907916 
-6.2123358395054 -3.8261813955581 
-7.0434030958796 -3.0646191470967 
-6.1757001210337 -2.9882258059759 
-8.503629047964 -3.3048912018419 
-8.5483280990532 -3.6717721101828 
-6.7843007191187 -5.3245119203337 
-7.8455888846662 -4.7115923543436 
-7.4642597839375 -4.416051870307 
-6.9834466344157 -5.0374189903048 
-8.5801074239578 -4.8815484871927 
-7.0869706647302 -3.9886433749516 
-6.7580968984599 -3.6427335856168 
-7.57064562565 -3.678806459456 
-9.2145023159609 -4.3580352364254 
-7.02749037244 -3.4356737310433 
-8.2397159722195 -3.7767172409493 
-8.5075472129256 -5.0085969041974 
-6.3052360651444 -5.1917582529884 
-8.6148091467695 -3.1108719965222 
-6.7488040656627 -3.3336981978981 
-7.2068864549548 -4.4735823375727 
-7.1280377807716 -5.1286733682705 
-6.7717634040688 -3.4294370357299 
-8.4909368234802 -4.5567944798709 
-8.2063128725797 -5.3641583286076 
-8.5791991998765 -4.2779407466285 
-7.1661061441848 -4.357918947251 
-6.4958199505174 -4.6984513186222 
-6.7934004323274 -3.2249888010417 
-9.1535905041406 -4.1735096989634 
-7.7497317967223 -4.3202466937373 
-6.3781283290456 -3.6664166281047 
-6.5913431119331 -4.3725014323136 
-6.2868479082017 -4.0461551841543 
-8.2789266235133 -3.6599384505313 
-8.0431241897543 -3.3702151946515 
-7.337731272632 -3.2541907504516 
-7.1862940485869 -3.4669113255663 
-7.5096214263284 -4.2684539048672 
-7.3258942338893 -3.7075718164364 
-7.9617338715584 -2.900646442316 
-6.0794489357964 -3.6053833854646 
-8.8915147586984 -5.2209174289261 
-6.0934074876539 -4.4099858429718 
-9.2376971210039 -2.9596136872902 
-8.7011572697031 -3.4252244338741 
-8.6883768560724 -3.4345425584079 
-6.3168355864537 -3.8823686249818 
-7.7080527114596 -5.0658191340728 
-9.12974557588 -2.9155753576044 
-8.0563946824397 -3.5273012692763 
-9.0681436725854 -5.0309818800422 
-7.3732548786995 -5.5483078708839 
-8.1016321315415 -4.8619055398756 
-8.9754892584463 -4.9528011938876 
-7.2824994158501 -3.1467493598062 
-6.0655747537394 -4.0988471842269 
-7.1771808703559 -3.2968724850899 
-6.6756719530122 -4.0675249474163 
-8.4746405402635 -3.2953917207889 
-6.3084776470413 -3.4640971734506 
-6.6876969241501 -3.0235128718839 
-7.7904042960954 -5.5445369400891 
-8.0532121069217 -3.8141853741755 
-8.5896598531876 -3.3863573554952 
-6.6691720923413 -5.0742365284426 
-8.0904458782425 -3.9977154128316 
-8.2852202375686 -3.0532368394658 
-6.8765197086241 -4.0893760779711 
-8.3461127712493 -3.9613610614184 
-6.3676368635394 -5.1517528413686 
-9.2591990536881 -4.6094747556331 
-7.4552565876236 -3.7633264704093 
-8.5803283033093 -3.8138433494653 
-6.5186710981448 -4.6525405992351 
-7.5490282940467 -3.9723062653589 
-7.7989780726073 -3.2619303421913 
-8.3427792908932 -4.2250780529328 
-7.4109764155477 -4.5808915246649 
-8.5504946418792 -3.9928863894689 
-7.6835658213197 -4.2535402184845 
-8.0144743586139 -4.0258471674828 
-7.8311160133637 -3.4368085599123 
-9.0496572188131 -3.394474247721 
-8.7652104942509 -3.9082266915397 
-6.8485238568317 -4.9920998131246 
-8.1056895343078 -5.3578849946788 
-7.1450755221292 -5.4108633616748 
-7.2751267341264 -3.1240176512868 
-8.2211441063701 -2.9664504680832 
-7.8272466464571 -4.4394538502804 
-6.8021221656262 -5.5580871716161 
-6.3488517005947 -4.2146569484188 
-9.244212736173 -4.7237808508134 
-6.0575255202359 -3.0773082810797 
-7.7581266684917 -3.387887131887 
-7.2051775354595 -5.5418841698463 
-7.3012353093052 -3.9323423619198 
-8.0155338461431 -3.4875959477793 
-6.9784345789301 -3.0707597083564 
-8.659803166176 -3.3490570161727 
-6.7477356871801 -3.4219992865008 
-6.150747570015 -4.7226544872781 
-8.6548203439405 -5.0298807018604 
-6.7122310888887 -4.8064187400522 
-6.5521532820023 -3.5391870509705 
-8.6453990831752 -5.0640336395771 
-6.9959439986913 -2.9429148165084 
-6.7877867235375 -4.0218299566423 
-8.1263014707764 -5.2656165142226 
-7.62429003217 -4.0832891893091 
-7.6409085686392 -4.3564952536676 
-7.2142918412819 -3.0031841415707 
-8.3908982244782 -3.7960718457267 
-8.8193346658021 -4.3305019812643 
-8.2149971240642 -4.283481907651 
-7.8834417125239 -3.1236677638835 
-8.9559959603426 -3.1090639528141 
-7.2525614251138 -3.5786195731611 
-6.2314336027544 -4.7557136582513 
-6.9476184781622 -4.3783076760753 
-6.5606881917731 -4.908885388732 
-9.0013102845907 -4.7643707058673 
-7.3346120381503 -5.4911350207264 
-7.5309231108323 -3.5259088026086 
-7.2527913042906 -4.8509032834612 
-8.490126341484 -3.2230026125107 
-6.4372930775219 -3.6108842724999 
-8.1669933669696 -5.1977592891996 
-6.4205217158995 -3.9084171673076 
-6.318753360975 -3.5349854391951 
-7.7224804511864 -3.5179452631229 
-8.6013369131524 -4.2417488089554 
-7.6644410858738 -4.3733626488631 
-6.5756326583037 -4.7038240565202 
-8.8260337632181 -3.7914414977681 
-8.4984113141502 -3.0442454043567 
-8.05666753366 -4.4182760870337 
-8.5112327571306 -5.1786213990376 
-6.6500748999216 -4.7385078413334 
-9.2653505877684 -4.9703617274317 
-8.2236148507114 -3.7748777075646 
-8.3297656139484 -4.9858230462218 
-7.8181830792369 -3.5013136118444 
-8.7731501786136 -3.4112361264042 
-8.9367228878335 -3.5535291408994 
-7.2752834926328 -5.2454635503439 
-8.7743978665417 -5.1695327722541 
-7.8180827750351 -4.9565558153696 
-9.0673272923803 -5.4269191504531 
-8.9558147991569 -3.190159551441 
-6.4138632292983 -5.0893967324763 
-8.8722849173414 -3.4784700940955 
-8.9214471193792 -4.911964182662 
-7.9251436194914 -4.796226754971 
-8.0452688899052 -3.8792534452312 
-8.854260885748 -2.9512782688286 
-6.163993283862 -3.4001629636117 
-8.0143838416226 -3.7361838094912 
-6.1623476964062 -4.338787330958 
-9.046312230823 -4.7219403734716 
-7.6548646568976 -3.2286194401852 
-7.8192905237372 -5.5098934215863 
-8.5083124585468 -4.6329987866604 
-7.8930435120653 -5.1791424487927 
-6.9005278863102 -4.9199866513567 
-6.7297755843278 -3.800666484142 
-7.4937882755565 -4.7432687799056 
-8.292531221977 -4.5039258810239 
-6.8235870090371 -3.4614374062974 
-9.036858312449 -2.9004059918687 
-8.2635580670065 -3.7035881857289 
-8.1074740808166 -3.5603033661362 
-7.2245407958382 -4.5760886522629 
-8.257386521477 -3.54707304038 
-7.6500496556142 -3.7390791386101 
-9.2190414803497 -3.3960417537666 
-7.4515078566239 -4.1836782316155 
-7.7444699685679 -4.1734706779415 
-7.1475526127499 -3.3415953196639 
-6.9675669354517 -5.0974759804298 
-8.3479471854569 -3.9111920970184 
-6.721136304828 -3.9218719999069 
-7.7609895931573 -4.2735488956538 
-8.2806397472948 -4.6949944910163 
-6.0780413715278 -4.656508745395 
-6.3495561278749 -3.5150512258165 
-7.2849110790816 -3.6817936518804 
-8.3337061265933 -4.7768599608758 
-8.6165938116412 -5.3393075649529 
-8.2224114323977 -2.9116697370051 
-6.092990064145 -3.9057988724239 
-8.5056168971234 -3.8488787040374 
-6.089696304021 -4.6710828308217 
-8.0093843704611 -4.4504777666882 
-7.9639848746123 -5.085883001131 
-8.9511981792441 -5.2175878017985 
-7.0341059842624 -4.9759611344018 
-6.9581832676072 -4.5894156955402 
-6.4904469837263 -4.172013452023 
-6.079617127105 -5.0056644138602 
-7.6991272482292 -3.2939982383053 
-6.4300045616554 -4.2252477914269 
-6.4503654717046 -4.6926264899837 
-8.603283394289 -4.8411940049579 
-8.8607927933553 -3.5870077739102 
-8.067062734662 -3.9620358633636 
-6.1766163891275 -5.302987030569 
-7.103348425485 -4.6186750594927 
-6.3934134139913 -5.2059986225554 
-7.1545267106994 -3.9588019853689 
-6.5387969408653 -3.9307822155899 
-6.3252192885378 -3.6082740716026 
-6.8700069548048 -4.8598618095563 
-7.4280156657965 -4.6315876886622 
-7.1414314282285 -3.7469167845586 
-7.8869711419803 -3.4786296394534 
-6.6237603214693 -3.6692264561395 
-6.9686649841878 -4.3180943680572 
-8.386772387109 -3.9513412814761 
-7.0725854595692 -3.9492055531956 
-6.2671632128563 -4.9534923818792 
-7.7168336413981 -5.0730392044232 
-7.269029412495 -4.6621423159488 
-7.0903649682272 -2.9556390575371 
-7.7856878222573 -4.5276740451385 
-8.4098033201601 -3.2521935423946 
-8.9381985849166 -5.2007709031863 
-7.8032263580641 -4.4371634732012 
-6.8421982252224 -3.2593379298178 
-8.2754552102803 -4.6395024903474 
-7.3160485675415 -3.1039829324636 
-8.9397757025046 -4.0825516513914 
-7.7067375517966 -4.5436480384499 
-9.1146252880739 -4.2311116896978 
-7.8241856810251 -3.6441601522582 
-6.8192035342113 -4.9482946192914 
-6.8388289569599 -4.1599654445401 
-7.7161761046632 -5.1817910329355 
-6.8650102321791 -5.4637349676644 
-6.8439737030562 -3.8546760470914 
-6.2906756320224 -3.8635726233603 
-8.6493200133746 -5.3022009280177 
-7.2893463601171 -5.2504774905873 
-6.5272301063035 -3.748908733318 
-7.4908060973172 -3.2976401494989 
-8.074434754403 -3.8132104341386 
-7.7794959943133 -3.8089267817355 
-6.4360483488946 -3.7914129774978 
-6.2925102967506 -3.1229454782533 
-6.6812308985074 -3.2843611322519 
-7.1531351600927 -4.1833097075308 
-7.3260605583568 -4.2696831802486 
-8.9905543356879 -4.2894117116625 
-6.4277400015251 -5.5523583777197 
-7.3237504562908 -4.2126095953939 
-6.1158019048478 -5.0796597106653 
-6.900446705795 -3.4404786730539 
-8.5147247936088 -4.6363744444461 
-8.0155467985171 -3.6011607504325 
-8.3518442442496 -3.2962863771781 
-6.486443858829 -4.0326308362444 
-8.0095608292219 -4.3360105505845 
-9.2199056933061 -5.3196341815849 
-6.0542883572112 -4.0288058260143 
-7.0827467357927 -5.1724082777963 
-8.8887228109992 -4.5607009867994 
-8.8092911699058 -3.6028843305663 
-7.0972452559993 -5.3866828934957 
-8.7414229471775 -4.5503585092684 
-8.7592698855608 -3.8534905934715 
-8.2916136034672 -3.5252292780405 
-8.4056564607594 -3.4338404312098 
-7.7110539116781 -4.9587119238598 
-6.6005862105739 -4.2836960232978 
-8.1264574376745 -2.9734386800785 
-8.8746327343261 -3.2177682604293 
-6.3546908206169 -4.1125457926371 
-8.3900616022881 -4.6595897504162 
-6.7636098566707 -5.2616841084534 
-7.918552593062 -2.9791549944631 
-6.3813061418998 -5.3453133954278 
-9.2615083956944 -4.7951155199592 
-7.9549648204482 -5.0501682985802 
-7.1770447768363 -5.3465457883419 
-8.9725394052722 -3.4089596594738 
-7.5746077240159 -4.4794250027811 
-9.0814088841048 -4.1683119253396 
-7.8991045265952 -3.6975512814295 
-7.1734789479026 -4.1547631473108 
-7.8379871766372 -3.822125394936 
-8.4858932447151 -3.8474239700765 
-9.225146748744 -3.4354730401479 
-9.0177381027907 -3.9108128905955 
-7.6533133537181 -5.3659276341267 
-6.7381804333689 -4.5374068294259 
-7.3624040581229 -5.4978913264702 
-7.3580713304778 -4.2869762835657 
-7.4966209711422 -4.1238983864105 
-7.223141940149 -4.8993226264112 
-8.6044656140325 -4.8059404829058 
-7.2535290162349 -2.9993947853499 
-7.6406246163263 -5.1516593583338 
-8.4856696135455 -4.3299549365497 
-7.4746988136996 -3.1006393493784 
-7.3197966707639 -3.7640008015275 
-6.8721805175977 -3.674691355293 
-7.4802425930423 -5.5549260620822 
-9.247288115468 -4.3354009378755 
-7.6681388127372 -5.1260325230423 
-7.3873692254009 -4.6808448849614 
-6.6670747851433 -3.6017457385704 
-7.2627808275369 -3.8809879091066 
-6.9304986077444 -4.3727082726659 
-6.3146106067155 -3.3493746232735 
-6.4808395301234 -4.4174190085077 
-7.7161150017429 -3.495277644972 
-9.0289297152562 -4.2835412531124 
-8.0837480237622 -3.1188795058972 
-6.795754091267 -5.1254099484867 
-6.5269932407436 -5.0075508164708 
-6.2777911704369 -5.0974756042768 
-7.7452066250314 -5.3569322786448 
-6.7496240585212 -3.4037887832471 
-6.5502746373167 -4.2905761235943 
-6.5060743191584 -4.0197541457499 
-8.4802974490184 -3.7731112441797 
-7.1830675794854 -3.9742461542769 
-8.8437291534189 -3.7505942994309 
-6.4439198573155 -5.1054235900839 
-9.0094255499207 -3.3582753463568 
-8.3757652725785 -4.0699532664396 
-7.4464101688166 -3.4135509404345 
-7.7075050687406 -3.0450570794385 
-7.8772743675001 -4.2414740996392 
-7.0429754799041 -4.816504203 
-8.3074631895144 -5.3982532737208 
-8.7249233318501 -3.2181545500783 
-6.5800381848988 -4.414384131288 
-8.6968177039327 -3.9746656419279 
-8.0926262705385 -4.7616832022696 
-6.4969120443123 -3.8479160518409 
-7.6306118861728 -4.9517916065432 
-6.5857602618041 -4.1622590774703 
-8.298202778023 -5.2046932015165 
-9.1884498593987 -2.9287880314241 
-8.4779844138209 -2.9094668124137 
-6.9395780497757 -3.3324138477498 
-8.0058896405237 -2.9192776015197 
-8.5496717499181 -3.0549989670757 
-8.8288063319981 -2.9920821646661 
-7.9574644323257 -3.5420149544764 
-7.4815541283157 -3.9529981404716 
-8.7928591639196 -2.9076486672995 
-6.6598408870783 -4.2575431012658 
-6.9121008095947 -3.2208960726419 
-6.2363001220047 -4.8710986019188 
-6.4419790968815 -4.735276256264 
-6.300526914346 -5.0278195401266 
-8.6295437005865 -2.9670461349251 
-8.1818738255507 -3.2768268729736 
-7.6997771655398 -3.2042119446787 
-7.5828853779116 -3.0177949620913 
-7.464753629534 -3.2133172963929 
-7.6330874412252 -5.2207569325362 
-7.9530295810089 -4.8420347831512 
-9.1524151472447 -3.9268800123307 
-9.1036366243064 -3.5250476460698 
-6.5672281648179 -3.7916118044164 
-8.2656197957094 -5.5644068225898 
-7.9066919304389 -3.6311378288101 
-7.7958405733526 -4.6664180897659 
-8.490201950766 -3.7411766984399 
-7.6616726384616 -4.6105823024438 
-7.6233141312187 -3.8557251146336 
-6.7756567197421 -5.3207272217495 
-9.2422536465507 -4.2758015591537 
-6.1530020155033 -3.4324502429512 
-7.0859087649904 -3.9947510796963 
-8.6059381109245 -3.6203847437651 
-6.8406604028712 -4.9603858646233 
-7.5899455049934 -4.0215776833888 
-7.0121094843094 -3.0251247503216 
-7.4283460322694 -5.292994207245 
-8.6523054459525 -3.83657725263 
-7.452441514136 -2.9809044559428 
-9.0696543719462 -3.3310395349107 
-8.5752760879361 -3.6646490780149 
-8.900162970501 -3.7326741248669 
-6.4501032697397 -4.5334646971328 
-9.2429923841359 -3.1595470759117 
-6.064749509716 -5.2820540661341 
-6.6693407260469 -3.7045921613743 
-9.1053114324164 -2.9818333656141 
-8.0266800160184 -5.3823798382761 
-8.2333270606225 -3.2730111201062 
-7.2538633943683 -5.4773375496115 
-6.4870019702327 -3.0842292719434 
-7.0611042216691 -3.6477272795529 
-6.2065617980885 -4.9445930902849 
-9.0420488474309 -3.3099790789991 
-7.1809152066355 -3.8462662881209 
-6.365556556409 -2.9484688625459 
-7.9255792246346 -3.129370178349 
-6.7916056293177 -5.3642039217407 
-8.7575075134181 -4.2530231110936 
-6.3857554930772 -4.1055848580784 
-6.5207895847929 -4.9731456048488 
-7.6345849846225 -2.9866962648807 
-7.5151741147758 -3.5106763649262 
-8.409836356532 -4.0901162593095 
-8.9804350747898 -3.5424921249352 
-7.6103812354934 -3.7181683924959 
-6.2398429398251 -4.0262861997791 
-8.3863869214712 -5.076764918453 
-6.5271026513017 -4.2991880234666 
-7.8193857083365 -3.7042188891979 
-7.6960542484524 -4.4535243602683 
-9.248247234182 -5.4505269197785 
-6.8985915561495 -4.5837850340284 
-8.2623484342579 -4.5162921323606 
-8.8563853032798 -5.4982014799187 
-6.6631030922454 -5.5066566922163 
-6.8588166146537 -4.597273751489 
-8.1061205178816 -3.3337823108919 
-9.1804467899341 -3.0132551654589 
-9.0074143733923 -5.3295619562728 
-7.5496574279841 -3.449012465237 
-6.2338635091341 -4.2421555472291 
-8.0404505403426 -5.5246909390079 
-7.7091471746926 -5.2521678120495 
-6.5864179440866 -3.5828882160988 
-6.8580127977379 -5.312861106227 
-7.141146950841 -5.3632657017854 
-8.2039074645034 -3.6822246839566 
-7.4908105190638 -3.1798568134687 
-6.2836964467128 -3.3529723802747 
-8.1558923034177 -3.0486681171065 
-7.8606135301863 -4.6991356722391 
-7.9325730444286 -3.0246836564145 
-8.1688574545875 -5.4440930636876 
-7.9894448322295 -4.6019436605656 
-7.2483016189015 -5.41557029984 
-7.0955368836821 -2.9390672516465 
-6.0837187113016 -3.4871102616628 
-8.716361662842 -3.210221261488 
-6.1233068734853 -4.0501312626999 
-8.4066323514494 -4.08493632803 
-6.5605834108382 -3.1178261973291 
-8.2864973647914 -5.4873559465785 
-8.043263241367 -3.3445891030006 
-7.776782817115 -3.5826064178755 
-7.1875519614273 -4.6009104609585 
-8.6789356593863 -3.2121140960897 
-6.9820557226848 -3.2598135347825 
-7.2832070894327 -3.5615431771309 
-7.1463974928373 -4.478041621504 
-8.3545131477453 -3.4043550169182 
-7.7146433836319 -4.0623928072631 
-6.3760291977881 -3.2834724797673 
-6.8036646488107 -4.1217718792465 
-6.402961527615 -4.9484496325751 
-7.273795930801 -3.0922077735239 
-6.5916379776776 -3.320450774553 
-7.3541356760141 -2.9654964764296 
-6.7355832082562 -3.7458353888271 
-7.9677843724978 -4.346782224313 
-8.1107938704713 -3.1536208858635 
-7.7357091747417 -4.9114818137341 
-6.3212834426642 -4.0479937264757 
-8.3317098666274 -4.6577906007071 
-8.6257981231813 -3.223722406744 
-7.0343777805601 -5.5123528099203 
-6.4731104242964 -5.3610053133384 
-8.3072915971301 -5.3090782656734 
-6.572844761773 -3.5433240129809 
-7.9486693273027 -3.4262919496065 
-9.2374078368541 -3.6640048580703 
-9.262125393562 -2.9916829635202 
-6.446474759694 -4.9678788612344 
-7.0926547880087 -4.1079392426162 
-8.4701845720031 -3.4187648115262 
-6.0905153786093 -4.7254217576463 
-9.2273546272898 -5.2493925714711 
-7.0821443322932 -4.7381385757829 
-7.2000169799591 -2.9689709119622 
-7.5658578404765 -4.4867290584574 
-7.6853180374308 -3.541848300606 
-7.4627865732246 -3.7327850231826 
-7.4216159885479 -3.1943205344397 
-6.1342815534962 -4.6992967217247 
-6.7690851978424 -4.6265506202327 
-8.1529034913243 -5.2458623978301 
-7.1866838292631 -3.4747588350367 
-7.7721295184241 -4.6271011428194 
-8.647406949602 -4.8907508585025 
-6.6312606763631 -3.6881724172015 
-6.7036874076855 -4.0298752261048 
-6.3349970938301 -3.8895510494849 
-6.7524606663095 -3.8177274037871 
-8.1162772912155 -3.8608132645188 
-6.6303028891136 -3.2200256889565 
-6.9666903463034 -3.0284419899172 
-7.7523507189692 -4.5446409830764 
-6.1983014670084 -4.4424603522019 
-7.9765999504102 -2.9876658471521 
-8.5618934790831 -5.0336690671715 
-8.4275450682949 -4.9528559716412 
-7.9636637356343 -4.677823037794 
-6.5706905381207 -3.1766005490485 
-7.164154318367 -2.9486978924638 
-8.4928056458548 -5.4753463564524 
-7.4543928627275 -4.0191336773576 
-8.4780044802703 -3.2402061606712 
-6.0913032136284 -4.8905865877823 
-8.0191567815361 -5.2612514514929 
-6.2307877163871 -3.2315589102102 
-7.0325400222497 -3.6323154214769 
-8.4148649178646 -4.8378124967224 
-6.1455413986513 -3.0152747901223 
-9.1713174033898 -3.030368928592 
-6.6437920535156 -3.9699784196854 
-8.481431048586 -3.3941478816329 
-7.6944282958814 -3.480641618467 
-7.0001896446302 -5.5242425187077 
-8.6259796560532 -5.1488963579325 
-7.6033457795768 -4.7538994402472 
-7.7774406217148 -2.983557065422 
-6.0771380103676 -4.7204876473419 
-8.5213713880414 -5.3756686618271 
-8.4019427878219 -3.2928950503036 
-6.6893655857635 -4.6643208800797 
-6.4477403302647 -4.7367053958249 
-7.5699245794444 -4.6541913365449 
-7.8953447419524 -3.7637710026677 
-8.1998919432463 -3.4792261006687 
-6.6102723823675 -3.6372994937383 
-6.1211692981528 -4.1338546173069 
-9.0761365059417 -3.5354502296955 
-9.1863152243031 -3.4655719258838 
-6.5720095273898 -4.9727663524838 
-6.4313125858131 -4.8982345331209 
-7.9654927261357 -5.1058381469876 
-7.8620139592975 -3.5748902307029 
-6.6497848087853 -4.6429243105205 
-7.8978331949154 -4.5035202738079 
-7.4543083694531 -4.4998328942799 
-6.1205096598644 -3.6273001237749 
-7.3300160364576 -3.1875212419361 
-8.2865760923763 -4.8343175008745 
-6.2985017856289 -3.2782492321003 
-6.260550295857 -5.4810533663676 
-6.848111114409 -3.1285314537654 
-8.071983530421 -4.5038685425851 
-7.5220045999506 -4.1776090424166 
-9.0954794212643 -5.0724815115983 
-7.1799193020785 -4.4432740201987 
-6.429248296512 -4.4819517730754 
-6.0522643175064 -4.8316857387383 
-6.6060921775499 -3.3767992509429 
-8.7246712605254 -5.2353785016818 
-6.4902148002353 -4.0578828823133 
-7.3956836566339 -5.5040080140383 
-8.6922937056463 -3.9882725865018 
-7.9541852877871 -5.3493728999291 
-7.6648476996367 -4.2414135053902 
-7.9240295602812 -5.48568863448 
-6.788057300281 -4.2094317068233 
-8.8574084534501 -3.2437781781164 
-6.8126877448591 -4.9918859661725 
-7.8089974524564 -2.8941017637225 
-8.3608218869367 -3.0951965092563 
-6.2979468972378 -4.0274380665798 
-6.6632013906019 -4.1766382993231 
-7.4904145851209 -5.5473214766116 
-7.0325032241614 -4.5196352344336 
-8.6608513827918 -5.2253513327698 
-8.3100596873477 -3.6940822783256 
-8.510817739877 -3.1371464786081 
-7.7244796887134 -3.0520023305642 
-6.5906559416276 -3.0948527514088 
-6.7762687934183 -3.64766130408 
-6.4770076483169 -3.5986609111963 
-8.9795712839252 -3.5757650607912 
-7.3599250606745 -4.0101493523914 
-6.1507626870863 -4.7791490484944 
-8.4617469427499 -5.5516748232728 
-7.9552484630547 -4.7168524062436 
-7.4964709533586 -5.398883790751 
-6.1931932640453 -3.1320843244645 
-6.5529626046965 -3.8742635001138 
-7.5678263584583 -3.6912322671898 
-8.1674516975779 -3.2697012770698 
-7.2841837973028 -3.1102208657146 
-7.2433493877415 -4.9665862166208 
-8.8501685693263 -5.4464601196167 
-6.2135004678745 -5.4364951867802 
-6.0865349250862 -4.0390677870286 
-6.1320282492856 -4.4554107747613 
-7.2633538941409 -5.438146505987 
-7.5111358912358 -4.4954257761124 
-7.9782737505879 -4.9393950206492 
-8.3887227272652 -4.3699639291609 
-8.456418188967 -5.2110224697665 
-8.9088651792339 -4.058001150448 
-6.7389722470854 -5.4044783254791 
-7.5018404361142 -3.8944376523036 
-6.5976537504136 -5.5694254827111 
-8.7457118665781 -3.7820303124156 
-7.2385817680879 -3.0304319396509 
-8.0649007979116 -4.2383481753095 
-7.2558694357672 -5.3778025029064 
-8.7930772410987 -5.2213097028975 
-9.0954160662191 -4.2744542553816 
-7.5605709933253 -3.7810373366346 
-6.6222734220611 -3.0727129145237 
-7.8867083042149 -2.9768420688743 
-8.8824000284011 -4.9414096229163 
-8.9048906146636 -3.7175693876849 
-7.0677758593274 -4.1749027735579 
