-3.3860802366992 -4.0112644048492 
-4.6363672362266 -3.3991657545348 
-3.9702686239588 -4.8385143379614 
-5.0469549450281 -3.2742091137483 
-4.1835752834261 -5.5751968287051 
-4.5859233471683 -5.5645213640607 
-5.1148051051633 -2.9026203236865 
-4.7570202487913 -3.2831825337158 
-5.642444520375 -4.7413618618967 
-4.1564786933595 -3.4649898784245 
-3.6040658436396 -5.0598446862814 
-3.3951402282871 -5.5548358215938 
-5.3431720075674 -2.9304268438461 
-4.4326117561825 -3.0209147418647 
-3.2653671491763 -3.9273743348909 
-4.4515641958858 -4.774203267612 
-4.7698127176435 -3.6569733310051 
-3.7631910753572 -3.4711567719317 
-3.2645782735715 -4.8257027447832 
-4.7579271090176 -3.8572411981624 
-3.3169803521124 -5.1100719493339 
-3.7170538888777 -3.821354875443 
-4.3588363321364 -4.6416355667952 
-3.8549622204422 -3.6083419024689 
-3.9498977237998 -3.099965265969 
-4.8494624522977 -4.9263600765833 
-3.370258947046 -3.2248367325918 
-3.5622418980692 -4.4492260706517 
-3.6226558341752 -2.9107830205456 
-4.9465119786588 -3.1246035988971 
-3.7334278955237 -3.9253420262257 
-4.4264748560562 -3.8194423894946 
-3.3455496845308 -3.6834847994213 
-4.2318874532398 -4.3084030469421 
-4.1784269258613 -4.8260443187891 
-5.8077309521822 -3.0552474888544 
-5.3327503879448 -4.3838870595144 
-3.7537722473914 -2.9672539821876 
-4.8426743554577 -5.0203341145461 
-4.7568080102219 -3.0991399509607 
-4.894447126625 -2.9357782807697 
-4.69442039438 -4.381528572284 
-3.3085980422792 -3.6335321588872 
-4.0901977465784 -3.0898304221978 
-3.2780600049816 -3.7600655455426 
-4.2546487796506 -3.932537664404 
-3.8148139215474 -3.0696305822802 
-4.5628644713399 -3.0246856457703 
-3.8877388409617 -5.2335322423627 
-5.3288414877152 -3.8448544335506 
-3.8288112148996 -4.1545726171867 
-5.8292007157383 -5.119265178442 
-3.5160579481349 -3.0676675861867 
-3.7551423968191 -3.0511887700151 
-5.8673770955412 -3.9050283037917 
-3.3450590892492 -3.4853744225437 
-3.251712471055 -4.6254150866914 
-3.6217459063393 -3.5775194993968 
-3.512058683036 -5.5657565886538 
-4.3566429166078 -3.5966975808634 
-5.2289220433756 -3.2742456945413 
-3.8165536244333 -3.3225106151652 
-5.1767637815693 -5.2200110446869 
-4.7031905390841 -4.2882795006312 
-5.4725229791011 -2.9789511200402 
-3.3170881402663 -5.558254376269 
-4.9630075815502 -3.5483160919055 
-5.6333238872272 -4.9291436663966 
-3.6135738608086 -4.1960254008261 
-4.1691248954942 -3.8973843467584 
-3.280164655243 -5.518563076842 
-3.3303049581535 -5.3607651838907 
-5.0649253470514 -4.4475654684276 
-3.4581369436497 -3.9715143567168 
-3.5957531648716 -3.5273470242827 
-4.8641585004158 -4.011091688556 
-5.0780216229864 -4.1833501930969 
-4.0220998340581 -4.6833857896622 
-5.2373530120596 -5.4651065432369 
-4.5138322472773 -3.6868874485728 
-3.3766228904801 -3.3490613910789 
-6.0174693227217 -3.3848779481135 
-4.1188259559415 -3.9840558909762 
-3.4912680936001 -5.0051287597109 
-5.8842191399969 -5.4836963433341 
-4.8981285001109 -3.3816270276517 
-4.146581531462 -3.7068748141356 
-3.4326703813648 -3.4232632662969 
-5.8477355884482 -3.0196250193901 
-4.525538093954 -3.1413037438379 
-3.5307839810829 -5.5528762177764 
-5.7082885641959 -5.1530228648393 
-4.3153315064689 -4.3767283010518 
-5.6295039980458 -5.1584283539407 
-4.4533359901092 -5.3234867538965 
-4.7743448761787 -3.4791630891508 
-5.02798939344 -4.3699067356441 
-3.6767734417313 -3.2509461762584 
-4.2012742779236 -3.122652760779 
-3.9369850543852 -3.0928534609879 
-4.6216694156408 -5.4248743532216 
-5.4459909225231 -3.7049236487648 
-5.4713251478809 -3.1667917584937 
-4.2544165675086 -5.4367565556241 
-3.2902846305727 -4.1305786180114 
-5.571342644328 -4.7182759952676 
-4.8093902363665 -3.5939534750866 
-5.1870822627929 -3.3005267797907 
-4.3567433494348 -4.4130005960952 
-3.6414792494642 -3.1383085043361 
-3.820588037293 -3.1521142201589 
-5.9571722108247 -5.2803991043126 
-5.5884496009119 -4.6076988458463 
-4.7241094184927 -3.940882272426 
-5.5256703288515 -4.1993479014777 
-3.5713441528714 -4.6878186039033 
-3.9335501036625 -3.9471244063762 
-3.5370120257721 -5.2641087849715 
-5.7731926401644 -4.1310719314821 
-4.651489124783 -4.1084792731242 
-4.274266602637 -3.5805637202851 
-3.2453208373624 -2.9539507590498 
-5.6518059304291 -5.2948635583085 
-3.990109693761 -5.0649967298395 
-5.6339650579246 -3.2606547892867 
-5.5460690550991 -5.4336726965094 
-3.6944212646811 -4.3259105503049 
-6.0059863407699 -4.4404499224706 
-4.1128615816979 -4.5364849928115 
-4.6445528453479 -4.2224460181927 
-3.7336329444722 -3.0636167669388 
-4.6723256762203 -3.2652295538963 
-3.8905989184323 -3.7223573599901 
-5.5959729559158 -4.8736036954072 
-5.0913811130061 -4.7615946965994 
-4.3130150452215 -3.2207234356927 
-4.8587885097841 -3.9182642442091 
-3.3035841985786 -4.4956814526938 
-5.908831114518 -4.0715462875352 
-5.9761525900325 -4.784152892149 
-3.9445220340821 -4.6894628193095 
-4.070918859275 -4.0381292894179 
-5.9002183879433 -5.5033872661919 
-5.3823361894025 -4.7221906712497 
-3.7285064983132 -3.6334324360955 
-4.6982680246652 -3.3561047364458 
-3.7995202574914 -5.3910319039396 
-5.1698305663331 -4.3197317930661 
-5.3413440035762 -4.7636294227591 
-3.3796989213873 -3.7309728374624 
-3.673879585628 -3.0788346510762 
-4.5073415739179 -5.1931467462179 
-4.0603884050528 -5.1842756045688 
-4.5226547840112 -3.2266903815451 
-3.8050172762556 -4.2727907163181 
-4.9022732820721 -3.7697650470358 
-5.258745243579 -3.3122326662282 
-5.2522092595672 -4.66883581012 
-3.3664041473963 -3.943878960854 
-4.8506753596086 -4.3065890096292 
-3.6745992131018 -3.5235286946078 
-5.7216909228081 -3.2247127855705 
-3.3293792852456 -3.6848512172687 
-3.3446672143975 -3.4694114201603 
-4.0646390849755 -4.5827852778794 
-3.561027446005 -2.9639976642225 
-3.6096884248951 -4.6696534207472 
-3.867113109294 -3.9725263023029 
-5.3903191816293 -5.2598054144611 
-5.0429717511757 -4.4039409124907 
-6.014428909489 -4.9782066975967 
-4.4727743803933 -4.3654998610519 
-4.7703208391774 -4.0058174369369 
-4.130323087099 -4.4789336766941 
-5.8347320476394 -4.8364087206216 
-4.660239889711 -3.2779103674989 
-4.1766388721877 -3.7641615671925 
-5.9155860950149 -3.0782255598517 
-6.0289335600706 -4.39397946392 
-4.4908259386585 -3.7194193944159 
-5.7044247451711 -4.5492416354392 
-4.448529740868 -3.0639770050376 
-5.3286270098016 -3.7703269600057 
-4.1765453530783 -3.4103764347693 
-3.9581906306801 -3.0549379797097 
-5.6761181568771 -3.3867875081612 
-5.3366267925953 -4.9598911084952 
-5.7648077733348 -3.9832305291489 
-4.4507605109654 -3.5800694108218 
-4.1796324756827 -4.0097784949477 
-3.2189690717799 -4.7332367114887 
-5.9746094204642 -2.9931048404998 
-5.0394898897811 -4.6837259137829 
-4.4128730618702 -2.9737565805299 
-5.6866878514987 -5.1847634296702 
-5.3797535018249 -2.9169810933395 
-4.5252746915504 -4.8860775321707 
-3.244699585938 -2.9105850868297 
-4.2092151930088 -5.069553783061 
-3.4391809020345 -4.8623669582554 
-5.9356423208002 -4.8456879801464 
-5.1178223715322 -5.1144961172426 
-3.3661767551761 -5.3478116351881 
-5.9157456336874 -4.968692579692 
-5.8294188975054 -4.4030926319785 
-4.1905916860673 -3.3095817480945 
-5.7698555527026 -4.8813438515975 
-4.4353600801973 -4.2515532271418 
-5.0712454570178 -4.766855478407 
-4.59646771514 -3.067147704309 
-3.6582600108225 -4.4812547840509 
-5.4400680639149 -3.9658339186008 
-3.9789140225467 -5.004760627153 
-5.5867732899633 -3.3356129989804 
-4.1361847689855 -4.2956696749801 
-3.7550480563945 -4.3850806661486 
-6.0478718165421 -4.6476346648052 
-4.6301323682165 -4.9723737513426 
-3.7212108626263 -4.6892691566521 
-4.2162939853778 -3.9719153143375 
-3.6529288806296 -3.1573357240457 
-4.8493705128483 -3.8983934295192 
-4.2007275804142 -4.9594365352542 
-4.5593246922312 -4.723844378149 
-5.2315529859125 -2.9226510367423 
-4.7967865451421 -3.6656335971454 
-3.4728045769515 -5.3148773858696 
-3.4573354402655 -5.0486533734731 
-4.5860156633939 -3.6780790546108 
-5.7395379261415 -5.3980257959822 
-3.6475773268324 -4.3411347693387 
-5.2596338182691 -3.6390453507716 
-4.29247354656 -5.4733638446479 
-5.3382407311693 -4.7752918565094 
-5.3070607002075 -3.6554069206695 
-5.0493708142224 -3.7070418653553 
-4.1776305164184 -5.5042353762865 
-4.0306335338348 -3.4583379770291 
-5.1948286615197 -5.4727459301006 
-3.8058622416999 -2.9323840921073 
-3.7793347510574 -2.9980601291218 
-5.1366862485422 -4.4039885269835 
-3.4895208804888 -4.3452027001134 
-4.9441700097084 -5.4309573153206 
-3.2606620829023 -3.5075812523407 
-3.3167763086209 -5.0076154164067 
-5.3057375514548 -3.0982803367809 
-4.3747175701699 -3.0780985617345 
-5.3445620005799 -5.4925596688412 
-3.3812159007013 -4.0176873209282 
-3.3651713202459 -5.504054389254 
-3.9511322694989 -3.6473242246363 
-4.4173815688192 -4.5187860909741 
-3.8285047631486 -3.632443643163 
-3.7568889246721 -5.062948224353 
-5.2867847254617 -4.4012743472419 
-4.1688639313812 -5.5005643965217 
-5.5434592354961 -5.5032636467954 
-3.2978380846627 -3.9792465777898 
-3.5958632993735 -4.7864505417809 
-4.7089643922328 -3.7066926532591 
-3.5591933557408 -5.5266887086472 
-4.4721206395542 -3.4631452918719 
-4.7633792530003 -5.1285186334087 
-3.9466819982411 -5.5610341768606 
-4.8802056518178 -5.500783932595 
-5.0668702585473 -3.6756414414576 
-5.1569461840903 -3.2844621684265 
-4.2065934400063 -4.3162377266684 
-4.9558937080432 -3.6439876276295 
-5.2934439510538 -2.976310223855 
-5.8939834165294 -5.3478249319983 
-3.3173605084705 -4.1521224607025 
-4.8889137316267 -4.33255808245 
-4.8927419729293 -3.7077405097204 
-5.3104163158036 -4.1282186340649 
-5.2511544967408 -5.1954448988188 
-4.8631120117389 -4.2391410179194 
-6.0450974226075 -3.3266218548933 
-4.1917126438061 -3.5065065150031 
-4.1934299624432 -3.6783586783586 
-5.9403061751594 -5.3789818372363 
-5.6570679967133 -3.0639892530843 
-3.9531341083694 -3.7053097261974 
-6.0272322141382 -3.983177752282 
-3.5025336269394 -5.2726535769777 
-5.5319725301593 -4.180677470863 
-3.6207752957014 -4.5482503786717 
-4.8132116192885 -3.7655956527572 
-5.0759584717378 -3.2794692248669 
-3.961577144114 -3.3987458485333 
-4.7230142500028 -5.4349242413075 
-5.1673901827736 -4.5641144204576 
-4.2444004127803 -3.884251509019 
-3.5519703525766 -5.2179210095744 
-5.5824708640002 -5.0458841948058 
-3.5042801323742 -3.544931226347 
-4.0047279411137 -3.6820679723851 
-5.2882459617772 -3.029491585475 
-4.1245617351352 -3.5398266472278 
-4.0515398795008 -5.0461248585644 
-3.8521819516099 -3.1261220885812 
-3.9323065709313 -5.2744805635817 
-3.2724513394178 -4.7475496306696 
-3.3885293244219 -3.8251909467752 
-4.0867480361788 -4.1288657550081 
-5.5151481028816 -3.676527976952 
-5.5000382750096 -5.4184605515681 
-3.9020143963429 -4.8938257585712 
-3.3521389746037 -4.4957157176663 
-3.9025075535347 -3.2777191163853 
-5.3554654826132 -3.9020214438212 
-5.5169943286134 -5.0560718818016 
-4.6004842798742 -4.6700480285797 
-5.7559298892158 -4.1383142251967 
-3.6583398132402 -3.9127329577242 
-3.6207773173007 -3.0596719281065 
-3.4618380857676 -4.047809171559 
-4.0170433952021 -3.2142843378466 
-3.5842564435188 -3.9788630180265 
-4.710317793918 -3.4749545906357 
-4.3355828314993 -4.2931269565079 
-4.8080673782998 -3.0277348240435 
-3.518804006643 -3.7067669434336 
-4.0525326722368 -4.1860017211631 
-4.12768576932 -4.3222241694657 
-5.1907230339017 -5.4115789805386 
-4.1402539498361 -5.4398468033623 
-5.6800992022866 -4.2250399490205 
-3.8343265702868 -3.0909443951652 
-5.197395246887 -3.4896455647265 
-5.0233782984815 -3.3663008857096 
-5.7126991519574 -4.5289789742166 
-4.0091178367182 -3.9088416523496 
-5.3206229445047 -2.9973018524542 
-4.9910993648616 -2.9611619484191 
-3.5446497167026 -4.4719848391512 
-5.0687818215291 -3.8373456728649 
-5.1788561244437 -4.8694214328308 
-4.0649977230268 -3.9039251452794 
-3.2607722837288 -5.2602387381038 
-5.6860829966157 -4.6287191323852 
-5.223696579678 -3.6349051822352 
-4.3209182550383 -4.5235659016302 
-3.7413753956281 -4.0378630728377 
-4.3201156407954 -4.3519841300359 
-4.7065677274281 -3.4784007395369 
-4.5526089992556 -4.4057865292006 
-3.744709484567 -3.4446819770836 
-5.3145670673984 -4.7509247497675 
-4.4813207130444 -3.1386143142454 
-5.652281016209 -5.3664173223083 
-4.6656357576073 -2.9027546696324 
-3.3271134092239 -3.1293345152129 
-5.460083130129 -3.6323060289227 
-4.3044321338215 -4.3029308551452 
-4.7029253116383 -4.8381316717533 
-4.3776214001517 -5.2378001962075 
-3.8774468520826 -5.2639921400306 
-5.4546965830714 -4.5422151353127 
-3.5064964081511 -4.7014267718042 
-4.5702298706957 -3.4102338215335 
-3.2732022730082 -3.8810305781204 
-3.2409625199333 -3.8646641230941 
-4.2529865852068 -4.6900644478252 
-3.7048505414068 -3.9339332081311 
-5.1046974165934 -4.118722213451 
-3.4104900870646 -5.2126840009094 
-4.1772103809478 -4.2151890505816 
-4.577628168909 -4.692890733048 
-5.6676036874444 -2.9748015436642 
-4.8434702045736 -4.0498056863846 
-4.2160921451151 -3.6260923342102 
-5.5956820027077 -4.5136621017472 
-4.7608625767083 -3.7594753850154 
-3.7424825332235 -3.0795659961573 
-5.1900979354328 -3.7999823474562 
-5.5949614978597 -4.4318963797233 
-5.668214071735 -4.1562807514156 
-5.5629827733869 -3.1201574421763 
-4.0554968270142 -4.4979011750632 
-5.6669986481961 -4.6683573589756 
-3.7613701374815 -4.8295922361216 
-5.9894933555833 -3.2599070320661 
-3.7927332437842 -5.1525187077317 
-5.8433342030766 -4.7067985691653 
-3.4058299806334 -4.1898426268813 
-4.8168990400298 -2.9116020726467 
-3.5501303256058 -4.2871279573375 
-3.2937837827845 -3.6413632940816 
-5.7187485470034 -3.3869446840318 
-5.5730116537797 -3.0576361998703 
-4.604220244728 -4.7914811559166 
-5.3814839749448 -3.5417506112763 
-5.9116314649558 -4.1477092713773 
-4.5469487372089 -3.0556132415226 
-3.8164355845254 -3.4527226305887 
-4.939047741731 -3.6336289411095 
-4.7155206670718 -3.7356762892945 
-5.9960015458008 -4.7348115163694 
-5.3672148575386 -4.1130872410464 
-4.9180137797549 -4.0327301389821 
-3.6426464910147 -3.7982778911452 
-5.1866852113309 -4.2323827695822 
-3.9416173937149 -4.1674816346584 
-3.33228345826 -4.1212570867296 
-4.2673343929807 -4.8071606188987 
-3.6833781620683 -4.4682143630233 
-5.7236869289102 -2.9319834248964 
-5.3786976975851 -3.7864772058177 
-4.840739703557 -4.6257331097491 
-3.8706946328554 -3.1343026057907 
-3.5603696055003 -3.8461941285076 
-4.5595646595489 -4.1482691923166 
-3.2264255918313 -4.346360844988 
-4.666748539279 -5.0425942081782 
-5.0264024081763 -3.3481476308815 
-5.588711863422 -3.4860954400899 
-5.8043352232344 -4.3522317939071 
-3.8048282974972 -2.9871409338682 
-5.7051371270682 -4.4265214311175 
-5.7603959367801 -3.2149469732527 
-4.7068561948064 -3.7404081890945 
-4.6941899748673 -3.1115153995303 
-4.3926098088919 -4.4495199317013 
-3.9903010551049 -3.0315007905226 
-5.0084938466617 -3.9168398102628 
-6.0141153028628 -3.4377908990521 
-5.4262331288061 -5.4159519722332 
-4.4877992806493 -3.7334362627852 
-3.8896795865831 -3.6230640201294 
-5.9617720921009 -5.3813260167653 
-5.0963595077826 -3.4191871228368 
-5.3965279132863 -3.8019505355034 
-3.9896818387734 -4.0867814004647 
-4.3981471506421 -3.0379126960942 
-3.6553136074761 -4.9120963200958 
-5.8969933083711 -3.7246564118322 
-5.3393181669145 -5.0701524976541 
-5.1713482436089 -4.39081723457 
-5.3852767186595 -4.9327567916063 
-5.342933597237 -2.9455010549234 
-5.4660712032904 -4.8696889141612 
-4.224149919883 -4.1213883959924 
-5.061283103459 -4.7041977523407 
-5.7669151974076 -4.4832642630861 
-3.9683502455653 -3.9079448767994 
-4.019572516185 -3.0908773155226 
-3.5447557821326 -5.0075367650417 
-3.6626375934477 -3.8304795579158 
-5.4787069236479 -4.5884917469264 
-4.2434647225434 -4.3512208386917 
-4.6924209136895 -4.4691899811602 
-4.9890725207322 -5.5122235539095 
-3.3674790169714 -2.9299320356213 
-4.9534632298943 -3.6244014969207 
-6.0411102740915 -4.6064200149438 
-3.2605581722495 -4.3744572308806 
-3.3909235586293 -3.2866185218469 
-3.8493195389821 -3.1926988690888 
-5.5809283273658 -4.6883283150839 
-4.9985084023458 -5.032075595898 
-5.0294191542487 -3.1991064265334 
-5.4790960221529 -3.5782261512841 
-5.3480023221886 -4.1458270750898 
-4.5527339167309 -4.5359545678469 
-3.441703135231 -4.8819422308043 
-4.2345548743545 -3.5452367511148 
-3.4494178376839 -5.1424641316058 
-5.4567912554146 -3.6672434657835 
-4.2147847326281 -4.5818239504541 
-5.9000210633711 -3.0578343131783 
-5.4721080907857 -3.9013313061432 
-3.5993080509256 -3.0702412550349 
-3.6008059118885 -4.8144492577593 
-3.299231547638 -5.4645835587441 
-4.0325890078769 -5.1096013628989 
-5.5587106684299 -4.0018070129949 
-4.193033916499 -5.2874797041464 
-5.7600765465159 -3.2879854372337 
-4.6417892628182 -4.7829729335927 
-4.7159905922408 -4.3875066908255 
-4.3962685000267 -4.8324404553741 
-3.5612462750285 -3.4254358370727 
-3.7595529594054 -3.4753027411634 
-4.0896815918416 -4.0548359987776 
-5.505546405677 -3.0950877660909 
-3.8695558151843 -3.8672160997267 
-3.5250297809092 -4.6129897410725 
-4.1382325422905 -4.9078815252718 
-3.3553536350559 -3.2812570072461 
-3.3668583942666 -4.9967097629026 
-3.7347531925856 -3.9096987848526 
-4.7355237117216 -3.493112135398 
-4.3881925987885 -3.3558566785818 
-4.1957749189792 -3.9426008027683 
-5.6497236794555 -4.81715972942 
-5.4119475200139 -4.1610574578915 
-3.6961118005544 -5.3875901182958 
-4.6103495069923 -3.872439299355 
-3.2242636313155 -4.6582622678554 
-5.7116601614786 -3.1727551304949 
-5.5102378766458 -3.6969834605478 
-4.5999847020714 -3.3476436966002 
-4.9137877391185 -5.2833664545357 
-5.6091802553616 -5.3123852824668 
-4.1979069808299 -4.1217204078234 
-5.1179881436218 -3.9856355692144 
-5.4298152950469 -3.7958001050841 
-4.8374965038116 -5.2155785549412 
-6.0266987190465 -5.2606794388587 
-4.7102917073468 -4.2630497671598 
-5.153360171779 -4.8682006493501 
-4.4394603395714 -3.5857517498189 
-5.1646331685286 -2.9371781368793 
-5.0172042130769 -2.9023414228039 
-4.4524904911853 -3.8846457201582 
-3.4293173114527 -4.713502287559 
-4.2815474386073 -3.7975146495778 
-4.0808562776381 -3.5042999944855 
-4.1427486797717 -4.0273369163294 
-5.9585582567487 -5.1319217910772 
-3.8041681008099 -5.3483795776367 
-3.8719117879609 -3.0109729343637 
-4.5008401552081 -4.4046532034206 
-4.1206342042556 -4.0501733307513 
-5.9614172075551 -4.8822077561797 
-5.7352399295894 -4.4083576252582 
-3.7732795207782 -3.2236491097758 
-3.9599396168828 -4.0884457673599 
-4.4634904445094 -4.1251832589767 
-4.5464450008655 -3.2101317742579 
-4.4631867645108 -3.1132044276992 
-5.8065651886179 -5.1948868471783 
-6.0035999781339 -3.4334303711257 
-5.3399473155257 -4.8998560242402 
-3.5499605560752 -3.4547075348516 
-5.7627013955821 -4.4074991408899 
-4.4792235091248 -3.7674612118559 
-5.6584687384849 -3.3399760983998 
-5.1452647232618 -5.3699988889386 
-4.4617950784104 -4.9284875613633 
-5.4774292838741 -3.9683323876491 
-5.8089531068136 -3.8625308624978 
-3.3803052318353 -5.5109223645683 
-4.8487686775218 -4.5543251553176 
-5.4601588019738 -4.01515557164 
-4.4773925535003 -4.9533396263024 
-5.9605966403811 -3.1349800379266 
-5.2501811397915 -3.7994371433392 
-3.5962333040341 -4.4377263246859 
-5.016754989584 -3.6741544608206 
-5.6899889453233 -4.4072266328387 
-3.3540018020313 -3.5456349067837 
-4.7126027588734 -4.0887842505106 
-5.9002734833072 -3.5260013724368 
-4.759627858626 -4.7130592620602 
-4.5423156170535 -5.4559950822093 
-5.7786558670264 -4.0522756436876 
-3.4908083247343 -5.4493456048977 
-5.2278093594097 -3.4913346799739 
-5.9321271111409 -5.0712721813951 
-4.0081909620297 -3.073573780307 
-3.5844520258858 -3.7468557876511 
-4.0473712531313 -3.6043178324947 
-3.6688326207544 -3.3134939494563 
-5.626823629015 -4.1466392544647 
-3.4418209857207 -5.3126025523463 
-5.8188798692488 -3.5601824478251 
-3.284728348513 -4.5873042907402 
-3.6236718176149 -4.7112766794821 
-3.7651798580463 -3.2224350065233 
-3.8668279339918 -4.3663278456295 
-3.7912149558596 -3.5477704673799 
-4.0522426235718 -4.5211953304757 
-5.6228228741285 -4.0202499434223 
-5.2471213625728 -4.1105919934366 
-3.3138735369467 -4.714443899123 
-3.3478537255089 -3.5006670096049 
-3.9939445248002 -4.5714925606219 
-3.5861181575919 -4.8160410360912 
-4.7361651423373 -4.4810277370555 
-3.5831783752521 -4.7823843634718 
-4.1491371661262 -3.5924274638179 
-4.7128829754862 -3.8301842358744 
-3.3790933227541 -4.3380870608856 
-3.873431831878 -3.0232260799302 
-4.9897445393568 -4.0075332501151 
-4.4236011189796 -5.1715725126514 
-3.2463727324848 -3.8861532241686 
-4.4084523646708 -2.8955528048687 
-3.639401786979 -5.2736823942062 
-5.8991267961428 -5.0811351696758 
-5.3699032461906 -5.2131932112627 
-5.2320720083359 -4.3405648007847 
-5.9739706804975 -5.2891411434764 
-4.7422633020037 -4.265039691213 
-4.5692228277831 -5.3052825995891 
-3.3235733874596 -4.5583054031382 
-4.3134104098993 -4.605887419452 
-5.5315577883475 -4.525565087226 
-4.129333445364 -3.8197359392443 
-4.8925425572597 -3.1338372704845 
-5.455851084478 -2.9174681060004 
-4.0046111016975 -3.3224269883859 
-3.3313821022306 -5.3644934789774 
-3.5583952791199 -4.5711564059135 
-4.9215886904062 -5.0661071260851 
-5.1020345275396 -3.7994309860242 
-5.5522778293937 -4.9877786313617 
-4.5919810502065 -4.4617675400445 
-3.5287781826726 -3.8323157003625 
-4.3703234409358 -3.6849165551758 
-4.5711198998547 -4.0231592783963 
-3.5647603833875 -3.7582851839137 
-4.0596237979053 -3.1989971786162 
-4.8380465966024 -3.0602613595544 
-5.9265863470122 -5.3512345357436 
-3.7914964688574 -2.9125220147055 
-5.2455239181524 -4.4261432659054 
-4.3179922986021 -3.4635407223606 
-4.687098342581 -3.0835672174559 
-5.1033398466252 -4.1101136008247 
-3.2637696331435 -3.9194297023608 
-3.804104071989 -4.6402187590413 
-5.3926967975702 -3.0448326211647 
-5.394495806124 -5.0702896653221 
-4.3034731015601 -3.7382816106603 
-3.3137845240263 -3.3151467710677 
-3.50789105683 -3.0524294548034 
-4.4460874025911 -4.7803646490423 
-3.4750254144257 -3.0619504353486 
-6.0346410371476 -5.5165208409635 
-3.9672331228161 -4.8626496406203 
-5.8977155431628 -4.4687913778843 
-5.056463628994 -3.872175242928 
-4.538708392356 -4.3395644487945 
-3.3705913734606 -4.7849852028834 
-4.3602531717301 -3.8617570104906 
-3.5892717315118 -3.1355009648807 
-4.1429472134907 -5.4081283790021 
-4.5528049635435 -4.5930426734644 
-5.9576776762962 -4.7286073323117 
-6.0411670419775 -3.1454065039792 
-5.7793976148441 -3.5062395872741 
-4.0201492836813 -4.1776312523259 
-4.4176759636116 -2.9730805980011 
-3.6584824423379 -4.5112970203725 
-5.2426627228521 -3.2205314869322 
-3.6379199525838 -4.9756967232209 
-5.7579582480252 -3.9477181059407 
-5.2549279167571 -5.5055436268621 
-3.2973479958937 -3.3353971265345 
-5.9655565955994 -5.5872851466933 
-3.6447996803158 -4.4848745847096 
-6.0450418509623 -4.5520798183425 
-4.3351393762126 -5.1838171151715 
-4.897400488433 -3.6675931839692 
-5.5945951593798 -5.3752616190802 
-3.6098914250871 -4.7943980315714 
-4.0370156868346 -4.9285254906729 
-3.6237735373512 -3.6592961074533 
-3.2283185339248 -4.6578452923401 
-3.5970962454579 -2.9480464876577 
-4.3267609114693 -5.4644654994181 
-4.6489281853302 -3.3211759756338 
-5.5629271899522 -4.2731702010313 
-3.3643304289461 -3.8979240338492 
-5.1070118894812 -3.3483227787799 
-5.2316390389985 -3.0916061270364 
-3.2592240828779 -3.0515197473378 
-3.7528058127037 -5.5708012948013 
-3.7393773211929 -4.3034280852948 
-4.6897710396563 -4.0013361207906 
-4.6476949218148 -4.3546686819939 
-4.7202338773339 -5.4664557603425 
-3.2972970564424 -5.5767043982124 
-4.8368201400304 -4.9515210782049 
-3.4776760020142 -5.16895787204 
-3.3110062328377 -3.7269840669915 
-5.5942541232003 -5.5461272259872 
-4.4833310095469 -4.0413199343142 
-4.8669131103708 -3.1404351140238 
-3.9536327712774 -3.7091392088787 
-3.4825560034227 -3.8031918142721 
-3.5398437538046 -3.9718264607644 
-3.2842762243651 -3.8316587999748 
-4.6485810500152 -4.0782525313756 
-3.6494529425439 -2.9907158444397 
-5.5669512986642 -5.1268794875866 
-3.4574626673855 -4.977910533145 
-4.841009333316 -2.9272608600368 
-5.3622184626349 -3.5195789072707 
-5.2535330660916 -5.1207993648417 
-3.925884408563 -4.0142034945768 
-3.2956604865492 -5.191786208733 
-4.6183997521377 -4.0841745460581 
-4.3312150362408 -4.2134464668586 
-3.2503809589919 -5.3373124257988 
-4.2604988266268 -3.3197330176776 
-4.5846857851694 -5.4343689605515 
-3.9753008166543 -5.4126823057013 
-3.2118600547028 -4.2406193733688 
-5.1935840889313 -3.3019617649555 
-3.5775523491055 -2.8953981008768 
-5.3517549147208 -3.1077247143336 
-5.0682949842195 -5.1680542309895 
-5.8892855932115 -3.0185124016146 
-3.4220467565696 -3.7347258333906 
-4.6506499639796 -3.2611593389524 
-4.7840264109534 -3.5635956894928 
-5.9606531894175 -4.251393960452 
-3.5996705906132 -4.1715902501224 
-3.7573369808076 -3.7253561038247 
-5.3385850576314 -4.4640421939717 
-6.0095109616505 -3.1895856561384 
-4.6921704774448 -3.4130221840278 
-3.5879322536246 -3.1258627831676 
-4.9973763745984 -4.3492865562379 
-5.3556802935656 -4.926381242484 
-5.965262891149 -5.2353551124019 
-4.4748624679495 -4.3024358560521 
-5.1566956708728 -4.1686898206004 
-3.2732366521824 -5.5220868363101 
-5.4353026882408 -2.9716659853295 
-4.5340922632885 -3.1857505229328 
-4.6237950212118 -5.4273824351218 
-4.542656278829 -5.1016126347277 
-4.0218130738647 -3.9639784586606 
-4.5007684320207 -4.8550712057507 
-4.6803574059987 -4.1510192628537 
-3.3894795688215 -3.7973926630206 
-4.766372386241 -5.4789714224255 
-5.3949139747921 -3.135910247452 
-4.8576176337869 -3.7292036938704 
-3.2157659484909 -3.9200252197529 
-5.6670862888934 -5.0998843435171 
-5.9494490230319 -2.9136849795525 
-5.671304987656 -3.5425922752574 
-4.9326808665824 -4.0260131519773 
-3.8951072543781 -3.2668889161266 
-5.2756633270385 -4.4274128873976 
-3.9204675413742 -5.1184070615672 
-3.9492094053227 -3.7555462543794 
-4.9113584117982 -4.3002736069892 
-3.4692318233772 -4.558119803527 
-4.9641422908687 -3.8557785033475 
-4.8207481156373 -2.9452929139176 
-5.0582024504891 -5.6022847245721 
-4.7474847115319 -2.9604953429411 
-5.6142391134657 -4.5758944332591 
-3.8310730643087 -4.1744892029473 
-5.5469253506042 -5.2982288550044 
-5.5475618982465 -3.9747998665915 
-4.2373456689129 -5.266390937818 
-5.787330117381 -3.0261651103358 
-5.9757517842676 -4.0003710927079 
-5.1694509620922 -3.4826047423008 
-3.9771205194719 -3.6450871215771 
-5.7180327552778 -3.5991762200464 
-5.5295837502997 -3.7073125996375 
-5.9242296207281 -3.3730843316094 
-3.3506259751296 -3.7321275459712 
-5.6585530858181 -4.2171653997349 
-6.0026310687435 -3.4978485531559 
-4.1408262142898 -4.6777634018209 
-5.261574941479 -3.4896180662538 
-3.8285302801245 -4.5084422658293 
-4.1688064064658 -4.9978174145507 
-5.3854683501211 -4.7805500798043 
-5.156647340483 -4.9233526265398 
-5.3194783720789 -3.2272545910353 
-4.2835485566962 -3.5161362147461 
-3.9273993420962 -5.3395604279086 
-3.3384250578675 -3.7125142317163 
-4.7979298918317 -2.9189381092748 
-5.3522868053267 -2.9974868458195 
-4.1086703553631 -3.1554568998552 
-4.151750711019 -4.1571287226734 
-5.3483820371259 -3.9815690593709 
-5.1540154113828 -4.7425040212937 
-3.5710861825218 -5.2099341272695 
-5.5722964817255 -3.4782166355066 
-5.3665129475413 -4.4070218936736 
-4.1269926461183 -3.9839147252008 
-3.8916289850373 -3.4776846131361 
-4.093836731164 -4.8464272901023 
-4.4720763063047 -3.5565934241694 
-4.8125160837738 -3.6338372538174 
-4.1924230922483 -3.5813450962208 
-6.0137434356948 -3.6874368146531 
-3.978922338375 -2.9764826376031 
-5.5282766699599 -3.6801602515625 
-5.8191323859143 -4.6164190634572 
-4.3443404680224 -5.3527986411221 
-4.8332679466903 -4.6743783127266 
-5.385834863419 -4.2728919135877 
-4.0334033066031 -4.3918033778281 
-3.6093652802566 -5.2832682538797 
-4.292188179283 -4.4924246977092 
-3.5074081144636 -3.8482397935924 
-3.472486484472 -4.4761310544116 
-4.8858081277088 -4.3934206762593 
-3.3891953107681 -3.85875459832 
-4.8502527501957 -4.4461811521243 
-4.847038696996 -3.2497831513844 
-4.1243228063039 -4.1931033777937 
-5.9169886249013 -4.0325628598969 
-5.508877527134 -4.82905351415 
-5.0628126728572 -4.731056800931 
-5.1611833980133 -3.8662177528688 
-5.2351890844078 -5.183396470028 
-4.0768845611717 -3.4567049270769 
-3.4367058870708 -3.7117624145953 
-4.058514701711 -3.8174528661343 
-3.6584714857522 -4.1553363251104 
-4.2452143437057 -4.5760082811114 
-3.9692996717687 -3.3469285596377 
-4.8233994572861 -2.9683970617571 
-3.8787209118337 -5.4987449358979 
-5.0811754912885 -3.1587444973495 
-3.2677081605145 -3.8490291343809 
-4.8877847030042 -3.1036191600783 
-5.6805040199962 -4.5315724007742 
-4.2411764004884 -3.2747414246116 
-4.7935542456357 -4.8621386392939 
-4.3577148590686 -3.4121670883241 
-5.4757848715381 -5.3552864412246 
-3.2813782010527 -3.5836588956936 
-5.1345117766408 -3.7619083961193 
-4.3494241601469 -3.0185706257909 
-5.8300163606148 -3.2752146726628 
-4.4636981896778 -3.8390752684644 
-5.0724040671546 -3.0095846114803 
-6.043325905304 -5.0177204742282 
-3.5288842265862 -4.7072649840091 
-3.6168563635773 -4.5616039229298 
-3.4845086906222 -3.4860826149291 
-5.5286903717719 -5.5466261574323 
-4.2560592052019 -4.1564765854229 
-5.0179571742847 -4.9629182229874 
-4.975963671504 -4.5466043437996 
-3.9070736390624 -3.1964971288336 
-5.0546612292768 -3.7893496339375 
-5.5494574167289 -4.4633776719516 
-4.1206117541862 -3.7896090023913 
-5.1907213857628 -3.914499202853 
-5.4991789582862 -3.1407665072413 
-4.5742564792993 -4.5224802371507 
-5.4805186047147 -4.6111012559748 
-5.7512596940672 -3.6982042045533 
-5.9669736943238 -5.494644307762 
-4.9526414987022 -4.8529611705573 
-6.0374724939936 -5.4078072664205 
-5.9082633765582 -4.7185163585201 
-4.6179118603452 -3.3619658006117 
-4.8041511877144 -5.2052844799582 
-4.9569039283281 -4.3772995066901 
-4.2928553802084 -2.9555094978318 
-4.2478116288787 -4.7937501748819 
-4.3108987755929 -5.0487659314018 
-3.278391636047 -3.3950607308743 
-5.9157587993716 -4.9363622752619 
-3.6637828510896 -3.9408855084149 
-5.5373855550495 -5.1091849633535 
-3.3048550919136 -2.9109140695582 
-5.3409902380719 -3.0943627155718 
-4.1586728274271 -3.7710348623082 
-3.7675935745947 -3.0235910269585 
-3.437875928849 -4.7417375919242 
-5.0507322108084 -4.4680125854633 
-5.5503505177488 -3.1446551513687 
-4.1772721958651 -5.2908051468059 
-5.7032299699839 -3.3014337286958 
-5.5318370193319 -3.6290955959296 
-3.382120176526 -5.1343544760898 
-3.7607237328191 -4.0282320160701 
-3.8725112881723 -5.3889434588938 
-4.2830005440274 -2.9569957057526 
-5.3826213615038 -4.9029676966815 
-5.5525348087388 -3.6975034903544 
-3.4041410167452 -4.8096093773899 
-4.6183229474575 -5.3265187149683 
-5.1075996595834 -3.69663653039 
-6.0464920227287 -5.3896009204672 
-4.1172366218901 -5.5362211073683 
-5.1887967003585 -3.3952835640108 
-5.8215467508253 -3.310987126498 
-5.5677206981476 -4.7431085775686 
-3.7214888742902 -4.1204283520911 
-5.0473257039728 -5.4254757095234 
-4.7701606942987 -4.7500724171718 
-5.2543171174617 -5.1159051930294 
-5.9794705789684 -3.0854487459654 
-4.229343781021 -5.5920759743994 
-5.8888363155387 -5.3787993985887 
-5.8564182104153 -3.2196749140741 
-5.5538695557946 -3.5214202490455 
-4.1042164928111 -5.0288150194242 
-4.9931558971586 -4.2191803390367 
-4.4089756958494 -2.9341417413468 
-4.7451121770636 -2.9329277445667 
-4.3880335026676 -4.6629497274475 
-5.9958459899821 -4.5231991203511 
-4.2036294831009 -5.2540748795681 
-4.8241395828319 -4.5536681859308 
-5.2738072875355 -3.6077923244292 
-5.426433421068 -3.7408207892291 
-5.2976848034772 -5.160739189874 
-4.5487833400787 -4.6392862589297 
-3.7199552844496 -4.8010180321376 
-5.5738419829337 -4.5438313919184 
-3.9735221497174 -4.5061631804748 
-5.0095851599711 -3.0076842658489 
-5.6965179518166 -3.7020498333724 
-5.8083949278206 -2.9343742746423 
-5.5350453846684 -4.0653613139869 
-5.1923860949464 -3.2714605305152 
-4.2101183439557 -4.4555996312734 
-4.0363695365692 -3.0242324715748 
-4.7757615788758 -3.8495316089003 
-4.7005874984907 -3.3152672890849 
-4.4199251074015 -5.5766215328128 
-4.189876465746 -4.6185522604026 
-4.3943994587689 -4.2811150982256 
-3.8340674723229 -4.0970680706543 
-4.129042765595 -4.8758766713472 
-5.4245684387565 -3.4266510652076 
-4.5698368446163 -3.4073835138937 
-5.6640489228855 -4.7383734698472 
-5.0879966272816 -4.1986015214729 
-4.8697607070817 -3.3561098784592 
-3.6698549861926 -3.84998920963 
-5.1742986043011 -3.525633809651 
-5.5788984897473 -4.6591255209286 
-5.7681862110229 -3.8458234224701 
-4.2555766543586 -5.1467300804379 
-4.4470838406209 -4.0377811083222 
-3.785428363274 -5.2567262674293 
-3.3656310219978 -3.4446200561174 
-4.0891803719995 -4.3515481821694 
-3.8238588120827 -5.2436573298726 
-5.946145484535 -3.6267757838268 
-3.7937304840511 -5.1036574601377 
-5.1878661813498 -3.4235868528924 
-4.5423586390651 -3.6460764305004 
-5.2810836790953 -4.1174540718467 
-3.8343890348576 -3.5924058521808 
-4.7457222447583 -5.3591623942596 
-5.7739227903799 -3.7932375289126 
-5.5959643246525 -5.4395753405161 
-4.9987753186388 -4.7862502529888 
-3.5110343363096 -3.0275929390725 
-4.6020203897589 -5.0281806743574 
-6.0184151034716 -5.0697501795787 
-5.7599129180896 -3.9494902528827 
-4.1292382322785 -3.454484215232 
-4.6102596712131 -3.7282351274146 
-3.8073370425574 -3.0142006483213 
-4.2402896333285 -4.0935991940322 
-3.2232696667982 -4.8599181640799 
-5.3879605444596 -3.5016887907822 
-5.8506866229229 -3.2526337599063 
-5.0004264123069 -4.0380792446242 
-4.6069010594665 -4.127803101323 
-5.8190435051787 -4.4287295238263 
-3.5462447851531 -2.924473029674 
-4.0525921610895 -4.0033075087329 
-3.2536757087532 -4.0091337408325 
-5.5777041247963 -3.5968727930033 
-3.4591474570943 -3.3879776776712 
-5.8338303334759 -4.0994465578451 
-3.9018578977357 -3.5211202255812 
-5.9933596696596 -4.9241179414325 
-4.3658048300994 -3.4345892515536 
-5.6476331388159 -4.7510532974408 
-4.5858886378789 -3.8945817877651 
-4.3432623726799 -4.3370409535128 
-5.9236618915076 -4.0925354441854 
-4.7465168021162 -5.0211539055544 
-4.7300109236338 -4.6688211432918 
-5.5857806092286 -5.1037606203912 
-5.0705775588197 -3.2100262799183 
-3.8589668507386 -3.7145717501638 
-5.4401582369248 -4.01633089907 
-5.669659976668 -3.5134932332024 
-3.8825045076285 -3.1805708734965 
-4.6555135119942 -3.4766354554773 
-5.8466645231421 -5.4956182518073 
-5.9046438107248 -3.9494588854726 
-5.8376101277199 -5.4669392503238 
-5.7391388062948 -5.0805025898917 
-3.9172520492728 -3.3863233774925 
-3.5523836393252 -3.9116617451672 
-5.5914362248421 -3.0512666165106 
-5.5935445043218 -4.8694353664351 
-4.9302209618779 -4.9505151891947 
-5.2731810994741 -3.4015884776718 
-5.1164945713863 -3.1854903465148 
-6.0096194646364 -2.9423603049265 
-4.0124587103585 -3.2895376045627 
-5.7288155702667 -4.8803888265473 
-5.3189829415521 -5.4818936191227 
-4.2860047976231 -4.7202656822224 
-4.1750674877744 -3.0195337340868 
-5.670085970614 -5.0306827284996 
-5.4093410315934 -3.9613714631744 
-5.7152776660959 -4.1519247248774 
-5.1993469680285 -4.7688366254477 
-5.4022915530394 -4.2624565689753 
-3.6674123622019 -2.9636845713541 
-3.658479207859 -3.194750448961 
-3.5238759407805 -4.3154432105042 
-3.4745499539863 -3.9269632345677 
-3.8099458433504 -2.9823201654415 
-3.5376714461194 -3.805711039309 
-5.6522673897536 -3.8663120891959 
-3.4524509643223 -4.3809467935026 
-4.0052476083154 -4.4542702612956 
-3.377553775756 -4.6906426384715 
-5.3263263152579 -3.3027614638565 
-5.5231361698152 -3.27327275093 
-5.9652855853605 -3.9969904140707 
-4.0360354326891 -3.4241936976702 
-5.0122499747387 -3.583394774781 
-5.3131140574388 -3.0237732771657 
-4.5855332258618 -4.8358229413801 
-4.0404394924618 -3.8451214655594 
-5.4932394038556 -5.1637265256365 
-4.0154609812691 -4.0948509855757 
-3.7792202669031 -3.2583561774377 
-3.6574500484867 -5.1133428279148 
-4.6558973917266 -3.1123634237169 
-5.1459997676404 -3.9686323282774 
-5.5091853488119 -3.9061108855959 
-4.1341325422839 -3.7182860042799 
-6.037416096879 -5.5339646902128 
-4.7151101213496 -3.9376765888161 
-3.6017774176191 -3.222522437907 
-3.8245780226702 -3.7813429285563 
-3.2501077687791 -3.536391248986 
-5.9379266462044 -3.1863766460523 
-3.627515323608 -2.9609321211362 
-5.959474701444 -4.2996742020796 
-4.7656082798029 -3.7780955842519 
-4.3386723875226 -4.0819828414714 
-5.3320075556481 -3.3920121401185 
-4.1775787830443 -3.1341722513349 
-3.3337215087599 -4.0030032169253 
-4.0188398384132 -4.1358017871719 
-3.5608745456005 -4.6468518676474 
-5.180082230615 -4.6064213274463 
-4.3968915723767 -4.1023842961223 
-3.4327975750703 -3.0297623064465 
-5.946657935228 -4.1980955377465 
-4.5564322234285 -4.337110426756 
-3.8575423939047 -4.7493389073807 
-4.5569201385362 -4.9241365190443 
-4.6725927158591 -5.3362740061316 
-3.7327252686657 -2.9275526341754 
-4.462061697123 -3.0163697112703 
-5.1007976821058 -4.8513996073685 
-5.9785445826013 -3.1450856584244 
-3.6173224426376 -3.299229979164 
-4.1381030586268 -5.3433648722514 
-4.2065440864054 -3.4694472207736 
-4.9536834923214 -3.5160634689649 
-3.2956642964361 -4.0808365100352 
-5.1794890743058 -3.6024014434202 
-3.717817584366 -4.3243887935176 
-4.0876343057053 -3.9076975025 
-4.8319663602865 -3.5126895346466 
-5.4398613104861 -5.175243543846 
-3.6752242946463 -2.9111478054136 
-3.2369994141137 -3.917660880271 
-5.06012723516 -5.5196404669723 
-5.8301870668392 -3.1296932194051 
-5.3386038387655 -5.3565941573482 
-5.2329073883559 -5.545987650405 
-5.0416526097694 -3.417584130614 
-4.0262219145417 -4.5075964855919 
-3.6357062398487 -3.3773015164723 
-5.0808894594594 -3.0514839723364 
-5.1802469046553 -3.6573875298498 
-5.6281192456203 -3.1823090741245 
-4.8050547986101 -2.9929052758307 
-5.7742852558793 -5.5052073989194 
-3.6197323338499 -5.1088989902329 
-3.9200737016434 -3.0637470821707 
-4.6307923074204 -4.0691066179933 
-5.1703207206862 -5.5373835563711 
-5.0843725477553 -4.6521943669439 
-3.2032040455506 -4.4371860454597 
-3.7114825119678 -4.748907398781 
-4.2893745045683 -3.9398963497232 
-3.3668552957225 -3.0618433344295 
-3.888554441165 -4.9192318829169 
-4.9031137522107 -4.5147550032453 
-5.363771941151 -3.9923470670448 
-4.5248372610092 -5.3003204056131 
-3.4020391549841 -4.7940477195514 
-3.8908843383228 -4.0333002189246 
-3.4344302076846 -4.425991034099 
-5.8740611472363 -5.5409715192646 
-4.3432201981231 -2.9826895180978 
-5.6922137349028 -3.3043745193055 
-5.2649919826071 -3.2977698957974 
-4.2817743503755 -5.4855758154985 
-5.7326848627799 -5.0435485731677 
-3.6897089786496 -3.8701853611039 
-5.0590944971785 -4.5394147583398 
-4.9470559843382 -3.3485816291714 
-4.5070115049181 -2.9602453970493 
-4.4000540230318 -4.0211154758017 
-3.3858074278055 -3.6576005549097 
-3.8957605851831 -3.9340727895364 
-3.4351607603677 -3.747879444508 
-3.3646453506285 -4.4507920551403 
-4.6890255691771 -3.2279739927215 
-4.0804471747682 -4.0177809682294 
-4.9210091097883 -4.0633626889071 
-5.9342228325276 -4.5614009435733 
-4.4367981580169 -3.1839467966864 
-4.3812121350244 -4.9933972865819 
-5.8344356014012 -4.2334360335397 
-4.6447963123425 -3.1833976860429 
-5.4332874856187 -3.9809381526744 
-5.6010463374584 -3.196948089014 
-3.764302626002 -3.5426797807011 
-5.9016155227607 -2.9132402078514 
-5.5076761288801 -4.1196580777137 
-4.9839910828249 -4.7394080749048 
-3.5579466768838 -4.3983331970732 
-4.3251331676328 -3.912942281681 
-6.0378911383414 -3.4822740254006 
-5.8722776020831 -3.1245068824862 
-4.3955465886112 -5.1370698849175 
-5.8444803099608 -3.1756241509733 
-5.7948017308118 -2.896386647124 
-5.095704996333 -4.5581331359698 
-5.1192809252323 -4.288208891142 
-4.4024090566295 -3.2102710552503 
-3.8945066831233 -3.9214318253666 
-5.1266254318596 -5.3095504624293 
