4.6451087519766 2.3074086306686 
3.3321825452437 2.5433032664356 
5.8524784743413 1.9389352853639 
4.1939537163311 1.3852527447914 
2.6479277776962 1.8344553671625 
4.0839375623397 2.6018984564178 
5.137190728436 2.7496209046836 
5.0183755266693 1.4640534561513 
4.922247746933 1.5089776946981 
2.9372139876716 1.5551388254692 
3.4224527234241 2.1708030749206 
3.6414165496731 2.733462845876 
2.3792780160634 1.7812649561267 
3.1194992787216 2.3407284595326 
3.838156554639 2.4426632321317 
3.8686170647311 1.2109967670137 
5.1997071052798 1.8285860203695 
3.2133846736571 2.186044945096 
5.2215932264621 2.0644832703866 
5.836336187928 2.6963065219707 
5.2509587555244 1.966698040495 
2.8685248062326 1.953445752618 
3.4651209847944 2.4609929996002 
5.3479507699151 1.7861949717791 
3.5700436371711 1.5545486929484 
4.4446021761359 1.6362767162063 
2.6792801137167 1.5565597734128 
5.8735121773444 1.7229700105634 
4.999456785787 2.0551462479899 
3.5650337064742 1.9428111894206 
4.0343123952975 2.5689431695867 
4.7770755376713 1.9592188153383 
4.3782893935991 1.5143730322729 
5.5232155072469 2.7323979922421 
4.8584040464698 2.6721234849773 
3.1555081077379 2.7121766414563 
3.1326907582626 2.5064032368011 
5.4165050306713 1.3264437951776 
4.1479945752651 1.6071801271085 
5.0823183240936 1.5871083339081 
4.778959063569 1.9089894852504 
2.7698749099356 1.3662787972391 
3.7191786693483 2.2773940145381 
4.0402905921226 2.7749464984142 
4.7430070565424 2.3937164018933 
3.9120325795798 2.6538247710809 
3.4242910947549 1.5888802635602 
4.6279836965925 1.4872452355737 
2.594424809628 2.4389700390029 
2.8445548327543 1.6142411281283 
4.3072988587764 1.3934948023516 
4.2850975825841 1.4065944243821 
2.8941195088232 2.2713189259745 
3.4633804400371 2.4604334990733 
5.9168217433223 2.3640231396726 
3.1601251125949 2.7257316185038 
2.3632897882519 2.1501716738137 
3.0187315096527 1.5049572092056 
2.6725256543063 1.7546421185042 
4.4415011584002 2.6566238233446 
5.3026507297205 2.7752158245065 
3.5608988011382 1.9343115233325 
4.138571456064 1.4402333556971 
3.6628122870778 2.511945085785 
5.0948281938967 1.4631371729413 
5.6486587779288 2.7057417249551 
4.8716500010828 1.6693617380865 
4.4646933533081 1.9116227468629 
2.574472168449 1.6293434449908 
2.9434562342122 2.1215132036083 
3.2375989753631 1.5155835507612 
2.888714459443 2.570162393953 
3.7382886224302 2.7705989156276 
5.5969506112888 1.8449763268585 
5.1073685107527 2.4051812309989 
3.0679869816868 2.2951948572117 
3.9639260217491 1.768881211711 
4.0859145672811 2.1668371259637 
3.5267171486665 1.2068060509849 
4.2062990965919 2.1804513291169 
3.0475387314788 2.1992251131364 
2.4001181406407 2.5748188429832 
3.6430795088588 1.3531408278329 
3.9308819905624 1.9843898050878 
4.558238019984 2.5331363291371 
4.7630905788081 2.6776650309971 
5.8841677964476 2.7198676870124 
5.430987814992 1.3942748068351 
2.5715434593372 2.5707034925857 
2.8345457860424 1.7161386554586 
2.5265203274132 1.8168106848352 
3.4271071472415 1.574387565968 
4.9731448921261 1.4193520553356 
3.5769205415752 2.6262666339949 
3.2798530898895 2.4941954391897 
3.4964189501942 1.4270335055401 
5.4689123716946 1.7113467936911 
2.4777359100681 2.0598847612626 
2.9066477794155 2.3795942865334 
4.6623594321376 1.8740488695177 
5.3731637879317 2.4779923154734 
5.1554475317909 1.1881122490478 
3.1638672921684 2.7691850552269 
3.2675226776993 1.9037210813963 
2.8776215878257 1.2233318029112 
5.481291196673 2.5099895252922 
2.8436672605063 2.6843656983251 
5.0324884503311 2.3685367128958 
2.9100521740891 1.4501035895723 
2.9117732856215 1.9763494181098 
2.6277018810384 1.3134897881906 
5.5930010171978 1.9696110224384 
2.8330803915792 2.1275984257076 
5.841342720571 1.4098376639044 
3.4131452474575 2.2985129692845 
3.6951849275825 2.0557091718324 
5.8276834500549 2.420993696655 
5.4578868258249 2.1474086250149 
2.3842020781196 1.8417924479058 
4.5906570500705 2.3029853595195 
4.7162278953398 1.7804809802174 
5.9118419434749 1.2260590281855 
3.4519094092854 1.6303670994267 
3.9785371129138 1.2485534183346 
5.3604255734627 1.9534382588237 
4.5658079350957 2.510334885079 
5.5908281015552 2.4646579398669 
2.9454630060134 1.2253694302476 
3.7530211988121 1.3352838341518 
5.699132659928 2.4840244880076 
5.1873660944268 1.9794237330726 
3.4249225489305 1.2740768113111 
4.5842139690189 2.7522618476925 
3.5531190949637 2.2579599434681 
5.8906787846308 2.2995477214885 
3.6418895757439 1.697144753419 
4.1283131229095 1.308922604443 
4.5648783200974 2.505291874392 
3.7212138827809 1.4371965640748 
5.7348929747108 1.8592579564183 
3.90892981758 2.5512143660944 
3.8668866559413 2.5897916490251 
4.8716708415436 1.2809854587043 
3.8934481175683 1.9976004604916 
3.9102713244141 1.853554262639 
3.6311990119964 2.0652221604721 
3.8822305908503 1.586392958296 
5.6116840374802 1.2013457314562 
2.5000413597634 1.1853198966254 
5.818614386399 2.0933951411062 
3.3492312339521 2.1871620718728 
5.8706498987253 1.5409329607659 
3.6891841037616 1.5975018291481 
5.1691198380005 2.5264497475053 
3.3649134337961 1.2807721044572 
4.6788157693271 2.3486403661851 
3.160145041374 1.9440429916383 
4.8284683461616 1.3610647594906 
3.3676224436225 2.091930899143 
2.9537522901305 1.7314680626378 
2.4225458236415 1.6966812241141 
4.2621897639995 1.4344337190106 
4.8636219599554 2.352742952036 
2.8776842587358 1.1991537984198 
5.4491161065939 2.505326650104 
4.108016384207 2.2152050613262 
2.730510184336 1.9323069576136 
3.7906507126488 1.6251171889075 
4.5104788536303 2.5077672114999 
3.4849209287087 2.6931360700795 
2.4606574564788 1.8001809479166 
2.9426931425576 2.5336498511854 
3.1007090969301 2.2220736462009 
4.6253653879276 2.2908836317939 
4.5458779240514 1.31928658083 
4.435197780271 2.142471949162 
5.9418039385199 2.038916859892 
2.8681864234561 2.4447163404752 
3.2872219085884 2.4513872268211 
4.1801185637284 2.4860516133346 
4.185038642378 1.4212804548364 
3.7125604903601 2.1955236482867 
3.9721071431315 2.6049599622095 
4.5864275405858 1.5612877020446 
3.101188401249 2.0492602468856 
2.8790745855268 1.2325448242739 
4.2061058230842 1.3393003024615 
3.5758044915691 1.5990337663404 
3.2446921940273 2.1274286587223 
5.8034332032521 2.4074846639075 
2.4719744149856 2.5978685236217 
5.0635981396662 2.2211109470858 
2.4348232745415 2.0608766443164 
4.1837524834977 2.7185074399687 
4.3648272767091 1.8973117577371 
5.4616857460744 2.1931176638975 
3.1044113510087 1.2621138631339 
4.0058255514454 1.381570527781 
2.4044997574879 2.354337062116 
2.5848104367465 2.4846743375188 
4.281007128807 1.7519980926148 
5.4579450247879 2.0200487006693 
5.6538188521136 1.9742951673405 
3.2799901187823 2.442743131039 
5.307559636801 2.1599959192926 
5.0700746296155 1.6805118978592 
5.2080840819595 2.5800964415786 
3.5544648947564 1.2179361701219 
5.7801376174634 1.406433778502 
3.8106972160993 1.4770066635901 
5.9291129827129 2.0611281248879 
4.7075886440679 2.4383716113111 
5.2424123472427 2.74852425666 
4.7768363401797 1.5673119555948 
3.2455090938626 1.9543986595822 
2.9726489652181 1.5234693436642 
3.8756348250693 2.7223795285302 
2.8974595657852 2.2465264668138 
3.8786514068844 2.3962468574972 
3.4769896067076 1.5404570556124 
2.4353027323124 2.1934566132085 
5.1717810153518 2.6444384581079 
4.7909993619314 2.0054575484413 
5.8166069063983 2.3776806239373 
5.846068983791 2.6697103443272 
3.2941992765159 1.9611715648892 
5.4626109269719 1.2730619530922 
3.6903245991465 2.6910788734099 
3.5235399938282 1.3408413769301 
3.532857714414 2.6798391104926 
2.7961761557793 1.6335238702288 
2.5624883466404 1.933284302424 
3.5534040076687 2.2316183819103 
2.8126505709467 2.6351310194984 
4.692667795424 2.5137046692237 
3.8543692872401 2.1396334071245 
2.5978043321251 1.6511681853111 
5.0103026003178 1.5419324125943 
3.0392277467406 2.1824217384673 
4.0859867555618 1.9899434822848 
2.457894299112 2.1337607097667 
5.665880872892 2.3741793457554 
3.9528862281219 1.6268439142443 
4.3094060158712 1.6377929147056 
4.328507314169 1.3059869028421 
5.7806521515376 1.5727053875762 
4.9498360689258 1.5909611978939 
4.3932003761559 1.8185804748833 
3.6572835146949 1.7464003623257 
5.3663662580031 2.7283786544427 
3.4599113944377 2.2126436255018 
5.1983049117818 2.2007903218102 
5.4123649994193 2.6925290672086 
3.6022268156039 2.2108022355985 
2.5149018843424 1.9962593485857 
5.7764432589084 1.9899948962297 
2.4293701487519 1.202625699677 
2.803669381385 2.407367019219 
2.4184779644988 2.2728592248616 
2.4378545067943 1.961554273444 
5.6425562258661 1.7878829175608 
5.5025015228606 2.2265958135766 
2.4596639890175 2.5362123998064 
2.4853750212663 2.6633074847273 
3.8486592100483 1.476636095007 
2.751543804239 2.3146775570274 
4.9078186121232 2.0555760372694 
4.8558776013485 2.0225301334754 
5.3348219329278 1.784928918187 
4.8515089015289 2.6625816983484 
2.4297001658423 1.8495772427398 
4.7278431480065 2.2592873285069 
4.7048693622948 2.7092889466362 
5.2752133538588 1.6719429391016 
2.9027050524301 2.6435385745648 
4.9778942979137 1.7663065764096 
2.5905391864046 1.9530342626894 
2.7974351926196 2.310999643622 
3.2917705888045 1.4791609205511 
3.9958774483981 2.0306007391874 
3.5375917498492 1.8026475211261 
3.5546035246675 2.4933479630425 
3.814571268314 1.9727372573319 
3.2987809331671 1.5175999219036 
3.1027293514622 2.0896882598127 
3.211776246823 2.3841449595008 
5.4210970833112 1.5921190280556 
4.0091686322981 1.7194064857768 
2.4536236244031 1.6957182352377 
4.6589451433403 2.0061414868672 
5.7904700162664 1.6550005559091 
3.4574222378336 1.2908877373441 
3.5723947284993 2.2083838095863 
3.0563301451079 2.0148355115647 
3.6818146980675 1.9533341986947 
3.7911079435957 1.4494164859382 
3.5408638374876 2.3302226611045 
5.0029448023226 1.4898930912867 
3.3751462627123 1.6084097290979 
2.6728573321296 2.3630291470656 
3.7759705027798 2.7016390474329 
3.0991167177721 2.3593889903844 
5.261429144999 1.7548616844252 
2.3830801157944 2.3742080574054 
3.0877996159113 2.3876787738567 
2.9024600264099 1.6830495499714 
5.9386718596541 1.2263498401067 
2.3729359935519 1.3955958819032 
4.5906477770657 2.312827318254 
4.7646460577321 2.2011826062714 
4.6989967127608 1.67204834032 
2.5022212851357 2.5163288278918 
3.1877631058974 1.4787977710794 
3.0035635196563 2.244788140192 
3.7561469105167 1.2699808831962 
3.1959210248867 1.4802526582581 
3.085555875719 2.2671915811183 
2.7033374529205 2.4999570822965 
5.0275089400002 1.9457493732905 
5.6307887472289 2.1855201757828 
4.2876057864265 2.2355596138746 
5.5486035786899 2.1124262877469 
3.5519791188296 1.4011614381017 
5.2969389458125 2.6342772256825 
4.6365165794627 1.6651694025019 
3.8832415169016 2.4221394006591 
4.2146466888594 1.9020781537902 
5.242524795943 2.0412441351819 
2.4185400265015 2.4828708123908 
5.2152973371183 1.6034648347306 
3.3190659288094 1.6533097801122 
3.1013384452906 1.446561251345 
3.2948579050288 2.2273928706076 
5.2079117060125 1.9015955460977 
2.6465357975677 2.3165238220295 
4.756621222639 2.3968707272412 
4.3824797228792 2.6458552988127 
3.0753903807428 2.3504721156687 
3.8721116237849 1.8814836062728 
3.929919113362 1.7818407653597 
5.4953145406429 2.4335249019303 
4.8603513700111 1.8696194846962 
4.5332296077928 2.4476718143842 
2.6651687432471 2.7739290955004 
4.5705504955344 1.44127657184 
3.4936830813098 2.393106508734 
3.0521172893659 1.286535277508 
3.4065489606657 1.4906463933604 
3.6926786088539 1.9044545503476 
5.2747528009634 1.9155600323926 
5.1259647152135 1.3188834028941 
3.6571602072127 2.1372170385186 
3.3252660414977 1.3022337192857 
3.6261238620018 2.7359583073501 
3.8718286729178 2.3335123257865 
5.4098858763688 1.6389071600811 
2.538868655521 2.7144937808081 
3.5559825129919 2.4198606691103 
5.6787681821547 2.0174943458273 
4.127770771857 2.6766059755353 
5.6334024105835 2.5198357007796 
5.7237545488944 2.0732845065115 
2.6498621790072 1.781644177844 
5.3971256818733 1.4145500569167 
2.3662027383066 1.7211687302111 
3.5068888706839 2.4789482142569 
5.2127932920505 2.1763871006812 
4.8833187916263 2.671107824191 
2.4328839205971 2.4063401479155 
3.4263847066845 2.0976734287621 
4.7734221658133 2.6220009890148 
4.179326790875 1.644966438236 
3.5408491737635 1.8998171983503 
4.1384568251063 1.2702440560457 
3.1340289668924 1.2595685113591 
3.7886658428479 1.5552903190612 
2.4678656399525 1.77431101186 
4.738259951283 1.9878386550002 
2.3776076862718 1.2105158573269 
3.2418639107864 2.2538799157397 
4.7731871920024 1.2782123110693 
3.5380191736315 2.3152678079548 
2.9184020350105 1.733266122356 
5.2214297069007 2.1081975017224 
3.8669123487407 2.6627003762358 
2.3900263427936 1.643711290585 
2.6988698623322 2.511881493697 
3.6394705977998 2.4534964401588 
3.11948296945 1.9889219911573 
3.2801469789166 2.0938884696036 
3.1677707800867 1.3503380843114 
3.912856834744 1.1877673745123 
5.5420194817698 1.7315836792955 
3.5416103386004 1.5715931298741 
5.6785270094277 1.8324884294074 
4.0319492379318 2.6469633153033 
5.6595615299156 1.6063081912561 
3.0331970835699 2.684632343099 
3.8380186499033 2.3979499052768 
3.6443863317529 2.3783862393177 
5.1621055094168 1.7331918808813 
4.8980755546187 2.2361519456848 
2.6024767732625 2.504915061011 
2.7002045303829 1.4473498699376 
3.1963120944676 1.4709423687069 
5.7013961670074 1.373101980801 
5.4479165510921 2.0570543766404 
2.4490811312665 2.4950834514603 
2.7564327610763 2.4362464013893 
3.4392111501984 1.7768092349433 
4.7309299989829 1.759101424666 
4.1037706033134 2.5900158998388 
3.2338919592004 2.1325201192765 
2.9778979680318 1.5550453607138 
3.6706923330336 2.5268037616823 
4.5183306627262 1.8849243390693 
5.5790508168443 1.3167109804329 
4.0523591685248 2.7073215698632 
3.4386230321147 1.7484582033565 
2.7371453806557 1.3651482130213 
3.6065322051231 1.385514175192 
5.696962436025 1.6267418621686 
5.8256961674779 2.7689592727629 
2.9374913305459 2.6071198153644 
3.8209693898183 2.1277721831976 
4.1327189500355 1.946230487273 
5.7313103202565 1.9082469698794 
3.5489929424465 2.7065058390411 
4.0770012856327 2.3512105964404 
4.430318494559 2.4427720391204 
3.552706680515 1.8804781414653 
4.9388053338587 1.8857571475155 
3.6266007815483 1.6908212814805 
5.6949072983153 2.3266368315571 
2.9347002738574 1.7469172035516 
3.9498383582728 2.0810560704392 
4.0805880257696 2.2623569978971 
3.9089059249141 2.12895734019 
2.5288762924547 1.7152550118607 
2.5066745660069 1.4922988366017 
4.4628780046045 2.681024680823 
4.3207069448533 1.7260496433489 
5.5599590240725 2.0244239352303 
3.8510144123477 2.5571740330442 
4.9465240308602 2.4108622999986 
5.0061502737463 2.282000146475 
3.7709891173656 1.5386612894613 
2.6455958303349 2.3058249138184 
3.2623465033701 2.4560043717224 
4.4410785378037 2.0628296864053 
2.6753474118263 2.4246960473894 
2.8628430626436 1.6568583179223 
3.4893609303879 1.6277686803685 
3.2044381650927 2.4356377892421 
2.8157284994046 2.0694099978151 
4.0669693793841 2.4861084083084 
4.3610529094816 2.6708077246737 
5.133945073925 1.7001214968837 
4.7342099955644 1.6458121509507 
3.0772569438795 1.6171920224381 
2.4071601635724 1.2978297291837 
4.1897277978952 1.8800245642665 
3.4967279959312 2.4902401655722 
4.4916103886873 2.4726218556671 
3.1321134761119 1.3338813317853 
4.1463147894947 2.2763280906064 
2.9389005086576 2.6657535715339 
4.0534640068653 1.5484489738323 
4.3166176137422 1.9062887028961 
3.4206544341536 1.7715190734967 
5.402725453683 1.9680470320486 
4.5510062330507 2.7649895005294 
2.6866037390946 2.7458661189189 
3.5818853985993 1.7648339050826 
5.679604790104 2.4625691389336 
3.1392974737441 1.467661168547 
5.2341319400461 1.4869004748857 
4.1543004341732 2.4999852116054 
2.6404422406719 1.5845936900077 
5.2962487170378 1.4259998036546 
3.89938650605 1.6303589983581 
4.646014393941 1.1980650888015 
2.5997299447699 2.1500736645126 
2.4088312732534 2.3836417273001 
4.8976946537088 1.40013683843 
2.8627378530459 1.4072869890048 
4.9345751343497 2.6372323996494 
4.1438059726675 1.4040111405208 
5.5732604751173 2.7305678127014 
4.5414221761408 1.6305436463437 
4.7504220656233 2.1295889756104 
5.0085673385694 1.8782611490703 
4.7819246104883 2.0853211854523 
3.6937928854635 1.7010884613223 
4.5205244297324 1.6423893224847 
2.5823659621198 2.2007821599812 
5.5829791434884 1.9916903366038 
5.5657058971475 2.2325768967216 
2.40226531604 1.24401994477 
3.1113003762495 1.190604177065 
4.4909494123147 1.8977907876205 
5.9115587460687 1.3520310761183 
3.2938874656538 1.8675291188187 
3.4188134491524 2.0949082281495 
4.3277837054016 2.3197148111573 
5.1389877048874 2.0092489656843 
2.7945820746179 2.6313786500754 
5.0744943792899 2.2293336358695 
4.2134961477354 1.9180957663 
3.8183702805837 2.1760380867487 
3.8337585662609 1.3827027676157 
2.3678990711798 1.4105196160902 
5.7926944797241 1.3965464021664 
3.2837615465651 2.343442743244 
3.7918623292415 1.5218970074663 
4.9343580623411 2.504008316579 
3.4750413404384 2.2277872686786 
3.7768235959116 1.2861769877771 
4.0542165614388 2.4177378217914 
3.406798296041 2.5539782583014 
3.679908706597 1.561778435117 
4.9878931980405 1.9600224287502 
3.8213760452681 2.2399748513627 
5.5994362111547 1.6071342321329 
5.147902138392 1.8117606448486 
3.3279909359583 2.4075928542552 
3.9675463058577 1.7378903658991 
3.0993509841882 2.1134394991818 
3.3614662869118 2.0661260030366 
3.3556355927152 1.3155080058306 
4.573506954801 1.5599292373394 
2.545019627195 1.4556211147225 
3.1332328905511 1.5859020632068 
2.5266735372811 1.607337647467 
3.7702152177991 1.953052210497 
5.4903485444084 1.5945584579533 
4.7854653085526 2.7678254633029 
2.5796091750129 1.5834769520671 
4.6484219659332 1.3155505528007 
2.8348341649452 2.2476543353466 
4.0059390756703 2.2248267371174 
4.4956582454898 1.7725057993279 
4.626497237874 2.3326388371245 
2.6105984876086 2.7760947495951 
3.5392038039932 1.931361596372 
2.4263448000388 1.4377181880722 
2.4512201240152 1.2955947611742 
5.7016617175531 2.7433185043755 
5.2999066099243 1.7541990530808 
2.4749110766159 1.7561430864831 
5.6926344203588 1.4838722718242 
3.6185397644082 2.0425962271693 
3.8038769340727 2.5662022221645 
2.8426942913521 2.4347263403913 
2.6705558639874 2.5193771360057 
2.9790316247047 1.9800636581621 
4.3915186623185 2.3423723403986 
2.9540013190511 2.1967001136387 
4.1407813528183 1.5282854941334 
2.6571410673217 1.9539482157973 
3.4842210197398 2.5109855249733 
5.6105706346646 1.7097640865302 
4.4082297758542 1.3453480174612 
5.9213745143396 2.2547493655185 
5.6983572388111 1.2791276656132 
5.1552485493229 1.3118090783406 
4.844157950091 1.2545164886023 
4.5787614549559 2.5045281166549 
4.9785227176905 2.243137385828 
4.9331013419806 1.3306804262123 
3.9620777614641 1.7151967142722 
2.5029146292911 1.840323218309 
2.9772401489159 1.2543820391816 
2.995978915412 1.4249088484975 
3.8415482738703 1.7958866751756 
3.4896317457788 1.1959567237173 
4.6552379213752 2.4397791710668 
3.41807930552 1.6349591858992 
5.0393396266799 2.6973693712833 
2.6448083556937 2.5346766023291 
2.3465160947773 1.9823071930013 
4.3702354942427 2.6060298863217 
4.4295940402182 2.5554581243826 
3.2813275373796 2.48893091146 
4.8438825018262 1.5675438840498 
5.8503218943659 1.4888581303962 
4.5083647373988 1.2141182234209 
2.7671171264497 1.6587175276691 
3.4333663621655 2.0471374858089 
5.4278645953592 1.8679337570565 
3.1685816121994 1.2436926907029 
2.4537637719671 2.5687747892128 
2.9327857022802 2.6728252152128 
5.4913272168203 2.079944908543 
4.4918774993064 1.6926145329507 
3.8674341235333 2.4875988083443 
4.3867642764811 1.2707068362073 
2.492583211586 2.7228822034216 
5.8947202271581 1.3780458799074 
3.2153174157035 2.1299965237674 
4.8787516131918 1.2631818957618 
4.2645641681211 1.3918809112339 
2.5684728352802 1.4410972302827 
4.7006111033216 1.3770789064689 
5.3635469783181 1.5632985594573 
5.5569564016783 1.9163536476958 
2.4019349517576 1.2001332745922 
3.3715695440586 1.9969604236489 
5.8659670796514 1.7684756741556 
5.3970208506602 2.2475959812942 
4.5952451936205 2.344606383211 
2.3372089792333 1.5007153812585 
4.8316559224446 1.5648938424472 
2.6817178425981 2.0208480983283 
3.4852723510784 1.7570089336423 
4.7975982390034 1.7812956119938 
5.2330274327796 2.5169771154576 
3.0905953766844 1.6412802915491 
4.4569974118797 1.6587994156354 
2.6866152010834 1.3321192157533 
5.8874933439755 2.6697858320771 
3.2646606229426 2.1786057583996 
4.0879459510581 1.782859331474 
3.0426726385993 1.9754105864078 
5.2205358036431 1.7326255858052 
3.2770716484253 2.7263161912205 
3.8268610264553 1.9260319770901 
2.3814471251362 2.3853842313966 
2.5381208693723 1.9071708553393 
3.6667166154516 2.6366091114204 
5.0183041501166 1.8651430209918 
3.3988071367438 2.2470061288832 
5.8682280277966 1.680069671836 
2.5212764925282 2.4100165377622 
4.8169495949106 1.3155611772966 
5.7081142877023 2.01852917509 
3.8637427972448 1.2447027209991 
4.7237771460446 1.3665230663926 
4.4821541939015 1.1889134252118 
3.0473613582795 1.7092149914129 
5.5106388122148 1.702113802425 
4.6762550430334 1.6665044277349 
2.4322851939938 1.9762471448404 
4.8168354955487 1.5911872190025 
2.8375347072208 1.3647604445499 
2.8276160611303 2.5952712765787 
4.4572566178025 1.2055044483283 
4.2210664850771 2.2875545400293 
3.583232263244 2.5617194140482 
3.0201965308832 2.2412669716269 
5.3203680880364 1.8973285683541 
3.0678339332961 2.4562741164628 
2.6845828899175 2.4950547417536 
5.1280241367138 1.7470846320524 
2.9209168909451 2.6068236407962 
3.3300945715611 2.1288556228004 
2.9279261037564 1.6489632869856 
4.1674411244918 2.6942106090522 
2.4320726495138 2.3747369425901 
5.2420163031241 2.1739547491202 
5.4664694169603 2.2539456132706 
4.6842313648847 1.6334775199821 
2.9149211712397 1.4871497223584 
4.3158392720864 2.2439449666724 
4.3862855062277 2.3653124978365 
3.9902556356127 1.3204933518834 
3.845079813131 2.3841942582988 
4.5372820661043 1.6468082122786 
5.450289426127 2.6289610932071 
5.1819238481148 2.176907739732 
4.276490967348 2.526014137824 
3.048918493019 2.3131836285405 
3.0693292767715 1.3053552035383 
5.0611152166439 1.2344353500199 
3.4495094210681 1.9945287457842 
3.6050344396666 2.3595082340903 
4.2712551730204 1.7736461756227 
3.8528142296693 2.6964137076953 
3.3403487462276 1.3879022575436 
4.4325807214514 1.3707422911833 
5.5095066560184 1.6856731139009 
2.5509531309898 2.1129390399134 
4.071628139396 1.9578336120558 
2.8866809749907 1.9483154228115 
3.815321266802 2.5523984408982 
2.5576986161392 1.4352121490086 
2.638657177968 1.7952894396268 
4.1252964017005 1.9422692927183 
4.7454057017253 2.092440313989 
3.7658748886207 1.2730299045043 
2.8802585063429 2.4481991312479 
3.7908302799667 2.1226135181956 
3.582932080281 1.7912246599204 
3.2533519851862 2.5938745448792 
4.010865032075 2.7435274914981 
2.7352456708156 2.3497996856143 
5.9454731357451 2.3478674796556 
3.7883801683847 2.4667534105715 
3.9706194638651 2.0597585871007 
2.6541029204589 1.9652006321814 
4.2774722552474 2.5889772485902 
4.8929357995524 2.0214417963562 
5.1045235423598 1.2489698644355 
3.4808935266095 2.7343659985588 
3.7180259447241 1.66246631677 
2.5328014197069 2.5139627587239 
5.5660932240917 1.7839865346354 
3.1336597139575 2.4453999571712 
4.9144916528122 1.9754390333256 
4.9269579672566 2.2185983319404 
4.9911158813687 2.0400813381371 
5.9343023248262 2.5921492652162 
2.8417250910174 1.2002842466838 
5.0331227145315 2.1389607055404 
5.4687835067271 2.1951680715449 
4.9728201905748 2.3603592965079 
4.2398678544834 2.2656889364324 
5.0555509191938 1.9746322023299 
4.1688381555709 2.6375119460396 
2.7408411939177 1.4048713031264 
4.3366658382373 1.7510638994804 
5.8593267876968 2.7406975737655 
3.6738958229407 1.7319433090485 
4.4861103846092 1.6402627404567 
3.0555447330016 2.2766582923826 
2.7629384039927 2.2665405398482 
4.9090942926057 2.1406497465651 
5.0521525530951 1.7451477435362 
5.6520285390519 2.6010083364432 
3.4481144792392 2.5104086813174 
2.9864946821293 1.8332533630933 
4.6800441764583 1.7118601898954 
2.8356716131042 2.2392527956324 
5.2608133476434 1.537408217088 
2.6429294181452 2.4818963977818 
5.90250205728 2.3761161224078 
4.4110168622026 1.2349000896112 
3.8518573666301 2.447913231364 
5.3539440823285 1.4285862347776 
3.7611624976362 1.9297003645024 
4.9160313599615 2.5590853231266 
5.906158485727 1.8591600639605 
4.4084217796152 1.9058787642621 
5.1110585013158 1.4143107731264 
4.6262944173311 2.1115089019304 
3.2180444162342 1.422804459966 
3.1004786412476 1.2151170675481 
2.4240839359489 1.4836577811715 
3.8227260552965 2.2243300760961 
2.614022912604 1.6488039282595 
3.2733916283334 2.256290248174 
2.3459030805082 2.1874966884469 
2.7987053240997 1.7140656341088 
3.0219900413364 1.4165145319239 
3.5244397275946 2.0480847095214 
3.8518142643095 1.3807599251498 
2.362671704215 1.9287550235731 
3.4094612130259 1.8361297796198 
5.0410345970113 2.1985193032945 
5.7996879205619 1.2794874320184 
3.040355223923 1.6273516413374 
3.5678526467993 2.3195290435496 
5.048145640453 1.3533616188464 
4.9429432070454 1.7355708603836 
4.2151237450965 1.3478738362057 
3.5957742755594 1.5104466669597 
4.0663580992437 2.1260998107975 
5.1659763555276 1.9882406495752 
3.3187617002811 2.1493426981618 
2.475128389765 2.7027132746451 
5.2110914071953 1.6857987690762 
4.3012446348108 2.164900629323 
4.6407260480053 2.4981116527299 
2.5221169114985 1.8005016329233 
2.5485261584616 1.6915406538475 
3.9886799832677 2.7192294106759 
2.3489268784979 2.0062038687541 
5.0537223772907 2.5721002877524 
3.3587090599315 1.967030690364 
3.9692791475298 2.5914341738419 
3.6050936457751 1.2404244788494 
3.6871368658591 2.0261304427172 
2.8092234900334 1.7067398676955 
4.7535118034908 1.5961750305691 
2.4317944999136 1.670063941615 
2.7052664433265 1.9537447695909 
2.8415592188128 1.5269714643526 
3.0461543377125 1.8964181820772 
5.3355798221955 1.2966971299951 
5.717304561629 1.277061673435 
2.4117128436111 2.3252852593437 
5.3252988446361 1.8728144892395 
3.8676042738636 1.3374966682764 
5.3504732211945 2.7084345055108 
2.7224816612785 2.3944380170632 
5.7525195584547 2.4736571969241 
4.3539780792944 2.0131806360613 
4.2734787182242 2.5711219563858 
4.8902525814869 2.4190901368003 
5.1113647896437 1.6661628966859 
3.6196674950818 2.4571359632072 
5.0202633219629 2.5334283725912 
4.6196203740339 2.1146042300238 
5.8779327760848 2.5829292236273 
4.2864903637115 1.6891036816216 
5.2443424353369 2.7043097760087 
4.3588338451072 1.9882857606634 
4.4610697437197 1.7543191169124 
3.625610632651 1.2988559117172 
3.546272226362 2.7241356899572 
3.697060585813 2.4073283274426 
3.3770446630524 1.5471682867091 
5.2893132047328 2.5209412247508 
5.1957519628158 1.3191810752677 
2.8733512861143 2.7044047353495 
5.9338993993081 1.8278459119717 
4.807268097851 1.7043706773534 
5.2369468812383 1.9123546646407 
5.3151528441251 2.4256092054014 
2.6431204148401 1.9507733632972 
4.2655196681928 1.3998763522061 
5.0034871281289 2.2849109011777 
3.4159726664723 1.5156532387415 
3.9001400007886 2.50136199916 
5.4839337973618 2.3727132249477 
3.9287100028438 2.5055723577435 
5.1517723872301 1.1955004780511 
2.9514048318494 2.4438319762651 
3.5868817611137 2.5578033226373 
2.7346337725076 1.9196238394406 
5.0263867328603 2.3293686521328 
3.38281611388 1.9341623309788 
3.1670662232644 1.3382719321076 
5.2938803307674 1.598060128908 
4.6625815609392 1.4333995370368 
4.5329848311948 1.4946631962054 
3.5183836503068 2.5193661432091 
2.4822600273669 1.9998223361844 
2.9926770804224 1.8204529710016 
4.5608193837423 2.648170761971 
3.2634440714385 1.6994693497634 
3.0918874494935 1.5373716427679 
2.9213396875105 1.9424478102659 
4.6692700554434 2.6746323725424 
2.7995317314142 1.2787583399077 
2.5543117554807 1.4981225516372 
3.8522866388268 2.3938672752058 
4.4303773630356 2.5324004498649 
3.5568006269828 1.9956699921107 
3.2760966980216 2.2789590904682 
2.6681148843743 1.5806961366334 
3.1976388318433 2.4786395934526 
2.9114969832855 1.5084647343064 
4.7907752948258 1.8254220413135 
4.5116420864613 1.218920668133 
4.7779493589139 1.3633837735386 
2.6432318873168 1.8864627783688 
3.4142042312808 1.3144151783513 
3.2593125079802 2.5396447857404 
4.4444014197178 1.6540164978061 
4.609405485618 2.1161507172726 
4.3155550858168 1.5263466192928 
4.8307502944585 2.4509993393673 
3.1925639832064 1.5162297334425 
5.4091533554986 2.7046745644141 
2.524779846668 2.4853129333041 
2.6538947093454 1.3444431891682 
5.5939297374273 2.5136466672993 
4.0917367542697 1.8170933399817 
3.2545860721655 2.2693662172889 
5.6324137519297 1.2349388279114 
5.0903014154208 1.8821800735588 
4.7380465112801 2.4217796369278 
2.6352651198651 1.680950777815 
2.6665203251359 1.7792342756177 
4.0512622275048 1.6987642773312 
5.8144809421267 2.0196889027511 
4.3944194431625 2.5090400641794 
4.044090242195 1.9723515841622 
4.1378103307869 2.0007163363059 
4.2127392179951 2.7378128113312 
3.0232514965523 1.93229752674 
4.8010203062977 1.6710216307368 
3.3494863063804 1.4156945510577 
5.562263688757 1.482598790085 
5.5777846857672 1.6848829249702 
4.3058412613025 2.2244280654793 
2.9895807971083 1.6714115239885 
3.6197514783531 2.2410612128431 
4.1039440899442 1.7648671017657 
3.9869940204399 2.3104549853859 
3.7972106139157 1.7525815297155 
3.2048010702374 2.0471343963087 
3.8507432447118 1.8740195865911 
3.3162051509044 1.4800945068849 
2.4821003557165 2.1597974143831 
5.3316488230096 1.5670848632918 
4.8439202549551 1.8241564755583 
3.9547471277804 1.4386351103406 
4.9369886240856 2.4081832753376 
2.8465778756429 1.7054298107085 
5.0078823868122 2.2795823595395 
5.0100269757512 2.5312644002933 
2.614870811569 1.7996916314876 
3.9702766166157 2.030942010338 
3.6780941923419 2.6934215395468 
5.9007115787738 1.9582334104553 
5.2064860807398 2.4066544780824 
3.7878064475997 2.3349311510601 
5.5032755352588 2.1366186538031 
2.5409223724149 2.6958463626343 
5.2011992420462 2.3114034887354 
4.5771090010134 1.5893417725662 
3.5043738241194 2.1467812024927 
2.5795625202032 2.5471329554307 
3.7096860945097 1.6476597484066 
4.1387927788689 1.2456386093696 
5.5789469160798 2.459825417733 
3.8827935044651 2.502897991506 
4.3402861791131 1.742587803272 
3.479929513291 1.5566039843054 
3.3843126130621 1.5264705725024 
4.5234062482508 2.6418596721498 
3.4999738820498 1.3386952678593 
2.8959117896043 1.8799914538109 
3.5821377390174 2.2215562750683 
4.9155613876112 2.1360533178997 
5.7483363606872 1.5495269406823 
5.314160713905 1.4135197729047 
5.1696237210503 1.4954665691274 
4.3512778673484 2.0478135302458 
4.2519870544393 2.4647339393681 
3.5438764531116 2.2467947781907 
2.4997148323021 1.3069055752485 
5.1373882663967 1.8002111237225 
3.7861388624106 2.6292114468431 
5.2020091169654 2.5960643684461 
3.8170349073376 2.0723465236201 
4.8232529647427 1.288473253154 
3.3590835703296 1.4309778593879 
4.1885932064234 2.6194968764565 
4.1954772859873 1.8040162305661 
3.8482805862441 1.2703587728954 
4.8230512284343 1.4386760434519 
5.5293650468988 1.2165914293987 
3.5746033750216 1.3439175445389 
4.7860481504675 1.709206464069 
3.6608000785493 2.1044851792847 
3.4234936049359 2.4751626591896 
4.2840202815342 1.9107340201929 
2.5666713474922 2.4929150792624 
4.47224119015 2.579261404134 
3.019850558661 1.5189237729405 
5.4747021590227 2.2368297185049 
5.5800246112491 2.4790519373791 
3.9418101977636 2.3034817357405 
4.7589026437826 2.3939931099166 
4.8122767449053 2.4536910887782 
4.5046548195711 1.8669650978759 
4.528342581422 1.2225781274865 
5.0143792797069 2.7388108665509 
2.788947793684 2.685948479538 
3.3351343418292 2.0324987484068 
2.8619774179104 1.2384816628157 
2.4279122210869 1.5841060742673 
5.9238022483773 1.6687116970725 
5.0626361814984 2.1491418239943 
4.6105596313687 2.0713467743061 
5.0667531355091 1.3448294603942 
4.6016574431019 2.1494111603492 
2.9629471612669 2.7371931249678 
2.9690806957546 1.9644332996205 
3.5373464623537 2.0466311497533 
4.8185809382266 2.3492507159446 
3.2969262235735 2.1136721299168 
3.0530072054503 2.4274657624235 
2.5104194318273 1.692110018487 
5.5383190271979 1.2746887262764 
4.2482990782549 1.3475692533814 
3.3085750621749 1.2155728157882 
2.3513302981133 1.7038891172591 
2.5079859086796 2.1529699816987 
5.381861673559 2.4407920670073 
4.8566098213183 2.250945134582 
3.9478587276141 2.3931088773312 
3.6661405686442 1.4474332337703 
3.8396011405704 2.1454144187659 
3.9109982984948 2.3513703430173 
5.4464639417367 2.4914781478407 
3.2585768339446 2.1832123994013 
3.8622886954212 1.3658876869919 
3.9347860705733 1.2324768360647 
2.4529995727165 2.6890560697499 
3.3063119088842 1.6997188854916 
4.6647456901991 2.5150360068766 
2.691452336304 1.9954249014402 
2.8030472494707 1.2412009640328 
3.6113238289256 2.3902460208627 
4.1585876504435 2.5964724945246 
4.6397217130512 1.910919143953 
3.3255108932379 2.5735165821918 
4.3706639308381 1.6915335272841 
2.8412910872842 2.1967678248038 
5.8587066897285 1.8113006203561 
3.5072890611102 1.4293216156756 
3.9307157144514 2.0402054145843 
3.2843361194403 1.9256213611168 
4.823596180517 1.3833397658791 
2.7819458986188 1.8521387905494 
4.0918518395985 1.5379752090201 
3.4068446860854 1.9605252599162 
4.0946871414525 2.047337620238 
4.004479702029 2.7103283836785 
3.3396782116151 1.6416136098486 
3.6220960513892 2.2805688056363 
3.2163848207553 2.7611648386963 
3.3210930591396 2.7670284879423 
3.7393150182192 1.9969121070393 
3.8101639521016 2.3526331217051 
4.1194906071137 1.2510509778983 
2.9162121320587 1.4432166023509 
5.5114829477592 2.1944529263904 
2.9204040860239 1.5638432357769 
3.7551469211671 1.8495158257239 
5.1439036312299 1.251592938561 
4.0410503094737 1.848240040841 
3.4793525601386 1.8666280140201 
2.6756957655942 2.1672482391031 
5.9474580066891 2.3726665039633 
3.0870769185509 2.6258574917014 
4.8745225784735 2.5065569318399 
3.941251246315 1.6915683987124 
5.2384954016023 2.5919932521371 
2.5122016568675 1.6763331253615 
2.9837825122111 1.5229577818689 
5.1836408343179 1.423957691636 
3.749157953414 1.2470608345507 
2.6964992546236 2.6881398241809 
3.6792151919176 2.3521926465967 
3.4961494290323 1.9923110251406 
4.0530604230939 1.221629774705 
2.6701108691819 1.3015258825837 
5.9147934434313 2.7551154497293 
4.1651872780342 1.4017340936044 
2.4728265869684 2.7228644204179 
3.6457187215756 1.2109089312253 
5.7719774037722 2.7382112820447 
2.6555446427785 1.4373044578571 
5.3478701253081 1.711027498572 
4.6313329526219 1.2386164525763 
5.4215626336515 1.6935737144955 
2.8396999707365 2.4248330315838 
3.1585039050938 1.257536401642 
5.6509149393141 1.5603411268064 
4.5068250200955 1.5934526156665 
2.8941506830315 2.0026358134857 
2.8311574933878 2.3734590511962 
4.2185007951419 1.9058648619299 
2.7452746533989 2.1038225964272 
4.4756099547248 1.8514716533759 
4.8355926341512 1.1866942272633 
4.8677209616834 1.6785181288703 
2.8936831163278 1.998999111446 
2.6000315179295 1.9939979171853 
2.608959691804 1.777084129969 
4.0203486734303 2.6819658356571 
2.7425107797558 2.2405685196574 
3.6918831972403 2.2061816592383 
3.5115941913705 2.23772760309 
4.8085079026293 1.9219667737733 
4.2906382077443 2.1973937191486 
4.997488423362 1.9133951208964 
3.0316010699693 1.8283893396465 
5.7593587396662 2.4001901432208 
4.4204634656859 2.2037669741738 
4.6659726589448 2.2315368666743 
5.3145095428653 1.836106962429 
3.7595422220252 2.3881145730088 
5.3648522382132 1.9635854334656 
3.481123644183 1.983443466997 
3.0499330690449 2.4586068309891 
2.6529732912436 2.3810425311364 
5.8268460692878 2.5989682826504 
2.7472840843605 2.4445708261963 
2.8845093952455 2.2514347324194 
4.4689309714665 1.8370705710538 
4.4792505395732 2.0482622419764 
3.1842370103822 1.7990522904545 
2.6496957972126 1.6428656771578 
2.3671619076655 1.9247348418838 
2.5330005114245 2.6538992918892 
4.8612176074097 1.4942111405906 
3.1040167962419 2.7418005256153 
4.7246689553358 2.5389502389506 
2.743918335847 2.2571283799061 
2.3264724111967 2.5789966605866 
2.667343743497 2.5453064768129 
3.1644275918313 2.1092556955441 
3.177632886267 1.8511573545736 
2.5379234900589 1.6348489498164 
2.6913721973939 1.6710244613523 
2.651527912438 1.7689006957824 
2.9704326380698 2.371421938979 
2.8121495381169 2.2012147314086 
3.0775614338075 2.360226551766 
3.3951255608756 1.4317473911856 
2.5784102608896 1.7207231164793 
3.5706150339958 2.4677898822253 
5.1287240416819 2.6800057236633 
4.4970001830084 1.6691852897327 
3.5899663181309 1.8712224775632 
4.289143888563 1.1976321838907 
3.2382088015644 2.4500288330407 
3.4928958801409 2.4863331766795 
5.2167191456772 1.3807344233236 
4.1082884332849 2.3168686200327 
5.4260550464915 1.6343121851889 
3.3298387480144 2.245922632204 
4.4342990838216 1.9772065433891 
2.8556969461287 1.1997846844182 
5.295551890166 1.528192439393 
3.5244795711101 2.7072522300549 
3.1718530568783 1.4629061861157 
4.6255280540024 2.7497214078019 
5.903201110486 2.4001716241869 
2.7105061988067 2.7445361274912 
3.0391589620463 1.570709520581 
5.3518856525216 1.6902397214886 
2.8580387376691 1.3521981823836 
2.7919787960964 1.5648879556353 
4.0506915405616 1.7172925821762 
4.3871161937544 2.5661293433715 
2.6568492990436 2.1196801924502 
2.745754344756 2.4264128215097 
2.677555419174 2.7693135428799 
3.6128682306298 1.2807199803971 
3.018399114758 1.4099336888557 
2.5211932204727 1.831174155305 
5.0671319661791 1.3579413116135 
2.510744061079 1.9935159390474 
4.5947882915526 1.5819223734428 
4.0752488998253 1.5137315667015 
4.1563200749547 1.6407740021908 
5.2515067548586 2.0629650251507 
4.1502003384726 2.6668161518304 
4.4578002685711 2.7598238551516 
4.8337254591285 1.4891699257856 
