-2.5810472872272 -2.196539859888 
-2.3157298571372 -4.3883048119202 
-1.1642593294108 -2.4240437719588 
-1.109804964326 -2.488789543484 
-1.7710781671333 -2.4975951756191 
-1.6631662417586 -2.9111841270199 
-2.1552461667198 -3.3907853045377 
-3.1511972812343 -4.2856461005189 
-2.3756935266513 -3.2795277806236 
-1.7515522914266 -3.6631806760293 
-2.8538869562511 -3.4253757224241 
-2.9705694608373 -2.5747909835896 
-1.8237760623445 -2.3038463259572 
-2.0855159811588 -3.4319521808362 
-2.9244899491751 -4.2726521361151 
-3.0971441453847 -4.521734944761 
-1.7136539635635 -2.467795782379 
-2.3560183072815 -4.1823170785462 
-1.4501420584449 -4.7587163204901 
-1.9104441322347 -4.1959261951771 
-0.86844913172472 -4.7956711560726 
-1.1027322821836 -3.4467073834166 
-3.0597243448325 -4.6030150835757 
-1.4818381274048 -4.6562791434517 
-2.7453671513444 -3.7442543266318 
-1.7025816731637 -2.976321998989 
-2.1627252658642 -3.173924045306 
-1.3254425872556 -2.9263545209093 
-1.2392360332282 -2.5944598061746 
-2.4620668856552 -2.738936890638 
-1.6036088076995 -4.5672093257447 
-2.0266895053639 -4.5084447656187 
-2.6362711570247 -2.544809568818 
-1.7559520143878 -3.5686458710505 
-1.4870107484209 -3.1258640496373 
-3.137455965111 -4.5027515967095 
-2.1409607619549 -3.2443515847805 
-3.1512906971554 -2.5595516327385 
-2.6729399843125 -4.4727360848519 
-1.5682915289871 -3.4592398702604 
-2.5657018678303 -3.5057417887193 
-2.8206134529812 -3.9687068458986 
-2.9040695191651 -4.5124558274733 
-1.8651411250003 -3.8787479000322 
-3.0693062645708 -2.8138106911601 
-2.9586580360974 -3.3135671469785 
-1.6277127482923 -4.1389634704425 
-1.6011157201242 -4.7368822542617 
-1.5686592246987 -4.7159238511763 
-1.7047833606651 -2.4617901998884 
-1.3699785686242 -4.1925451176451 
-2.7962646409797 -3.2894117115898 
-1.1177501300441 -4.057348590024 
-1.8468237232264 -3.7438949503711 
-3.0037794809982 -4.2569723358857 
-2.261669452193 -2.9590323673958 
-2.152694169684 -3.7332324451088 
-2.158129475922 -2.9058323523946 
-1.5585316160758 -3.5943044277912 
-2.4101393541519 -4.7298214122181 
-1.4596344277116 -4.6168433610559 
-2.9557777591836 -3.5265542122932 
-2.9890705008227 -3.1799519695405 
-3.1518442716495 -2.3152527005881 
-2.9310607126911 -4.245528274445 
-1.4681926151354 -3.1932216204718 
-1.6031589177507 -3.741704248449 
-1.2289974106108 -3.0880447362355 
-2.3300658146921 -2.2947588131958 
-2.9795238098319 -4.1499883517837 
-2.6672422035761 -3.0779999351737 
-3.1321448558401 -2.2185496964802 
-2.4039634942879 -3.728974376438 
-2.2140099631019 -3.5981715879469 
-1.6029702076353 -4.5217214765279 
-1.6416660235379 -4.278286516688 
-3.150663751524 -2.3912817728308 
-3.1682871055405 -3.9273796148456 
-2.2343798554929 -2.1992376533833 
-1.0135389559884 -2.2336554727545 
-1.6633103290013 -3.5151668499869 
-2.0544188547476 -2.9937292775304 
-0.9254171916397 -2.9680236808739 
-2.248330202641 -4.2477645209487 
-3.0018571623543 -2.226721567674 
-3.1019826002489 -4.4497241088568 
-1.1761417287359 -2.3335526271751 
-2.4360507124819 -2.2902600458123 
-2.5303422824743 -4.1372003364315 
-2.2299867554991 -4.2754172018332 
-1.5643841069669 -2.7821751790226 
-0.90017729947125 -3.7940738937591 
-2.2254437017858 -4.0357340957585 
-2.7359543739377 -2.3477418022722 
-2.1618721576082 -4.7955937162607 
-2.2753850859332 -2.898064222025 
-2.4202844014234 -4.3736541547931 
-1.767703746014 -2.8653236174769 
-1.4370657771186 -3.3324386709238 
-2.3164828311078 -4.3621983440298 
-1.490553861062 -2.4401499308448 
-1.8768393284801 -3.2950945512152 
-2.5087093937019 -2.7624180643658 
-3.1104168571106 -4.713971373366 
-1.7188255847634 -2.5900286185302 
-2.4370640804646 -3.5187346356933 
-3.1033853253638 -3.2010690072314 
-2.7730701576837 -2.3084066167554 
-3.1761431410578 -3.8132352930793 
-1.9284201212482 -4.5497600614057 
-1.5933179773809 -3.4456833856251 
-1.4712787154157 -3.0336450804194 
-1.6622268125329 -4.6608157133575 
-0.90685864191734 -2.452551761888 
-3.1210082678594 -3.374820915225 
-1.7511258146291 -2.5838865038966 
-3.0234549709047 -4.5766917589189 
-2.4462920346428 -2.583583332263 
-1.5324545405848 -4.7288276893059 
-0.85532205560737 -3.3662822452216 
-1.2284105976802 -3.0069917453192 
-1.7754609789967 -2.5984330797092 
-1.1300733356711 -4.5207526256878 
-2.2850365931941 -3.8126164216379 
-2.8194918831787 -3.2614716182852 
-2.305680747732 -4.6918501155071 
-2.102763212794 -4.4266621599866 
-2.4178892274958 -4.5610155317354 
-1.2329877834532 -3.0948855362855 
-2.1953703150355 -2.1963406538599 
-0.88050378947762 -3.2520420400208 
-2.5832722744177 -3.3151462893299 
-2.5784077347737 -4.5381974521498 
-1.9575108794262 -2.5887359703762 
-2.1329070609668 -3.9006096201242 
-2.6872578730749 -4.4552225370104 
-1.6341892334146 -2.5556216845743 
-2.5158137417364 -2.4692248869162 
-2.6698590621881 -3.4424483613731 
-2.5245840631353 -3.8298643925999 
-2.6510439503892 -4.5615323035994 
-0.98780935508557 -3.1944117538523 
-2.4275217558717 -4.5324912253716 
-2.3250209334863 -2.9190628206252 
-1.4957690770344 -2.1744406528677 
-0.92581459191581 -3.2371724298015 
-1.0045061528266 -3.4770059262793 
-1.2574280803209 -3.6200136896928 
-1.0159556186862 -4.4244670949451 
-3.0626303215598 -2.5525862007543 
-1.1111011222089 -4.1097743670897 
-2.963639601831 -3.3571187905687 
-1.6149092196422 -4.4822403650088 
-2.3146203520837 -2.6300603731351 
-2.0492688842289 -3.1302772738357 
-2.1633115970881 -3.7950983480124 
-2.1143414127577 -2.5220847994411 
-2.1515071241571 -3.2432408831413 
-1.4198707833388 -2.2085663801157 
-2.5581020014103 -3.008425095891 
-1.32377765857 -4.2301148319747 
-2.2264520542887 -3.8290470835047 
-1.9527567387943 -3.9246876736525 
-3.1306798647416 -3.7307172354588 
-0.932635630744 -3.1783660725515 
-2.2411107562659 -4.4306716871082 
-2.8057262524211 -2.3486025951785 
-2.7792914580506 -4.2671848630274 
-1.901526532979 -3.67971084385 
-1.5812621329417 -4.0625261447048 
-2.0670326379664 -4.2498465693335 
-1.4914182901858 -4.1514723278586 
-1.1854493843776 -2.1639047724227 
-2.1146603847599 -4.7162924303773 
-2.9548347413664 -4.5334462968205 
-1.4250088582231 -2.6863951479382 
-1.6880117941878 -2.9911037283395 
-1.9353993639337 -2.7332098582253 
-1.081539475265 -3.1018619983317 
-1.6605170707412 -2.8000963333235 
-1.6580787468564 -2.9270181220836 
-1.0927662619953 -2.6205041939585 
-1.3836788326661 -4.4247357770135 
-2.1128896770495 -3.8295861182908 
-1.9733768679658 -3.5863628572865 
-2.1822976766934 -2.4073513951712 
-1.7604382685826 -2.870402033306 
-2.6226832346573 -2.6725333229183 
-1.3960868592982 -3.4056606689649 
-3.2004879262078 -3.9858703437434 
-1.7379171902862 -3.6864554900232 
-1.8821787589785 -2.1603018674524 
-0.9026758720637 -3.5584279304337 
-3.1476208431953 -4.7430049714687 
-2.0333439248817 -3.8302834660318 
-3.1630991242375 -2.5692042159978 
-2.1913540688858 -3.340727583596 
-1.4708082112082 -2.6901925303473 
-2.8825096285356 -3.4147432652137 
-0.92709394185288 -2.2093245419929 
-2.4333912331694 -2.1855444435979 
-2.2192846200024 -2.7807783267431 
-2.1777411233555 -3.0941557734403 
-2.6863741322812 -3.1694219099221 
-2.7005511044886 -3.2287788676937 
-1.5288126744369 -4.0385255652653 
-2.8065434238993 -2.8437708253217 
-2.6778483601673 -2.7500070962479 
-2.7122407265368 -4.781060017016 
-2.5445352685878 -2.4963389991348 
-2.7517912028444 -4.2422678111381 
-1.8278085956993 -3.5831982939348 
-1.1588839766014 -2.440544037191 
-1.9608116509614 -4.5575178048241 
-1.6519328364636 -2.5271187182345 
-3.1796442308189 -3.6984079382668 
-0.90214026793797 -3.1205979618105 
-2.0929336811813 -2.5869197737968 
-2.7410410077009 -4.5219674955635 
-1.7261440602777 -3.9605774228548 
-2.802091276403 -2.7713302103837 
-2.0517271673894 -2.9099977475809 
-1.3589130843046 -3.4833305232308 
-1.5524779241384 -3.9927059164341 
-1.813478449989 -4.2803821129752 
-2.1392797871364 -3.8819992130221 
-2.0083461654955 -4.6093955838156 
-2.0537108640272 -2.2623700661528 
-3.0865451467524 -2.9112116301599 
-1.0879894419181 -2.4943629241862 
-1.8277816209135 -2.6820119937685 
-1.3602060431326 -4.5300970831983 
-2.039795748885 -2.6439027865497 
-3.1070535621503 -4.5132170146106 
-1.1623747811606 -2.2482571431224 
-2.5849419544945 -2.3115996094033 
-1.2623380045857 -4.3945806341776 
-1.2624299880804 -2.8579884128495 
-1.1549652891013 -3.2137620908899 
-2.6158341014925 -3.7313780320258 
-1.1640881401348 -4.7737497257812 
-2.1699334064626 -2.9231683596237 
-1.3457740673996 -2.8558558142171 
-3.1829571126585 -3.1736302148721 
-0.85762833211557 -2.6745042695296 
-2.9424003094699 -2.516046857453 
-2.2257466315395 -3.2276752913594 
-1.5285145433966 -4.5237004796772 
-2.0365079314422 -3.4406369983449 
-2.864850810187 -3.9749752424472 
-2.4941877510654 -2.2017846664111 
-2.2173380903483 -4.7101480545235 
-1.0535036740368 -3.6887512825006 
-2.9118751287766 -3.1606580039883 
-2.5292196562511 -3.8235481734975 
-2.1325765427114 -3.0718305910424 
-1.9577771879662 -2.6529908648626 
-3.1331734586773 -2.4606849520574 
-2.1347408886495 -3.9022220242575 
-2.0451232544349 -2.7987514660981 
-1.4347585201635 -2.7451111875931 
-1.5921996200713 -4.5295097502914 
-2.5593121193869 -3.755171087344 
-2.5790301203312 -2.6931791970598 
-0.88628578237206 -3.6661397174977 
-1.5611906056825 -2.876257848416 
-1.1659620343524 -2.5127746790913 
-2.6606205341669 -2.2399823578483 
-1.9359155149432 -3.8067384520393 
-2.9416137111743 -3.4971515485653 
-2.3065814414169 -2.2142401796399 
-1.2381631327337 -4.6624938872754 
-3.1721901118142 -3.9061077687104 
-3.1928287637927 -2.3011828367332 
-2.5223271329722 -3.6217204254162 
-1.4905343716124 -3.9004961526609 
-1.1551129763267 -2.2319749607829 
-1.3345272209457 -3.8985850277515 
-1.8983230653231 -4.343749114746 
-1.7011411391567 -2.2877963578041 
-2.0112511319716 -3.5507293198815 
-0.95271946757595 -2.5840578685786 
-1.690153827452 -3.7876011164808 
-1.189583934737 -4.3914095315301 
-2.7757050878411 -2.393977892444 
-0.86382895417998 -3.0375431871085 
-2.7231910152002 -2.1617192570168 
-1.3463784302491 -3.7749549123828 
-3.0316110238826 -2.7343282560224 
-1.5457754747946 -2.2202288188921 
-1.7940161555939 -4.3932458050713 
-2.4432897423506 -4.5573285197798 
-3.0054359856304 -2.1650110300192 
-1.2219757159712 -4.3234783878296 
-1.2888973119866 -3.9334721450093 
-2.5661766737828 -2.8928125751464 
-2.9345443341523 -2.1793246766481 
-0.96519551061596 -4.1344838168145 
-1.0345845137177 -4.6236130767316 
-2.6665735588044 -3.8295184387111 
-1.632107792355 -2.8600062133963 
-1.4644971673844 -4.5788054662987 
-1.3820388976622 -3.6138151248891 
-1.0115515391818 -3.9921371511641 
-1.5447260189424 -2.9596024839376 
-2.2082924976586 -2.7412850572593 
-2.8661566133831 -4.1502967962046 
-1.276345147354 -2.6506345819563 
-0.92667145951186 -2.3494872067505 
-2.4051683652797 -3.3519974558221 
-1.2678147454057 -2.6167673544367 
-3.049948981309 -2.4714611447834 
-1.5217127832426 -3.7269329899186 
-2.0048588565998 -2.8586440805554 
-2.0876821538438 -4.078172688478 
-1.674196247764 -4.677944358266 
-2.4271736802278 -3.8466416919114 
-1.5152297786842 -2.5524734831495 
-1.951140381964 -2.9082553817699 
-2.09727908211 -2.7541203036917 
-2.8602670984921 -3.8970560338048 
-2.7776469421836 -3.8055072608437 
-2.678130101418 -2.5834518761386 
-2.9727872808598 -3.0206384164503 
-3.1968721747544 -4.1871971711689 
-2.4977522961368 -2.3379508215637 
-2.4784129140682 -2.8059384837131 
-3.0838071134183 -2.5706176973042 
-1.6752192655558 -2.3982024273819 
-2.9230227759115 -2.9432487746736 
-2.8584473950741 -3.9764017059067 
-1.7740419466059 -4.3925217820084 
-1.5128635629719 -2.7214747089521 
-2.5253673319411 -2.8407277596691 
-2.2093807185978 -4.7074928967189 
-2.7216100259727 -3.6032819861798 
-2.2336839069484 -2.5568856056527 
-2.1475648136722 -4.6633746376138 
-0.94144207730966 -4.7372614597412 
-1.0406190711173 -4.0607454375838 
-2.9522226967232 -3.4743476592496 
-2.2353978948524 -2.5382603618024 
-2.9112407034389 -3.1914750833031 
-2.4186690470307 -3.0233139583083 
-1.8005688347478 -4.7267707057077 
-1.7227724023573 -4.6647343954002 
-2.6468992514031 -2.5187426763718 
-0.89903378128218 -2.8759748517228 
-2.5039956266338 -4.2376009091072 
-2.5169766497011 -4.3796102058431 
-1.9310549091995 -3.2241969252787 
-2.5648934664615 -2.8308675186199 
-3.0370283622707 -4.7689744576044 
-1.1527301374306 -2.8951866362395 
-1.2426885592002 -2.6378812667534 
-1.1212889697302 -4.1639954191643 
-1.9600009931469 -2.9483246369019 
-1.8506640433821 -4.3204925142722 
-3.0994436323755 -3.5432038267351 
-2.6024240258104 -2.7183975437896 
-2.8523746861324 -2.4429516812663 
-2.2968186957205 -2.485515102993 
-1.6268374698089 -2.4570645801065 
-1.7096876038626 -4.3670407483291 
-2.2965781383885 -3.5732748778527 
-1.778251962421 -3.2761814056719 
-1.3613869526655 -2.7921956853286 
-2.0547032772385 -3.0405613023586 
-2.7764380117154 -4.0264709652382 
-3.1841460572377 -4.4184274503279 
-2.6192346625086 -3.5214178575808 
-2.6259700669524 -4.5090667017879 
-1.9267013777165 -4.3339061222856 
-2.1524317592273 -3.8147917262304 
-1.7164598905812 -4.231647319291 
-1.7528198553641 -2.9287414469362 
-1.0270990709663 -4.4490750927835 
-3.2017527366413 -2.7762700680274 
-1.1766210362881 -4.0698801787795 
-2.5979644032657 -4.2659656358792 
-1.6067352344372 -3.0921908936597 
-1.3631061365034 -3.0914334385902 
-1.2289706812032 -2.3759134972213 
-1.8716898485702 -2.4295397710714 
-2.9528299694108 -2.5615618911356 
-1.3610721618117 -3.4073104846931 
-1.1523931233839 -2.8333492642199 
-1.0213924984929 -3.6712787628417 
-2.5986832081296 -3.2980801246071 
-2.8588783247362 -2.3044010822216 
-1.9360426804675 -4.5263864788328 
-1.7559594886191 -3.0824897515945 
-3.0811157488401 -2.2478020536535 
-2.9856609338667 -3.9908924246596 
-2.2171449466789 -3.5043157867558 
-1.9250920182803 -2.6550087466847 
-1.5633710508994 -3.0192122626213 
-0.92317733008496 -3.7145839605926 
-1.0682845664698 -4.1648599563585 
-2.0762853077695 -3.1816127670982 
-2.948365373421 -3.2705018352994 
-2.2673089224016 -3.4391723847049 
-2.8084672519768 -2.3621439428424 
-1.8527020415779 -2.7870279985824 
-0.94706881040904 -4.14102047743 
-1.5908323061637 -3.4249083924362 
-0.88383443657751 -2.2946540899832 
-3.0307328634987 -4.0959352450459 
-2.214730211673 -2.2950219734648 
-1.0329133233785 -4.2878353203809 
-1.7479652182285 -4.5749900498782 
-2.5073914634761 -4.2818175637722 
-2.0175053003605 -3.5613360850487 
-3.0059118481383 -2.8882628893586 
-0.96189363406729 -3.1038334424767 
-1.3529108966926 -4.7416121965276 
-2.0727784079929 -3.095965470578 
-2.2384538042551 -2.5177083195815 
-1.0537992351915 -2.3535908424013 
-2.1297330691777 -4.2281912611697 
-2.7457526909894 -3.8356275880142 
-3.006158064041 -2.7398757582027 
-0.85016214374119 -3.0287535052637 
-2.6688451280694 -4.4449685583622 
-3.1752673747854 -3.9012502080693 
-1.767392869322 -2.7003280366052 
-3.2009240303951 -2.4170372067146 
-1.7101996934577 -4.3994814879825 
-1.5899337736562 -4.130584524127 
-2.0061265784771 -4.2739860363794 
-1.9578406609365 -3.1829890373302 
-1.925486088227 -2.7906503604879 
-2.7480669809837 -3.4568499481551 
-1.2014335199901 -4.6009533060901 
-1.2430423865462 -2.8095015953509 
-2.6398834972627 -3.2886613324064 
-2.8924995492022 -3.230997857868 
-2.9191745355808 -4.6768028995424 
-3.1578922693994 -2.1644051330615 
-2.4011905041208 -2.227919777297 
-1.3190623022754 -4.381402303588 
-2.0098652605329 -3.6999374938438 
-2.8800548081495 -4.3456606533176 
-0.90040359901294 -2.2949939889896 
-2.955222290636 -3.641347095864 
-0.8596328729913 -3.4383782507928 
-0.88045157104378 -3.6547027148087 
-2.8690276886151 -4.1477340830495 
-2.9294200364924 -4.2748759284471 
-2.7735151995935 -2.7173223761109 
-1.9824213652437 -2.1926877039969 
-1.2660020828921 -4.2937063269289 
-1.3901126462086 -4.1279766577348 
-2.8074120146509 -3.412814735687 
-2.1271387811141 -2.7302170192473 
-2.8061916721833 -4.7202839227579 
-1.3675341519746 -2.9344216659569 
-2.277973034379 -3.6501072365726 
-2.4971364336352 -2.465994935658 
-2.2171401215596 -4.7060618270086 
-2.1438477471541 -3.4271888183117 
-1.4138198001644 -4.1275576608402 
-3.1298810794884 -3.4900504341574 
-2.4278711728441 -4.4969777182262 
-2.2312077241985 -2.3424571531627 
-2.0974406412442 -2.876692012708 
-2.8180746048803 -2.8712819853605 
-2.9900429668313 -3.0488946187152 
-1.8435932442015 -3.2176489466361 
-2.9359487401282 -3.0640355845823 
-1.7228736155623 -4.4719799740153 
-1.9031602122246 -3.8836871241826 
-1.2502623864505 -2.9346680231373 
-1.7340028214111 -4.2029101111873 
-1.1511073930475 -3.3366956544323 
-2.7111153247428 -2.7478801060837 
-2.6084085938846 -2.3414636719144 
-2.1744286781301 -2.9879228392314 
-2.10546895626 -2.4741593190952 
-1.1828183071148 -2.4208498916182 
-2.431702525425 -3.3306014044741 
-1.1719847729474 -3.3597213562623 
-3.0775877731089 -2.2007325564191 
-0.94120731805087 -3.723911518831 
-1.7810920058422 -2.2786178420322 
-2.7413468746154 -3.4494409855522 
-1.1744906453456 -2.2266166295939 
-2.9436771540547 -3.7541103100938 
-1.4487099111286 -2.4623813424007 
-1.585463485201 -3.8851600725184 
-2.3278213725233 -2.7307418706718 
-0.98973390789632 -2.3889253359993 
-1.9663141847084 -2.361172517687 
-1.0503676609999 -3.7363196787114 
-2.6583756346872 -3.0237541222322 
-2.9797251059978 -3.4694117221392 
-2.044532100942 -4.2162163382644 
-1.8970274144989 -3.4554014578085 
-2.6616482876863 -3.4731876787179 
-2.9806930290101 -3.8532846681171 
-1.39981981547 -4.5913759281201 
-1.8089914976573 -2.3764867837932 
-1.5462225910213 -4.0652842356433 
-2.8348255087752 -2.6579940817593 
-2.3546207432224 -2.9114127164008 
-2.6612437654164 -4.3348632710082 
-2.0747056467449 -3.2642286592454 
-1.1139982214918 -2.3810826755534 
-1.3616374040923 -3.6415308173579 
-2.4262613920517 -2.6333092442196 
-2.0997026170536 -2.4321912066709 
-2.4234035842548 -3.1453692706742 
-2.576623836258 -3.0241768295959 
-1.2000547392438 -3.3936530981979 
-1.7476623101979 -3.9161576320413 
-1.3557645729119 -4.7721961114067 
-2.6610070183251 -4.3634084964485 
-1.6455579371437 -3.8260714720395 
-1.7924805536892 -4.0056481411186 
-3.1682742652724 -2.8960829674427 
-1.2356251811265 -3.7051966419913 
-2.3963456773536 -3.7129764254159 
-2.9473166131533 -3.2888925643219 
-1.6182390166889 -2.9982528742696 
-2.0769557900549 -2.2735585054564 
-2.5742907236541 -2.9643754178941 
-1.4133354143703 -3.2601075025027 
-1.3768567663365 -2.635946180419 
-2.4585997619643 -2.3124700596674 
-3.0305636625329 -3.3121575664078 
-2.2155028097959 -2.4202535488004 
-2.736425988002 -4.6483301484211 
-1.1351990810803 -2.4198904899618 
-0.96336208909751 -4.2231360815099 
-2.4747001146695 -2.3167253321378 
-2.515017254608 -2.9893441040836 
-1.853652285872 -4.2543948821561 
-1.0179904385847 -2.72994532841 
-1.4209968360497 -2.4503672163582 
-2.9296797885989 -4.5517622069499 
-3.1209314504035 -3.993594636027 
-1.4097624361261 -2.5623403277274 
-1.1549336790449 -3.5412792928968 
-1.1588505340274 -3.7203112804963 
-2.8541279494971 -4.6754720744546 
-1.2702444942766 -3.7226616474824 
-0.96376607882499 -3.7002815725165 
-1.5087017090766 -2.8190827643801 
-2.3355371067631 -4.535650330414 
-2.2163083423074 -3.22480033121 
-2.5530279254754 -2.3698302701637 
-1.2251456391623 -2.8397488740035 
-1.5900264166566 -2.8858055418627 
-1.8440546744634 -2.9340762220829 
-1.9920025955786 -3.1218132048594 
-2.2526779906204 -3.7750228502992 
-2.0825871546455 -2.8620120968605 
-2.3480385055111 -4.1992565278408 
-1.4189887035573 -2.471934683849 
-3.1842543323505 -4.3262894849928 
-1.9714613910956 -4.205166143391 
-1.911616669655 -4.1646531936877 
-3.1760623567731 -2.4056301735787 
-1.6381685196044 -2.6370133225902 
-2.2745099237471 -4.3186329482213 
-2.5555973886585 -3.2330655535858 
-0.95942567411937 -3.3546087057117 
-1.7686091595378 -2.4911934876243 
-1.9928240298312 -3.5511330529327 
-2.7485677116579 -2.524240433969 
-0.9039517873289 -2.1971039430649 
-2.2061028887065 -4.7308331751268 
-2.0589536569223 -4.3739280774542 
-2.1046031358824 -3.5574888333688 
-1.5333949232591 -3.6138484676516 
-2.7203505023602 -4.4695752341662 
-3.069242541894 -4.6414716132359 
-1.1730150710866 -3.438741930959 
-2.0938081098175 -3.5466944957539 
-1.4366929501408 -2.5606214358375 
-1.9472026811706 -2.3910663547003 
-1.1003841639057 -4.7256030487313 
-2.415101869576 -3.3340692663574 
-2.0935251857046 -4.4906604797945 
-2.8273455443799 -3.2173890811857 
-1.8927290578319 -3.1343469295774 
-3.1196857270014 -2.8291015881387 
-1.335797682825 -4.2466123248077 
-2.0827303848423 -4.3229150828903 
-1.6035143995812 -2.8925112759471 
-1.2449617750982 -2.6678298084863 
-2.0054144610278 -3.8253474878073 
-1.5300643414297 -2.6455657068891 
-1.188998715345 -4.7409806618717 
-1.5599767164177 -3.8127746112427 
-1.4931507711019 -3.1681364454367 
-2.0227543531179 -3.2586199023964 
-2.8788607704125 -3.321717398339 
-2.5866647041929 -2.3571498636408 
-1.6227241270555 -3.3074084500808 
-2.567840859455 -4.1801923203566 
-2.4298174497795 -2.3615346673723 
-3.1297509771597 -4.5306366692792 
-1.1231126216582 -3.7999553156431 
-2.2976836466438 -2.3209413472428 
-2.4010923672964 -2.6176177273877 
-2.4476819403268 -3.220215206579 
-2.3380928100285 -2.9510930373793 
-2.9237321502209 -4.6046788313261 
-2.9695415283501 -2.8395192352439 
-1.7387818182168 -2.6091699218942 
-2.5305517533369 -2.3311745993966 
-3.1617651147712 -3.5478424787529 
-1.3366920743217 -4.6231155854058 
-1.7907366273089 -3.3591351108242 
-2.5505815816832 -2.1934325648397 
-2.2406754700835 -4.0169615565091 
-2.3511011203231 -2.8291643311059 
-1.8702777654985 -2.3872454872866 
-2.9261322686128 -2.6362218978639 
-2.0211196190157 -2.941569867626 
-2.0921891595739 -3.8518550102972 
-1.2668200025434 -2.6680153690917 
-1.1350973232735 -3.8827173393125 
-0.89534366104628 -2.9949145162626 
-2.0359722440688 -3.9531432026631 
-2.1094943567113 -3.8866325978548 
-1.5821218282972 -2.3971640073061 
-2.1414284358703 -4.7167131584134 
-1.0140429483656 -2.8777544432346 
-2.6779829649236 -3.0024565118522 
-2.0305325812891 -3.5891614263275 
-3.1879860690743 -3.4374309049841 
-1.1752629202685 -4.5652562030634 
-1.5944399961462 -3.3106602928141 
-1.6148490720524 -3.1990823696888 
-1.9432464874478 -2.3719731124225 
-2.6719672412705 -4.5091451880864 
-1.9554078640688 -2.6725209982052 
-1.9773581832614 -4.0824771255319 
-1.2577170336301 -3.1950322233678 
-1.8228338970089 -3.8838650161243 
-2.0863846961342 -4.6324878818137 
-2.4976586300181 -3.8672043163133 
-1.0463121888184 -2.173183087205 
-1.2193118789969 -3.8505001970658 
-2.5967710190401 -2.8598357894256 
-1.6574767197159 -3.3573832871216 
-3.1313683717967 -3.2556162217554 
-2.0882154525334 -3.7487758796254 
-2.5742245426142 -4.2085618321359 
-1.5220753567553 -4.3985092623607 
-1.0011726211604 -3.1656521800786 
-1.9395222831285 -2.8862918213912 
-1.3378310571086 -2.8114501537404 
-2.5432912875464 -3.669862088089 
-1.2364224123072 -2.2938866807364 
-1.6101647142064 -3.673007091828 
-1.2953694543258 -2.7735862376452 
-1.0438888228383 -3.2128760209385 
-2.4507634391264 -3.9106948421125 
-1.566266505625 -2.579719038931 
-0.92840707635378 -2.3256093125271 
-2.4928864327965 -3.3907525379322 
-2.2561259778889 -2.5504299348442 
-2.2045085582214 -3.8967749017428 
-1.1181570139182 -2.8030341341917 
-2.1135118305009 -3.1415459899873 
-1.4495451125056 -4.1613322583134 
-2.6657521529945 -3.2947479572106 
-2.659624199736 -3.5635328094889 
-1.696870601202 -2.9385460252734 
-2.494415102466 -4.2932123508255 
-2.8622678325581 -2.788331057344 
-2.6108510616534 -3.5518517318433 
-1.7775679112234 -3.4948031816643 
-2.8424212503025 -4.3486168640352 
-1.7807531099823 -4.0277189125619 
-2.0000854025676 -2.2662794688499 
-2.1511640819951 -2.5552776642409 
-2.2095746571499 -3.2363908789493 
-2.5439756879412 -3.5194187893722 
-3.1188025540235 -4.5455841108105 
-1.3999946382342 -3.3816095663526 
-2.749145203376 -2.6494877346846 
-1.8956803775191 -3.3994637640302 
-1.0266389228385 -4.2945983156477 
-2.8746528623908 -3.2831262903598 
-2.4360390698413 -2.2523247319362 
-2.83106948791 -2.788132857788 
-2.5157816855368 -3.0248839827176 
-1.9421588433187 -2.6299313268127 
-2.9760713048886 -4.1250390857926 
-2.7248027361455 -2.7947410938386 
-1.2576897747664 -3.1844761497244 
-0.97913678043557 -2.2494886821343 
-2.6022111087798 -3.7092059483244 
-1.3954348692492 -3.9013448756989 
-2.8792126374061 -3.9026594865022 
-2.0652256028521 -2.3899945656649 
-2.0988229405829 -3.58401331566 
-1.7128316312239 -3.7561697238046 
-2.886647136669 -4.5287465435495 
-2.8716306476413 -3.0806200074861 
-2.595106565721 -4.3905860024386 
-1.7200912042616 -4.200983482407 
-1.6820816404881 -3.8347787992061 
-2.8879750734888 -4.2272799746706 
-3.149546585043 -2.4181661630425 
-2.8072053855706 -3.4138215278952 
-1.0068997796147 -2.3392537195228 
-1.1044317259671 -3.0709641872242 
-1.3986605950502 -2.6864072147136 
-1.9709757744955 -2.720161865058 
-2.1025038921855 -3.1286012364648 
-1.0338701139783 -4.2714045759257 
-1.9407518982699 -3.82152483631 
-2.3221665834907 -3.7108540290514 
-2.5127696345594 -3.8041748621781 
-2.5419156782581 -3.5046478527209 
-2.555934781027 -3.3753021654422 
-1.5900880752792 -4.1873754065504 
-2.0063350246926 -2.8386912055892 
-1.0079154416199 -2.2104344667863 
-1.6628548792502 -3.0825900224439 
-2.7319579770514 -3.4325312636524 
-1.5511432797491 -2.811874342255 
-1.2816979239127 -4.7663643577071 
-2.3639425595447 -2.9519209077913 
-1.0187713908212 -4.7036658011483 
-0.93853480515678 -4.4817675934829 
-3.0348636909599 -3.4571255006305 
-1.6578485154483 -3.0204963399453 
-3.0617847759399 -4.444933428922 
-2.706799268407 -2.1790954220484 
-2.3238574543219 -3.4931334512436 
-1.7625476952348 -3.949817919074 
-2.0510469264891 -4.2909226498059 
-1.02182073037 -2.5976491766059 
-3.1231841041548 -3.819123950018 
-1.6008395200631 -4.3267845976444 
-3.1792707216599 -3.4261562030853 
-0.87225161170295 -3.2302137198981 
-2.2055632435867 -4.0112328826804 
-1.3322055333865 -4.7096044727176 
-2.9277162192113 -4.3507184414799 
-2.4737375188505 -3.4820937548113 
-2.3878050613886 -3.0455247859531 
-2.3850048697057 -4.6818302725404 
-1.528063758309 -2.3465815760954 
-1.0459814517926 -3.6324465414648 
-2.6843624647176 -3.7324242788506 
-2.1693649171931 -3.8542080428098 
-1.2527681808521 -4.3315229284602 
-2.349120500602 -3.0928479798018 
-2.3339025653237 -2.8762813484002 
-1.0539045436118 -2.4359205768546 
-2.3444915313709 -3.9155565489816 
-1.5389999576613 -2.3024913709921 
-2.4858523675931 -3.0231115639258 
-2.5627497732648 -4.6274418403376 
-2.0428877337775 -3.5454864770788 
-1.3614577727335 -3.4347977568417 
-1.3502170054967 -3.8151066424794 
-1.2590234382316 -3.8159144193836 
-2.8328765918228 -2.4165746278002 
-2.8699282263804 -2.6294305475963 
-3.0160541834377 -2.8356276225753 
-2.7135131286794 -2.1629608890478 
-1.2884248114899 -4.6852607847664 
-3.1639801874761 -3.1586222178322 
-1.9491877230392 -3.8917977861812 
-1.5557118411337 -4.4163865823895 
-1.0887854065409 -2.8180397787652 
-1.9098580543445 -3.0091397824016 
-2.8473482151047 -2.3400412665088 
-2.3706017491973 -3.0890552813926 
-2.5414147467815 -2.7960946276023 
-2.6750192995276 -4.6452749063391 
-3.061834055379 -2.3397105357969 
-1.9804149795658 -3.3401370043518 
-1.7710218975304 -4.1943193255659 
-1.053761582293 -2.1732942596731 
-3.0141133411182 -2.9887951797483 
-2.8241677651781 -3.1948984265016 
-3.0281361024134 -3.6149431487136 
-0.85648709430834 -2.5845325517555 
-1.9743705121318 -2.9141713975979 
-1.5003356231426 -2.9108741530684 
-2.5245806671339 -4.6490062721383 
-2.2721763796622 -2.6387209693761 
-2.5980334012488 -2.3333666410743 
-2.1791860394186 -2.9106702634858 
-1.2954644538296 -2.6331368093756 
-2.8309933990455 -3.2707874341201 
-1.5143532047499 -4.7866986697017 
-1.4273543298569 -2.8999106790336 
-2.6333445169987 -4.2357386766265 
-1.0820177784073 -4.2210394018135 
-2.1302761774524 -3.2825311681642 
-3.2023591686779 -4.2691464920623 
-1.4791161899932 -3.3910128816289 
-2.1959940060758 -2.7362840657701 
-3.1397687184887 -2.8617723648937 
-1.9472947855432 -4.1050789529302 
-1.6766251446165 -4.5757151431267 
-2.5975324502437 -2.9386282882018 
-2.0939352990192 -2.5906688597926 
-1.5567249539162 -3.5605350167402 
-1.5744548330842 -2.2822265968834 
-2.8868028060086 -3.0368610069436 
-2.5140137601183 -2.1855553782624 
-2.2919239928546 -3.48026162776 
-1.5931960306674 -3.4688883650364 
-1.5773252084095 -3.3614870127217 
-2.0942697356856 -4.2114880345424 
-1.2263796049269 -2.3761383931349 
-1.8723689022141 -2.7179017495664 
-2.3060693694818 -2.1888891984616 
-2.0595501625224 -3.586190349379 
-2.2265437360031 -3.6561119401503 
-1.447708917129 -2.9577469657084 
-1.852406470643 -3.5196983464332 
-2.7922377729624 -2.8398134302187 
-2.5120725607083 -3.1957801271827 
-1.1820892044024 -4.3733995423294 
-1.0255129698042 -3.4136771790528 
-1.7517578733056 -4.6081199730736 
-3.1822417998225 -3.2484071363623 
-1.1454013264998 -2.2011541876402 
-2.9135257827338 -3.7298125788016 
-1.8879064490547 -3.0590952505187 
-1.8936840688007 -4.5964748118705 
-1.7020599402662 -3.5080049055164 
-1.7030112682866 -2.2868056021232 
-2.2651635878155 -3.0129368712456 
-0.97939561711511 -3.2374587833249 
-1.3243257847913 -2.7304298787769 
-2.6471988222873 -4.1958735473342 
-2.4560845860216 -2.5373239316187 
-2.5953987923718 -4.3663636127703 
-3.0556948941285 -3.6875368578029 
-2.0805621703394 -4.5933018639886 
-2.5988944442492 -2.580411615194 
-1.1018684891759 -3.6880387769692 
-1.2677964353099 -4.2828115172893 
-3.1856085668683 -4.4939478504493 
-1.2358338166433 -2.3146949052885 
-3.0805963009214 -2.840172672406 
-1.9687596161325 -2.6237006904871 
-2.5049257699684 -2.767502217252 
-2.1676849410392 -3.3047225139124 
-2.9439376865881 -3.2841258311008 
-1.8183689287984 -2.4684506661505 
-1.7622632156785 -3.8521520790965 
-2.0493438998825 -4.073031766869 
-2.551256528173 -3.6583665147444 
-2.4843923481508 -3.2105401671935 
-2.8058634939724 -3.3001307364392 
-1.5401001782067 -2.2628388293659 
-1.6020867934798 -4.050968982431 
-2.0027917340128 -2.7657951580133 
-3.0967954659663 -3.1372035465253 
-1.4305305915727 -3.4823836026945 
-2.4237042825348 -3.8796349269725 
-2.0459081168579 -2.6561687405454 
-2.0407325249589 -3.1119394361996 
-2.7668846082772 -2.2601351382467 
-3.053289092166 -2.1715742436855 
-3.0163148306444 -3.0564519767189 
-2.1892156984939 -2.3411607546667 
-2.6634681566979 -4.7885332312842 
-1.5324458622708 -3.4781785547063 
-1.7690443567645 -3.0161899252084 
-1.9528851161734 -2.8009226960639 
-2.7580909298152 -4.115876832969 
-2.6142299627228 -2.5363541792718 
-1.0872526924729 -2.4958159970522 
-1.4653780280713 -4.2105934939829 
-1.128474990651 -3.0042255073646 
-2.9545084174328 -4.3352729937699 
-2.775565666801 -3.2596931464099 
-1.7831693248694 -4.7401334134671 
-2.8687096021434 -3.4086866501282 
-1.433476847329 -2.2519801961334 
-1.6774944379297 -2.6199359790056 
-2.576545337842 -3.3447459980452 
-3.0557816505706 -3.1734456264333 
-1.8082946035042 -3.2495934511316 
-1.6018184888631 -3.699485727459 
-2.2763613802793 -2.2316840268004 
-2.9473663195114 -4.1893388640229 
-1.3917982618044 -2.6924427739816 
-2.1141475067448 -3.7573879944452 
-1.4877793227573 -2.1972027712153 
-3.175053204279 -2.2839202529099 
-2.1997237378307 -2.5643288086927 
-1.2640792507503 -2.3637831165275 
-2.5301598497074 -3.0181937917793 
-1.8858671742976 -4.0333687248275 
-2.5592468697222 -2.6223820870443 
-1.9469090860845 -3.4083267988396 
-1.5788413743289 -2.7213907707439 
-2.784060499335 -4.3756591708668 
-2.0033246697279 -3.2622956868742 
-1.8468842696311 -4.4203746796096 
-2.058933127243 -3.1228696744578 
-3.0733877964658 -4.6834875177112 
-2.2138769170722 -2.5815107367511 
-2.8553916720247 -3.7429782679035 
-0.93891365203077 -2.7460602154186 
-2.7323186581619 -4.3746615265317 
-2.1028133966812 -2.4476632955513 
-1.0079781175022 -2.3328523338646 
-1.6858097332618 -3.0599377936271 
-1.7848704495581 -3.6649341035699 
-3.0284689845394 -4.6837992830555 
-1.9431029464452 -2.8348872642787 
-3.1437618678087 -3.5753965341148 
-0.88152262122055 -2.8195924074852 
-2.8382483313973 -2.2486800961182 
-2.0280368380186 -3.1633099473375 
-2.5158731986062 -2.2240298515834 
-2.543320793742 -3.0550896708885 
-1.858018165741 -2.806125243739 
-2.9857406725478 -3.740333629994 
-2.6758922131325 -3.1149009746943 
-1.3342238743903 -2.2312710249837 
-2.9705843613986 -2.527332595074 
-1.7327999507525 -4.6864058067272 
-1.395974443663 -3.7165083439555 
-1.7796021158265 -2.2917063438204 
-3.1523143721773 -2.2141169608049 
-3.0999352131551 -3.0747249555594 
-2.5266822810851 -3.4101596566892 
-2.1183286656157 -2.2389396017901 
-1.8956633638859 -2.4098644308495 
-1.331959522076 -2.8129927187318 
-2.9347875544926 -2.2102663521963 
-2.8712925330937 -2.8409223720145 
-1.6210224957418 -3.6236071656334 
-1.6684227340583 -3.1484902990197 
-1.2961158260258 -2.8380096165483 
-3.0357149979614 -3.3196512879847 
-0.97373002903354 -2.9418302860225 
-1.0583951542072 -4.5085605915345 
-1.0957280135239 -3.4539172577487 
-1.5486053410335 -4.7419936695298 
-2.4077271278939 -4.5930243738501 
-2.1017301208039 -4.0056468482131 
-2.7950393508767 -4.6529753490052 
-1.5838921170053 -2.3366309649973 
-1.8764933902861 -4.6191408828642 
-1.4438299698665 -3.4750309459844 
-2.2181165869025 -3.0708936443371 
-2.213393369876 -2.7230783600609 
-2.9790343225038 -2.4654094942455 
-2.0547765443138 -4.4000288140812 
-2.6784109285694 -4.4567096505056 
-2.9104320968781 -2.1612423607523 
-1.8336616708291 -2.7605738143995 
-2.2487150667768 -4.0944863189358 
-2.6115683527045 -3.9217723674612 
-1.6529841249857 -2.6279386783814 
-1.1443147961039 -3.0072112234318 
-2.7969045719098 -2.7895744204329 
-2.9929555064574 -2.6998394354927 
-1.2038999445163 -2.1665025595211 
-1.4988679037455 -4.2093326993568 
-2.0895014369723 -4.1252866155019 
-1.032227624502 -3.2803839684011 
-2.4966809855514 -3.6792210816822 
-1.1291541885507 -3.7291335204495 
-2.8625390431459 -3.9150117792995 
-2.1249281616598 -3.0068849414439 
-1.9893679615225 -3.7337501258249 
-2.1702064244093 -3.2259996350235 
-1.0357776058789 -3.9644411128756 
-0.88195358117034 -2.2855856247727 
-0.95066689702255 -4.1681562315223 
-1.2621241896024 -4.7119272814896 
-2.7347230897443 -2.2722314568553 
-3.0706352473282 -4.1643889511034 
-1.1515579689376 -2.3995412597389 
-3.1185238051507 -3.1041932802259 
-1.6766719809576 -4.7153300390893 
-1.2868831298105 -2.7812282542338 
-2.2211680557123 -4.479298884155 
-1.9401447511958 -4.7806055930973 
-1.522935480942 -2.6636803105561 
-0.87417724781613 -2.1705652924581 
-2.943025386666 -3.8150608128109 
-1.6663049637593 -2.5727523467646 
-2.5605739264685 -2.1686801055473 
-2.5548556495297 -3.5918441426708 
-2.6958419067452 -2.4885181742241 
-2.3001144206953 -3.9882683524371 
-2.3008849413741 -2.1856128364698 
-2.3347636444949 -4.4979476603777 
-1.9262067197574 -3.0862348009825 
-1.5562647469759 -2.434225426997 
-1.2570079264435 -4.6112750921543 
-2.0086096544262 -3.2933239356671 
-2.3385539768332 -3.3487717328909 
-2.5754567144603 -3.5258245132733 
-2.9189340602292 -3.8187205537229 
-2.285250737165 -4.250910641201 
-1.4096240700476 -4.2232394385793 
-2.458950540203 -2.6407249837862 
-1.5346927955535 -3.4933147448593 
-0.92118708436961 -4.204163238007 
-2.6249219174298 -2.6610730988006 
-1.5428148426938 -2.9195285567205 
-1.020752772591 -3.1963625380353 
-1.1131323675973 -4.6075859345023 
-1.5654027489778 -4.0356356522782 
-2.0609335892134 -2.2360462259072 
-2.3978918864954 -4.3255191391921 
-0.93388427009239 -2.6409035149831 
-2.5494986347159 -4.2085798180937 
-1.6311824602055 -2.6081239962225 
-2.512890186201 -3.58180944137 
-1.3667313050631 -3.5510224245621 
-2.3668159224265 -2.1934909185253 
-2.3519721524144 -3.9620199490464 
-1.4260274560924 -4.6461612440399 
-2.4229098253818 -4.3594921014089 
-1.0318026315396 -3.8307917216859 
-2.3229320676803 -3.2881629800817 
-1.0098512317082 -2.6438770058394 
-2.7342428298159 -4.6160607797541 
-1.0901271026975 -2.9748852334364 
-1.7362490151623 -2.3471740009728 
-1.1846283812709 -2.5212650467341 
-1.2209318269403 -2.8163961808349 
-1.2997047721101 -2.256885026775 
-1.4046696098765 -2.9148428941918 
-1.9806919792189 -2.9365098311354 
-3.1374484897294 -4.2540789931881 
-2.8384133383509 -2.7183402318739 
-2.3592162942213 -2.9265194098858 
-1.774970321907 -2.825841392903 
-2.824125225677 -2.3388024528051 
-3.0038482993912 -3.8993018773443 
-2.1977692746991 -2.2387707688016 
-1.3558753422002 -3.3765118452631 
-1.6371239240059 -2.9280687476858 
-3.1611374390724 -3.538083463615 
-1.1313304038983 -4.075254380882 
-1.3202651694855 -3.649663195294 
-1.8942689324557 -2.8595513957598 
-2.4940876493244 -4.5884966767333 
-2.9855360019347 -2.1656272860916 
-2.7296210083039 -4.1985274937497 
-1.8880491881473 -4.3889210285075 
-1.8017428069235 -2.1832997160573 
-2.3669970104117 -2.7350048860692 
-2.0127880672982 -3.218932312342 
-1.3286477428084 -2.2704056005384 
-1.7012985413687 -4.5147031891563 
-1.2369913729727 -3.7378583520607 
-1.0428210435906 -3.696851802547 
-2.4781340320809 -4.2878454169117 
-2.5870321457324 -3.1348921634975 
-1.0283939825193 -3.8327652840288 
-2.7900366052078 -3.4782297759278 
-1.3107243184173 -3.903079149005 
-1.6221515768918 -2.2556239016559 
-1.9447565767868 -3.8014659354551 
-2.2535320654536 -4.5104855237843 
-2.8362569833523 -4.3931210821945 
-3.1210880544901 -4.4064657084418 
-1.3664050287049 -3.66604538999 
-1.4021446600814 -4.705015038751 
-1.3756813660051 -2.70430043311 
-0.90135903908182 -2.4101175768832 
-2.7689236027883 -4.0795508113006 
-2.4400727666921 -3.4016318648158 
-1.6881832104554 -3.717842591328 
-1.1193640563803 -4.2231418574204 
-1.6789642880088 -3.2593463184696 
-1.6758681752322 -4.3269334613797 
-0.97544856895362 -3.2138001285301 
-1.406589907744 -2.5864644262278 
-2.4050657011356 -2.7882749136711 
-0.88816438054717 -4.2097862976002 
-1.0856102530745 -3.5543131506767 
-1.6470425451489 -2.9256257118729 
-1.8765972994258 -4.1732934534948 
-1.9167329958471 -3.1841665076392 
-1.9144705938857 -3.3014069415392 
-1.8928134149715 -4.528002929188 
-2.199030052452 -4.5845157145353 
-2.8864382671409 -2.5566104650357 
-2.1877010049304 -2.3117295904994 
-2.7053449974912 -2.6409302911993 
-1.3876348284321 -4.2336292687341 
-1.7231598259905 -3.0895808754833 
-2.8473484666421 -3.0325094348413 
-1.5587765054271 -3.6106532027356 
-2.4995179240549 -2.3684129170588 
-2.5634824843451 -2.8777682039285 
-2.6488140122714 -2.7802792304514 
-2.9368253265465 -2.9547555034851 
-2.0114667022448 -2.195730436892 
-3.1413202207455 -2.8268795194753 
-1.5920352747813 -3.5858681304134 
-1.8782632411769 -4.4868332254712 
-1.5230216173757 -3.6948396069243 
-1.2326169325978 -2.6596537352114 
-0.92932744360023 -2.7586795691844 
-2.3952786284826 -3.7523780134356 
-1.0439544330913 -2.4526188830561 
-1.9600105391095 -3.2403647658799 
-2.5485795781911 -2.2975393319744 
-0.85168001161381 -3.2532640793017 
-0.99341358283966 -4.2031014731639 
-1.8604039740238 -2.3034154891688 
-1.3472979871342 -2.9871897950069 
-1.8738775846698 -2.951039238604 
-1.7723252997371 -3.5180339766343 
-2.1993150612159 -4.7805898772629 
-1.6155717892087 -2.3852222582467 
-0.86133360879419 -2.4418964468554 
-2.412335765409 -2.7725936575141 
-2.9640696576587 -2.2476994115972 
-3.1993311380842 -3.3296043463617 
-1.0061291719271 -4.3987912733689 
-3.0563807344661 -3.3387231485656 
-1.0699487454412 -2.1665365413755 
-1.1795429876901 -2.5229674366419 
-2.2053569789181 -4.4844178201413 
-2.0058173894226 -2.6749235635256 
-3.1365941424789 -4.5382185239567 
-2.6168749099421 -2.9482490501456 
-1.9508689531516 -2.905299107588 
-1.1899198654407 -3.2847081978803 
-1.8348786308069 -3.5493584209756 
-1.869465629025 -2.4255347918914 
-0.84797282701186 -3.3796853408496 
-2.6110458509611 -2.1956604528825 
-1.4145647924666 -2.8778913403402 
-1.7755842771906 -3.4787745565396 
-2.8273407297458 -2.2964192970435 
-1.1181084615499 -3.0859822678989 
-2.1814059989207 -2.4733779722819 
