-14.074578551311 -3.1911431887645 
-14.671505089211 -4.6022480547871 
-14.279675993986 -3.3607924045539 
-16.346110999609 -3.6246054555308 
-17.694471464549 -4.381059692831 
-14.842404908432 -3.9789558258971 
-16.374704719933 -3.8456572971167 
-21.457520458408 -2.8031246331667 
-14.211528987017 -3.432269944893 
-19.90706477682 -2.7619439339684 
-16.541234777894 -3.3990541639688 
-17.748719471956 -3.2751566971256 
-13.529216997603 -3.1657735001052 
-18.093584701835 -4.5007261334081 
-15.782738418979 -4.0891056355107 
-17.662666670322 -4.4555853484411 
-18.403835622332 -2.8249404317211 
-15.019334953342 -3.3134876594773 
-17.764309317568 -3.8297916691946 
-13.541443187203 -3.4940068936902 
-22.576118671956 -3.7457923261618 
-19.316946012104 -3.8858818468723 
-16.407370642399 -3.7480615890116 
-16.816645700106 -4.5809468250721 
-13.884053653135 -3.4470706367688 
-16.723309237525 -4.5813265010784 
-23.242638719188 -4.5520250541006 
-26.033962558914 -3.8071215627202 
-14.726243153546 -3.3086375657387 
-15.176879582211 -3.0000372303091 
-13.545434013752 -4.7887582232123 
-14.615345795622 -4.3017470354772 
-15.954556505869 -4.635630937711 
-15.25921938518 -3.4684076762206 
-18.506958081053 -4.8928712438089 
-15.388626486681 -4.1070198658528 
-13.571511153387 -3.9399354483015 
-17.671534966196 -3.1278313590887 
-18.270547426031 -2.8591344707708 
-19.087663348271 -3.5687373841382 
-15.807468922126 -5.0000094109117 
-19.746332974422 -4.8545732441027 
-22.526032845034 -4.4776504289578 
-15.884957441882 -3.8846195451196 
-18.027365596629 -3.0158384715391 
-16.837970293638 -3.8944596022946 
-18.230113669721 -4.5621994239375 
-19.850856646963 -2.7088497622649 
-21.59270825968 -2.7564227252901 
-16.415297589516 -3.7168753743156 
-13.702010410278 -3.445271293356 
-14.564352033995 -4.7111523066677 
-16.633446815123 -4.9629649622799 
-20.380141927673 -3.212288617617 
-23.258475001864 -4.6213968634627 
-19.36805025342 -4.5539876584479 
-19.929267409942 -2.7731031558797 
-20.280762682709 -3.188729698924 
-21.56622860782 -2.6607988776744 
-16.706873174826 -4.5465070081639 
-21.499555445519 -2.8241318814566 
-13.962909151733 -2.7066361889987 
-17.517626193063 -4.1784415327102 
-15.381231361405 -4.8790016326049 
-18.920335978676 -3.2167465784747 
-16.579228286363 -3.4709212614659 
-16.49219223239 -4.2255972461845 
-25.96777241923 -3.4819500430462 
-24.090195408547 -3.9113569551346 
-26.317805815207 -3.4573888873837 
-15.695195977358 -3.6549441250096 
-16.112263556509 -3.4777441220531 
-17.202393321687 -3.1120747943929 
-13.711874302844 -3.3584632019409 
-13.645385951653 -3.5285402686037 
-25.554934625543 -3.7547125134104 
-20.442640849675 -4.0954215680979 
-15.179012436384 -4.4716191382943 
-15.149390645142 -4.9453303603445 
-19.205768889208 -4.1083551201124 
-13.770303456302 -2.8096707235809 
-18.95705019776 -3.1396069942804 
-14.17550774098 -3.4618583683515 
-18.41927854247 -2.7189418513082 
-14.455262882291 -2.7328121761124 
-16.309921455388 -3.8642644502433 
-16.862774607839 -4.2936739973964 
-18.473551993157 -3.1353949513073 
-16.087917100824 -4.0420417217526 
-18.376145122632 -3.4812748447203 
-22.789754828431 -3.2738064391169 
-17.303598779767 -3.9382772558354 
-13.817909794816 -2.8130887916932 
-17.088677171937 -3.1954798082529 
-14.661270561798 -3.0166959939686 
-14.588897039097 -4.1537307919061 
-15.329715379339 -2.6515463075134 
-14.919618355005 -3.3861591532823 
-17.326144663788 -4.083299150983 
-13.908286767632 -4.5017419121993 
-16.033544557473 -4.0862371107898 
-19.112126369228 -4.1599487589627 
-16.145773268088 -4.1022938982411 
-18.421045354264 -4.0130297022907 
-13.708167278473 -4.5589773174618 
-14.788225024641 -4.4345586205249 
-16.816866669241 -2.6500492157038 
-14.719369327162 -4.892105475989 
-19.471223872467 -3.8518581551507 
-18.163881072459 -3.565974622736 
-14.630732247141 -2.7812478684744 
-18.123946811583 -4.7784597422504 
-21.952626153002 -3.1883909600354 
-16.099757450501 -3.323949698401 
-13.767898558008 -3.9133675336707 
-18.922311894238 -4.0890516199523 
-23.368843531765 -3.0082774969289 
-24.858199834743 -2.7110474636578 
-14.662425068129 -3.5542685844345 
-13.53223945347 -4.6194499405602 
-16.811013067243 -3.5927875498117 
-14.889072198233 -2.8600562462534 
-15.077046955476 -4.3416539357601 
-17.829380405296 -4.1452678076925 
-15.903322785952 -4.1357190722722 
-21.29624689128 -4.2885813756447 
-16.157309287585 -4.1741737229491 
-20.002019496924 -2.8959945392639 
-24.275684368168 -3.6435465684139 
-18.667602465711 -4.4413666739135 
-16.033988688263 -3.9453871225129 
-13.452343712852 -4.5137129162377 
-16.480301507457 -4.1610206527001 
-19.448509052648 -4.6744610711696 
-14.637726110011 -4.0477169773682 
-15.221786339319 -4.853365143621 
-19.094768640363 -3.3447768016347 
-14.880407297761 -3.4347661075948 
-16.800424007138 -3.32163539593 
-18.394166677642 -4.9994403165895 
-17.140110199926 -3.9404728339595 
-20.181206485837 -3.0529152588239 
-16.720116096534 -4.0177201277525 
-15.506659026689 -3.2411245345376 
-15.198906938167 -3.6105091464206 
-22.929072263002 -3.3729405221391 
-15.915979721025 -3.1628789351929 
-15.423180595558 -3.9512426787508 
-22.282726757286 -4.8355904075506 
-19.159615970533 -2.8256030597484 
-16.749386967748 -3.7058162353369 
-15.40433729433 -4.5701559602129 
-19.566859742967 -2.7880977031842 
-15.148552979993 -4.1516059615657 
-14.16311565542 -2.9177079458418 
-16.453618245904 -4.4400163211491 
-16.491124496656 -4.232218278877 
-21.010885999434 -4.5731528657041 
-14.001724265405 -3.9972466781268 
-14.986163104678 -4.5985555626621 
-18.458552914122 -4.0444198102743 
-14.070671713838 -4.4711179184573 
-17.469057055744 -4.63879930117 
-22.71821570679 -2.7324224342486 
-13.553975425615 -4.8183527297341 
-20.412552319965 -2.7115959347413 
-21.194754877917 -4.9562748296894 
-15.262313923491 -2.9530069060632 
-16.353167445191 -2.7243353505642 
-14.88470405312 -4.8322608062859 
-14.242489651986 -3.9904985560404 
-20.021079404026 -4.7746427399171 
-15.809210870689 -3.7999432668345 
-13.851857365659 -3.1769713302351 
-16.777425890955 -2.7882890586983 
-21.660269805864 -3.8286729522495 
-19.552092273125 -3.4242099373119 
-14.720362706134 -3.3133030374967 
-15.310323001424 -3.0277290454033 
-22.390682663412 -3.7133296650447 
-20.263930432884 -3.0158350485885 
-16.602119959708 -4.0493220738004 
-14.72819066586 -3.7169413022118 
-17.412587065105 -4.8405625653655 
-15.599431398698 -3.281968576122 
-14.886913765575 -3.529519716543 
-18.902434828011 -4.760660592542 
-16.019321727634 -3.4417308146959 
-13.651466651222 -4.2783434110015 
-14.187332871476 -2.6441969118382 
-14.087024387298 -4.5693457997793 
-16.845799828834 -4.0563124346279 
-20.808470715285 -3.4502060430142 
-19.924739977336 -3.3649900186108 
-21.100422709321 -2.9087398905439 
-14.153418249523 -3.4210045416308 
-15.699328931098 -4.5355602505891 
-17.49274614124 -4.0568155519904 
-13.441212881963 -3.314349965964 
-18.185547869042 -2.7321957048681 
-20.728978990836 -4.9722172825709 
-16.239715095566 -3.9609410047438 
-17.058024860721 -2.7821510805304 
-13.603497143393 -3.0214152502446 
-19.077484513392 -3.3984101422926 
-14.238597279769 -3.072379268113 
-22.496821128155 -3.5984774772427 
-18.539745900662 -2.9574942705057 
-14.818586161341 -3.4036445105672 
-17.876917151799 -4.4911105523038 
-19.905492001688 -3.3606647880298 
-15.608789293724 -2.7739738829073 
-14.354587901051 -4.0227648883605 
-16.514034005815 -3.3970268626031 
-16.184731621595 -2.8814530965938 
-14.40201428574 -3.1798258019763 
-15.613451191966 -2.7229468712074 
-23.850836776306 -3.2770776933069 
-14.606403318261 -2.9653601883025 
-22.509340268276 -3.2199796620766 
-15.938706799756 -4.2593012739675 
-20.298292444455 -3.506417006954 
-16.938893848526 -3.5305604973221 
-14.220451265141 -3.6251998794015 
-17.845453841769 -3.237363326776 
-18.986166503162 -3.8166510505335 
-26.830939046232 -3.2202800471726 
-15.597097166441 -4.9290622810738 
-20.984147120379 -3.0430225986983 
-16.731684772772 -3.491803413293 
-13.654137028034 -4.3419507619955 
-17.525125521365 -3.1422909019956 
-13.489291989339 -3.1788062278599 
-23.227223517908 -4.8467660989707 
-15.171259128484 -4.0999211409118 
-17.965052488983 -4.9938963710576 
-14.339193957088 -3.8273669337469 
-13.866945649292 -3.701051311081 
-16.846795346549 -3.454061228423 
-18.672202445643 -4.5858961732558 
-14.514975245221 -2.8340538055576 
-13.436819860072 -4.8540555604822 
-22.339577243012 -3.8699531069346 
-20.150796734404 -3.0026201832246 
-16.648803733432 -4.5696972292557 
-24.970461691381 -4.7256041389961 
-15.889068425158 -3.8969028389089 
-18.838749567031 -4.4780362205153 
-13.644365576049 -3.3122443152847 
-23.520699172436 -3.1755259188786 
-16.24065005149 -3.132925140454 
-21.802329017344 -2.9637073197958 
-16.261372019338 -2.8046495177924 
-16.557448736594 -3.4206310608982 
-19.700664848068 -3.4664327541863 
-18.59157880841 -4.1487327490669 
-21.516743933662 -4.3101830797439 
-14.627604119591 -3.1949930567574 
-20.644452902777 -4.4482170283728 
-14.54365493772 -3.8965454843478 
-14.478556629928 -3.459067018153 
-14.211221241424 -2.7378139714471 
-16.776549933409 -3.3420241489296 
-20.113176877266 -2.9645580898584 
-20.285999833396 -4.7055814087969 
-15.309225222169 -2.680953979426 
-18.276582228406 -3.3266747758368 
-25.892534298385 -3.1132087791552 
-22.625998416102 -4.4861112881929 
-16.363065894235 -3.9230617382366 
-20.481791833505 -3.2236457969909 
-19.321105083288 -4.9921957639064 
-24.935165604089 -2.7651397830732 
-18.979102037923 -3.3166664822126 
-13.663719326067 -2.7427716175545 
-21.903147694595 -4.157459810685 
-23.17353194427 -3.1914994184751 
-17.481180582647 -2.8708316232446 
-14.288318592506 -3.6339228398728 
-17.414814113158 -2.8821526451648 
-15.245387148744 -3.4196892445008 
-18.292071451563 -2.8485036896901 
-19.342068001679 -4.1286465474551 
-18.631328246898 -3.9792387999567 
-17.190654289633 -3.2345264054734 
-20.15109493512 -3.2746966476638 
-19.376723378548 -3.6175903227687 
-14.398784180582 -4.5438055478375 
-27.334913844918 -3.6961500133011 
-13.569322408358 -3.7162284865769 
-19.349085602029 -2.861986049155 
-20.59773075613 -4.4162082418494 
-17.402463980331 -2.8975657319688 
-15.203790913274 -4.4697937075942 
-18.283424366359 -3.4237162218917 
-16.538587643029 -3.6433509008058 
-19.35205528715 -4.6315821937949 
-14.649426281838 -4.9678254806776 
-23.429727569024 -3.1679133807918 
-15.215400177169 -3.542655367581 
-13.928057254086 -3.8946889079491 
-18.052586805627 -4.0584479649865 
-14.613382532293 -3.5266387835795 
-19.551815547168 -4.2705679156588 
-15.772985295611 -4.0983359560001 
-13.607210556209 -3.8456103610356 
-14.833235535961 -2.7073650090013 
-17.049155349809 -3.7086903189244 
-18.863301849647 -3.033471849083 
-15.524746630311 -4.7953625131063 
-16.165194454783 -3.4504206365717 
-14.87402880471 -3.6530307211753 
-17.098623769837 -4.8137220911779 
-25.048987709514 -4.522344163 
-25.218376040947 -3.353760439582 
-14.987946268545 -4.7748038710021 
-14.559582824142 -3.0820109623304 
-21.322831121888 -4.2631103852226 
-16.239085399113 -2.9327552246198 
-21.171089830495 -2.8465531087868 
-17.82716851505 -2.904588079142 
-13.425455533956 -3.3917533021174 
-16.611269280644 -2.8917601953854 
-20.253678881801 -3.1612256879225 
-19.472240958267 -4.9299767451123 
-13.440625205323 -3.963460908594 
-15.367246821776 -3.3219878903367 
-16.817082777438 -3.0051319242422 
-14.754935406105 -3.6349821487034 
-13.846127795707 -2.8433143748802 
-19.691158870355 -2.7035190269497 
-13.776699815313 -3.9384825188094 
-14.06800600251 -4.599423862614 
-16.493001591905 -4.4097195079256 
-19.444225989279 -3.1366114574048 
-21.573417175397 -3.1049896128051 
-18.440281657553 -2.6842661494874 
-22.215883681029 -4.1386263577579 
-20.749821400462 -3.5407622555429 
-15.147734022332 -4.8300235941497 
-18.462433884233 -3.0640841886024 
-24.582545333477 -4.2836242237188 
-18.358362071923 -2.6736044039123 
-17.428021103875 -4.882404792703 
-16.470839668246 -2.8073222711453 
-15.322410106709 -4.316024307814 
-22.828222591313 -3.4926478706506 
-21.332517090706 -3.0973183444306 
-24.680599847342 -4.636969093441 
-14.963521633174 -3.8125619686038 
-14.634510032807 -3.2358305124003 
-17.704923197079 -2.7368702530634 
-20.487239642921 -2.6926569698917 
-14.70249894585 -2.8923320886463 
-20.456647548286 -4.9976040982899 
-19.303984190932 -3.3555056986151 
-13.772376610287 -2.6756040329234 
-17.389323785852 -3.1800701699266 
-16.607347523209 -3.0112751829456 
-15.64943435116 -2.7933947367365 
-23.114798087037 -4.2050532853065 
-15.793564143395 -3.7772960605985 
-14.931983810368 -2.7391581097787 
-18.070945584575 -2.8369424194513 
-20.430016388591 -4.4393148281279 
-14.039279664036 -2.8771326019635 
-17.071425310387 -3.0989956612054 
-14.149163389413 -3.9451490494338 
-21.443972960996 -4.5471521182909 
-20.97239342959 -4.7386895411042 
-21.792117207495 -5.0001199528546 
-16.703317276428 -3.9369383463298 
-14.12671898057 -2.6570569589279 
-21.224007253413 -4.2335058878607 
-13.894047646289 -3.9947948699162 
-16.084814807498 -2.8876663724056 
-20.161731099905 -3.3824229142695 
-18.313688622207 -4.3839620610012 
-16.072204648623 -3.1637855559351 
-18.778176045208 -4.0830608801097 
-19.053812006772 -2.9748379211122 
-17.185058176622 -2.8121315814207 
-16.637332969135 -3.9684652133553 
-20.931901055803 -3.0631252910949 
-23.625342005314 -4.8653081173136 
-18.014816669202 -4.6545761524841 
-14.961658347064 -3.5582265164144 
-13.439681624022 -4.0545705895751 
-19.254834995506 -3.6982313441293 
-16.076370056285 -4.6474581450448 
-18.349660521242 -4.5690746827582 
-18.424005574558 -4.3758763493696 
-25.691778798673 -4.2890110868742 
-15.092912513371 -3.4515494455716 
-14.992501578053 -4.9320700046126 
-14.58140921867 -4.3332546468811 
-22.945413659502 -3.2662303486745 
-16.33759794231 -2.7432165067081 
-22.251583441454 -3.3302585635382 
-18.737400482681 -3.0128495368623 
-14.154763016131 -3.8311360740006 
-20.136808376924 -3.5096723834335 
-14.358730512397 -4.0200379661614 
-18.310383114648 -3.674536922909 
-22.203739329262 -3.3376961451807 
-21.215792507472 -4.5848656043594 
-15.708538395736 -4.7220344021693 
-14.31583547813 -3.3933458473416 
-18.247868392927 -4.9931155003987 
-16.676040438723 -2.9439181079443 
-20.694869407195 -3.8909406846949 
-16.719382994967 -2.8567944005761 
-13.826674403223 -4.1699233100967 
-15.709314369188 -3.5230568243841 
-18.202969261288 -3.1801327689658 
-14.810865723378 -3.6908794471027 
-13.439136785314 -4.0109846404662 
-18.88691205828 -2.8264593018685 
-16.472619478545 -3.1658103516669 
-15.106298679867 -3.3333368913692 
-19.076078935036 -3.9279207235381 
-15.525140899524 -4.2761503959677 
-20.46445563691 -3.9101900711479 
-15.478901565329 -3.8835849860147 
-23.395778593954 -4.0095698252904 
-19.601711909478 -3.1830198942414 
-17.287413638116 -3.324622465867 
-26.059618021734 -2.8089564609103 
-19.568239031297 -3.3148017271796 
-14.545598247396 -2.9384670027758 
-18.154409690449 -3.2671784520642 
-14.491438551012 -4.8860801677284 
-21.146688695532 -3.3246858605432 
-15.943462444188 -3.6131676094919 
-15.571897832056 -3.4387697575969 
-14.058958798984 -4.1056730168681 
-14.995599402209 -2.6751044162813 
-16.904703139694 -2.9428566823919 
-14.286593342423 -4.2353812152739 
-19.33689500506 -2.8011897982952 
-21.665856729984 -4.7550775031211 
-19.456056778828 -4.5940721871687 
-24.688181265586 -4.6510832479961 
-21.941774151339 -2.9575744121943 
-20.534617485458 -3.7737994645408 
-26.937727875747 -2.8768073754912 
-16.478120478302 -4.0608373309435 
-16.909785960038 -3.6431194294119 
-25.138174361273 -4.5493559630784 
-14.092102960166 -3.1980233034706 
-20.259215026082 -4.1279291785872 
-19.721514215671 -2.7104888264873 
-14.146609207427 -4.7846005913146 
-13.69064644474 -2.8297157336169 
-17.453680878422 -3.2143627217796 
-15.771304989359 -3.5681040838286 
-24.246461661551 -3.1166282398935 
-20.321497094157 -3.9979524767502 
-14.737145812196 -4.8206129385435 
-19.584736793719 -4.4674078678149 
-13.644264093151 -3.7631170754301 
-15.508433112799 -3.0721089970171 
-21.368880937995 -3.2180769695243 
-13.909331088354 -3.979937238987 
-15.297498248634 -4.4846707502186 
-16.568501105263 -3.2413649722079 
-16.998267478348 -4.889030503468 
-19.207438858709 -3.0473546835452 
-18.763563890205 -4.6721451322553 
-14.991435050342 -3.9559580077627 
-18.099334205894 -3.1161510938055 
-20.578089835074 -4.5434776012695 
-19.09321154796 -3.4137992766796 
-17.23348518005 -3.4963189192976 
-13.703609600028 -3.5138504387659 
-18.140050825394 -3.4950529482891 
-13.795975586989 -2.6829845140894 
-14.975058482325 -3.5622831728789 
-13.546239050054 -3.6060482930141 
-24.526395541174 -4.5542618454788 
-19.318035176182 -2.8551494372387 
-23.730556737196 -4.3074006548783 
-19.700320194383 -4.0707460102871 
-16.934432732653 -3.0965822330926 
-16.301468199124 -2.8757558251272 
-13.517018693868 -4.7449724202309 
-19.315017675191 -2.9781871945403 
-22.876952657896 -2.7723239929746 
-25.977593859683 -3.1859651789763 
-17.941434055852 -4.4938400351893 
-17.472646996447 -3.7431672009033 
-15.667652893912 -4.2217872461294 
-18.410349078809 -4.5038591276823 
-16.56117124911 -2.6599859667226 
-17.865842989219 -3.9396540459877 
-16.982068991641 -3.7598787803924 
-21.919950685126 -3.5884941217954 
-18.408095414403 -3.0510621846585 
-19.038494151555 -3.1031962177175 
-22.203248045557 -4.0834340467532 
-18.643136968447 -4.3571370442306 
-15.503641250646 -4.1786486780503 
-15.363555595563 -4.4144679565126 
-15.481342956683 -3.0815335945294 
-22.167083722068 -4.0520373495071 
-14.019863475176 -3.0597852559831 
-13.434803341514 -4.2283900841228 
-15.053361152346 -2.8660007340739 
-18.340576684066 -4.0827838882582 
-16.320897179342 -3.0643107021632 
-16.922337861488 -3.9089141998216 
-16.383549497605 -3.6337248070945 
-14.139381527993 -4.9015460694387 
-21.101538298413 -2.9716256329347 
-17.047182328274 -2.7623919266918 
-14.325731721174 -3.0311335401398 
-16.70600663329 -2.8336186491116 
-24.65604902997 -3.0674227964125 
-21.189908615683 -4.6059114795084 
-13.466216517608 -3.5300217959693 
-17.964562731228 -4.8647074030247 
-16.612738167481 -2.7750687672405 
-14.975055820855 -3.8360170880148 
-17.757167702492 -4.3888935339502 
-25.351013537804 -4.6128083219535 
-14.131207007658 -3.4470602550367 
-20.093934218256 -3.9904396496167 
-13.901095236315 -2.9370698608977 
-14.909949403136 -4.166870378112 
-26.115393052992 -3.3560031141052 
-15.258629121837 -3.8035970072978 
-16.045550459143 -3.1340462921485 
-15.892712019492 -2.8281044761521 
-16.585437486146 -4.845438700915 
-16.820316081331 -4.8819846299077 
-26.962815836013 -3.525924727302 
-20.735527095497 -3.4678710501931 
-23.747808213535 -4.5580883741998 
-16.617148855277 -3.2017864873278 
-15.699024082326 -3.1667134544609 
-13.582332393135 -2.7408207335529 
-13.717598976776 -2.9632603643511 
-15.08113997174 -3.3150608289145 
-18.342922049922 -3.1959900771627 
-14.702929452677 -4.9877902203184 
-14.146765622037 -4.721236608082 
-14.3563250778 -4.240768223812 
-19.929297534202 -4.1985736929062 
-20.117924076998 -3.4877587333913 
-17.157022149926 -4.4801329549239 
-17.196369681177 -4.3282003841388 
-14.499949661783 -2.8227431017695 
-14.499754499163 -2.7659149533196 
-17.469174026947 -4.4431626732611 
-13.798612542151 -4.0537665048277 
-25.32944412281 -3.8793807702874 
-23.165771137816 -4.1928512060588 
-22.015686456307 -3.4192441250265 
-23.504554243073 -4.9448192628022 
-24.883648170408 -4.9268340831001 
-14.985821891738 -3.9308713118363 
-18.853471040033 -4.6909495733411 
-20.958251180353 -3.2077316508896 
-18.950513760498 -3.5011773282882 
-18.404932226241 -3.0327214041272 
-23.376470372046 -4.3135994687656 
-13.822306514063 -4.6996798016924 
-16.160666374427 -4.9848839429317 
-15.365347875815 -4.7900597313901 
-15.522566984717 -2.7833142812849 
-14.735229035111 -3.6004831788656 
-17.587971547427 -3.270444371296 
-13.563412733106 -2.975100938161 
-15.420478034342 -3.9339024515997 
-16.075335857475 -3.9569712184122 
-17.150785411517 -3.3252674909083 
-16.61260995911 -4.0637416457557 
-22.840300716375 -4.7100837916168 
-14.750526713895 -2.95269347216 
-16.784922303773 -3.2667025054559 
-15.02055678478 -3.4442450664201 
-21.131839134469 -3.7392359849257 
-13.710234600964 -4.9372834071812 
-21.352623195036 -4.0717304470962 
-14.327334063399 -3.3517610796816 
-17.951053143481 -4.937134415617 
-14.051319338278 -3.7355136694758 
-18.342946994565 -3.6418162399578 
-18.276906862749 -3.8890561918972 
-16.406790143715 -2.6626384821524 
-24.528895653309 -3.9121485105956 
-14.174295304897 -4.3538421179919 
-17.933756122943 -4.7640211437427 
-16.434158321571 -3.9677825739853 
-21.869498411513 -4.2901128084908 
-20.421143357918 -3.5357592451289 
-15.369438214393 -3.1962732266131 
-16.076745465188 -3.2548879383595 
-18.920416925043 -2.82668774388 
-21.304642267546 -2.8449048595664 
-19.539631020418 -4.8274775927899 
-14.038069029455 -2.8137162300625 
-14.44337779164 -3.9688333520457 
-17.230803739277 -4.0159185252274 
-13.99907043034 -3.9487357062335 
-19.740102445795 -3.4645713047346 
-17.346918002101 -4.6253983899109 
-22.153933246645 -3.7624740881562 
-13.635265387947 -2.9370107699012 
-14.748545684676 -4.2025146134511 
-14.335317006572 -4.4951915363457 
-16.083137992163 -3.9881369366786 
-16.393339345558 -4.0462627526899 
-15.739599090719 -3.9691680845821 
-25.615805146502 -4.4281375839738 
-15.624409498645 -4.1706449145247 
-24.951406308088 -4.2184409054895 
-15.840815402458 -4.4091612060048 
-13.739773427759 -3.0710720399417 
-19.196658900707 -2.7063351589594 
-23.651333594529 -4.6885862556179 
-24.125809272377 -3.0139116159443 
-18.821737405806 -3.2985128506596 
-14.257190956733 -3.033452956501 
-26.078451478259 -4.9392007266357 
-16.151892327422 -3.3907806850688 
-19.956506706523 -3.1051824782918 
-20.633212299456 -3.1247591125791 
-27.637347700895 -3.0657475343704 
-20.283789600845 -3.3002421273669 
-16.036230573499 -4.7487064326043 
-21.560766052072 -3.5271999653934 
-15.895108603618 -4.3113754007667 
-16.124492498092 -4.8629821774378 
-13.786767640788 -2.8341722723596 
-14.990552362945 -4.8224609594288 
-16.277441731786 -4.184406564816 
-17.328273818126 -4.095609543118 
-23.699169016792 -2.7445551519546 
-26.944718829358 -3.4621033522855 
-14.558115776388 -3.4713054971155 
-13.896388783045 -3.1477277689735 
-21.801679670252 -2.6493614908195 
-14.284050824071 -3.6303187099673 
-13.640172299881 -3.9758574615976 
-21.81984107919 -4.603452239079 
-19.432633728248 -4.5622426366043 
-18.080590401645 -4.5955296085759 
-22.077576506062 -3.7804596250804 
-14.156983853019 -2.8070824556828 
-15.532090438701 -2.8699797427918 
-18.203470117975 -4.7915310863517 
-19.023987591784 -3.4913895980945 
-16.532949367464 -4.1701881168309 
-14.759177970331 -4.9064294257749 
-16.624786732668 -4.4430609470145 
-21.608473817514 -3.6452800739297 
-14.61883353425 -3.3690297301602 
-20.554656305796 -3.2756333641693 
-14.697937745443 -4.9198328296149 
-16.018390883421 -2.884486687791 
-15.438805317363 -3.3065995943383 
-21.165520543008 -3.2948528186549 
-21.20973500586 -2.6797086504729 
-23.131933977057 -4.3220338798272 
-15.26961680455 -4.3356149727225 
-17.559830041091 -3.0575395579027 
-23.300285105257 -4.8447954346748 
-14.47127530181 -2.6442821472384 
-18.4141570055 -2.8720744560765 
-15.306165920689 -3.0939711841938 
-14.177538421277 -4.5015336835481 
-16.587756065349 -3.1395068097992 
-20.881579477492 -3.3592511175083 
-20.530988641295 -3.7528716678498 
-19.864707363357 -3.2034818799477 
-16.14437542431 -3.4499203582353 
-17.927982519826 -3.8155599226229 
-16.751632639957 -3.3900952613839 
-22.292629261305 -4.4835909577479 
-14.144397485979 -2.8579484087518 
-17.845728457819 -4.9165469921432 
-14.013439339513 -4.2336715264338 
-15.188678570434 -3.0304895250993 
-18.666449995888 -4.4555873428444 
-14.328699520738 -4.1625935987319 
-15.835941094538 -3.2326871083806 
-15.997313107215 -2.91036677616 
-17.059173090257 -4.6648012260218 
-17.888921513799 -4.5489917143559 
-18.929851655593 -4.5695251091158 
-19.296779796455 -3.1588798458009 
-16.909947834062 -3.8460336042465 
-19.27827009359 -3.8158396619027 
-20.010313359598 -4.0139546733242 
-13.680173412086 -2.9710160181506 
-17.718145234979 -3.3589618821667 
-16.096888178345 -4.8641987983309 
-16.840116141205 -3.9610187065016 
-13.852894542734 -3.4479874784458 
-25.154074300721 -3.8447604826746 
-19.852992346724 -3.6070612357448 
-13.844795447167 -3.4314531952264 
-16.769872329838 -3.7600342473598 
-15.143507542455 -2.7973922022188 
-16.395850727311 -4.2169505102861 
-22.794756781324 -4.5996033613144 
-14.439568828278 -2.9013043493115 
-14.666815861719 -4.2990216600075 
-21.008655556338 -4.200481174373 
-15.124379728374 -4.2269895836444 
-19.813533653296 -3.568721597143 
-21.118223641197 -3.7557989368919 
-16.357855036798 -4.5157023129966 
-16.865500925833 -3.2628538033832 
-13.58629064047 -3.4962071805911 
-23.789731577737 -3.5366436629442 
-15.424640455378 -3.5591341016335 
-27.827226124158 -3.1340960010679 
-20.107451294681 -3.4978840833289 
-21.002608485296 -3.1591760095373 
-16.341389013691 -3.4433620165608 
-23.887435360691 -4.5963719678721 
-19.103284984013 -4.8259850858301 
-16.428345115587 -3.4885664324267 
-17.041491096907 -3.9875152583626 
-16.318891071114 -2.8695194424935 
-15.475456278344 -2.7200058666282 
-16.27060207694 -4.4406372891242 
-14.524333177714 -3.2824049519837 
-16.020511627323 -3.8375960718109 
-23.778722896373 -3.361688531796 
-20.848753281166 -4.0999358485853 
-16.203997194077 -3.1159250206107 
-14.493705836837 -4.335215572331 
-16.573937510597 -3.7426648456025 
-16.699842359647 -4.7150349025295 
-20.969552468937 -2.8922050998725 
-19.822335656906 -3.3620501252383 
-23.525341965017 -2.9703135957227 
-15.425632902849 -4.8692570183906 
-15.044347062269 -4.2247008935251 
-14.865040524327 -4.8002460646144 
-20.872868140786 -3.0228456610096 
-23.142346349287 -2.6986988472116 
-20.371458470758 -3.5674856742894 
-18.022738117272 -3.2367251065966 
-20.64032370296 -2.8054599230801 
-19.58700903603 -4.3790931879084 
-21.832082825489 -3.13416680892 
-17.138369308919 -4.5499302115812 
-17.15082483349 -4.5460894740303 
-18.649497062068 -4.7776603671344 
-15.385404721034 -2.914473067556 
-23.218667810202 -3.0583217811839 
-23.515173101649 -4.0725628729933 
-17.622784504185 -3.446500292985 
-16.434870582967 -3.2213245381887 
-17.284523087621 -3.1976678348508 
-14.562871557328 -4.3092019316769 
-19.400551310514 -3.1900221904836 
-16.719756621206 -4.1595273925858 
-13.51125654598 -4.3974177808718 
-20.771913194773 -3.7295222737469 
-16.569138185763 -4.5761498316666 
-17.805101558095 -3.795008628291 
-17.830147711112 -2.7021921739224 
-15.276813463889 -4.5406175633847 
-24.203270825186 -3.4100260616393 
-23.08850605628 -4.9937715049675 
-21.317691875108 -4.3306279198928 
-13.489779995877 -4.0789409244897 
-15.789272323237 -3.4363692120393 
-15.255346243148 -3.7682445695028 
-14.127035635205 -4.3784517665278 
-16.922617231667 -3.6496945482093 
-17.151237211216 -4.6071915665543 
-15.728567116139 -4.1369298905572 
-16.996006933007 -2.9257270885023 
-15.438198676837 -3.1423829221904 
-23.478797613941 -4.661153721196 
-16.733155764373 -4.0782417341079 
-13.77629702732 -3.7380163430572 
-15.948442374076 -3.2998062849898 
-14.32263685189 -4.7152854004757 
-17.480397945188 -4.4769178016351 
-15.153367246065 -3.0882643573361 
-14.065804132945 -3.3418684327787 
-27.60322597608 -3.0224456958854 
-19.333862083753 -3.4463768422185 
-16.845022816309 -2.7232984810845 
-13.821727546456 -4.2493816287399 
-13.528373038001 -3.9246550590761 
-16.345528217774 -3.1622012063247 
-15.776114809742 -3.1814997849016 
-16.582559003329 -3.3722311142531 
-16.936339493432 -4.38210174262 
-14.44715432906 -4.6939700032191 
-14.049204590713 -4.3440214425739 
-15.228912177958 -4.0712617023981 
-18.738554277737 -3.3598368199956 
-22.639785170054 -4.9184945733874 
-15.311940318645 -3.3268078911961 
-16.59254583219 -4.4318580249207 
-17.015084100537 -3.2416778946073 
-13.735649864088 -4.7939727500059 
-14.527385510633 -3.6948039031355 
-14.158134659339 -3.0820390142732 
-16.274457365064 -4.8160329511635 
-18.59173858716 -3.8027690319803 
-19.0833591489 -3.5978880914026 
-24.256185723915 -3.2189681688185 
-23.401041492197 -3.2027614717331 
-14.671038412107 -3.62602850712 
-13.827699353685 -2.9576657875309 
-14.297844487515 -4.3685118494767 
-14.229507761209 -4.1020602445136 
-18.961921451026 -3.2777940339171 
-16.653104879613 -3.4180987977876 
-19.888705476682 -3.7845905121629 
-15.626786901641 -3.4878755093301 
-14.83392091359 -4.1879680792549 
-14.936280253311 -3.8989812079862 
-24.056671358601 -2.9362476909394 
-14.168063862246 -3.6577160296184 
-20.267963891743 -2.7840230438872 
-28.114877477249 -2.7135915172265 
-18.614715149578 -4.1733052458321 
-19.778332993553 -2.9966719363159 
-14.071873011093 -3.8475901154478 
-18.064559632504 -2.9629033175637 
-13.552371705097 -4.4412719387406 
-23.141062915614 -2.7864685572991 
-20.77099756744 -2.778707341127 
-19.639212716646 -3.4700656459994 
-16.137827408461 -4.5022016049699 
-18.047505611358 -3.9903581802071 
-13.543665917904 -3.7204867366991 
-18.164814464817 -3.1303091094531 
-20.519539274205 -3.5629917134386 
-16.517191140777 -4.2358124291487 
-17.39467486472 -3.4189818819664 
-22.617179297666 -3.9558260499732 
-18.213145911718 -3.1034997714773 
-24.706525137477 -2.9893242597876 
-14.447510955803 -4.0926645505767 
-14.610290894735 -2.6661129901943 
-15.830623819289 -4.3416051142346 
-21.122817559762 -2.6579208212468 
-13.948426996128 -3.6644600589843 
-13.96781656519 -3.2999013178277 
-17.7205078656 -3.3698807488679 
-20.48475968621 -3.5170536373034 
-15.203264466357 -3.4093013951909 
-13.590028275951 -3.4898491288222 
-19.025054228579 -3.5032038539049 
-15.402868505461 -4.9570013074371 
-17.723394599746 -4.2216580273586 
-16.822634929824 -3.9987415774386 
-16.442395190553 -4.6279678275511 
-23.082294817457 -4.3715967966654 
-15.146637426086 -3.7839311482133 
-21.898684017831 -4.532413526099 
-15.031380762445 -3.9238863169867 
-22.914050741871 -3.2565037002432 
-25.724144975579 -2.8886047637452 
-14.165552987402 -3.8292241713303 
-26.003206116073 -3.2590179423085 
-15.581891225074 -3.4256833021215 
-14.281852042327 -4.264859151796 
-18.319733199143 -2.655669281874 
-19.230396745524 -4.6720895149815 
-15.175000229925 -4.8119721275634 
-17.109256341 -3.2558379313927 
-18.716910255357 -3.1363109531293 
-16.585864472168 -2.6515517787509 
-19.964783275415 -4.4943269685325 
-21.224360664898 -4.6256855309403 
-16.375467965143 -3.7283120192765 
-13.503764298981 -2.661979922638 
-13.589912036746 -2.8256101762046 
-24.799687714104 -4.2577160314791 
-19.371495458788 -3.6013546519948 
-18.257984682135 -4.850211480202 
-26.915069721899 -3.4039120256252 
-20.284673678715 -3.3606605232718 
-18.500069590538 -4.9545068089794 
-19.780973929785 -2.9971943993624 
-13.70090475235 -2.7770008747346 
-18.062538833302 -4.5254468802788 
-15.592654576269 -3.0426905369671 
-15.597727202509 -4.1497883122528 
-19.154584674024 -3.53626672297 
-19.293408849643 -4.5664437521031 
-18.471522482735 -3.7824201695298 
-17.365918168978 -3.9041795559141 
-14.290559178659 -4.36056796611 
-22.842891456065 -4.7896876996211 
-17.936826832004 -4.7342919072749 
-22.175225186058 -3.0522072773471 
-24.576167165247 -3.4959432017538 
-15.162405739882 -3.2546623920851 
-13.519738198872 -5.0017264313369 
-13.839856785709 -2.7000536579776 
-17.966130931537 -4.9343073803183 
-26.704353721775 -3.6300165982216 
-16.974682120242 -3.2196647667789 
-13.800553454945 -4.5341965862234 
-16.48762863842 -3.186581224871 
-15.616371847916 -3.2602359659124 
-13.881087549117 -3.4325257112833 
-20.063614984683 -2.949970612787 
-16.448656582793 -3.0451985723289 
-15.955707132999 -3.3933266012356 
-14.869086997249 -4.8383234369649 
-14.128559566024 -3.3329714374519 
-23.241854684463 -3.8901741715502 
-24.88108935685 -4.3817191507488 
-21.160313977735 -2.9905059036279 
-17.139227186242 -3.9285490851145 
-15.354392294955 -3.4103486666242 
-13.536277818767 -3.743924843864 
-18.533245081365 -3.4677714751821 
-15.762552995322 -3.8528478883539 
-17.771993740489 -3.5090908575028 
-16.210588729597 -4.2146584895904 
-27.216300819549 -3.9805263716187 
-21.564796966092 -3.2292210932184 
-21.025914680834 -3.3006157455344 
-19.486789173011 -2.6904253816399 
-15.495380137397 -3.0098061565556 
-17.815161145968 -2.8675534159666 
-15.803460257595 -3.6579707792578 
-16.341670239195 -3.4051702782862 
-23.268527172559 -3.5348076185028 
-19.02647858493 -4.2039597904662 
-17.387293543252 -3.3629385256874 
-23.545658400879 -2.8503305931642 
-22.33349932506 -3.332566259793 
-14.96229342398 -4.0187489782443 
-16.049483574143 -3.4380930607688 
-21.863960677576 -4.2603256788134 
-17.921013501675 -3.2619193206911 
-14.765004053949 -4.8910070655975 
-25.985837121453 -4.9926257719169 
-15.681607631593 -2.7559674931 
-20.35991202314 -2.8761554190766 
-20.267635112958 -2.9410496494412 
-18.270998992164 -3.306943214945 
-15.921547750726 -4.2721537425322 
-19.788625181132 -2.9482488567968 
-15.909144886398 -3.7502041304132 
-16.232616243102 -3.7617212544039 
-19.200012847662 -3.2154595560591 
-25.181033218897 -3.4709250099681 
-22.997031948741 -4.9033505868653 
-16.847784738776 -4.7204765238699 
-19.468899139224 -3.8472872406932 
-18.678148861156 -3.0081846257536 
-20.462375009766 -3.293978103894 
-18.016765313215 -4.9699275219194 
-21.292192067869 -2.6657304206124 
-14.071885902598 -2.9275040061918 
-17.633632064753 -4.1932668631444 
-23.686225282361 -3.1775129463451 
-27.290890852952 -2.9016827435428 
-17.021422112497 -3.0392477537646 
-13.964799252922 -3.0720204841619 
-13.430009723536 -3.7413145172775 
-22.395276767665 -3.8996647834444 
-18.834590180714 -3.5830730242832 
-16.939179791051 -3.9878749245326 
-15.102923095238 -4.6240427431531 
-19.739522429032 -3.0481250561671 
-14.022631305867 -2.7615593958727 
-18.221516761054 -3.5046000712008 
-17.822902448093 -3.3451358417268 
-23.196355878336 -2.7028244337719 
-21.603863733727 -3.3232984827593 
-16.388139534677 -3.7962862806798 
-18.347252461089 -2.9072589112971 
-16.408888654032 -3.6519056242424 
-23.825454372494 -3.7543542726364 
-14.24578945634 -2.7274970112462 
-18.244203324529 -3.6362075567744 
-24.04974107572 -3.7877197028477 
-19.905651121767 -4.991329694026 
-19.439148692299 -3.7076323487145 
-20.713549062665 -3.3277285198862 
-23.985379861436 -3.0872216503799 
-19.86931865662 -2.9520949975793 
-21.983501467984 -4.310843106942 
-15.540397487 -3.0550505217644 
-18.593643915475 -2.9182854988573 
-16.218997560941 -4.4920420557709 
-14.886767054474 -4.7721101523016 
-27.994117532998 -3.5532945327289 
-22.81426224429 -4.1220466718099 
-18.897901921765 -4.9124304165674 
-22.445636060272 -3.5238285276173 
-14.323412934289 -2.8803316225699 
-14.55806678123 -3.4997745681325 
-23.532882625827 -3.1520964746553 
-15.454459191183 -4.324408427654 
-17.068541793915 -2.7404678162446 
-18.602018381559 -3.7642133184583 
-17.382888060096 -3.3179645182856 
-15.952565168258 -4.3057194401315 
-25.881215929796 -3.9450195673311 
-14.838156078975 -3.6604876049175 
-14.927778497359 -4.6350363136089 
-18.627287631449 -3.2645405016909 
-17.79836361871 -3.639897259916 
-16.543995560471 -3.8130007197084 
-14.071362258754 -4.0284297898777 
-16.679838453247 -3.9291345273341 
-15.353637551758 -4.5583043986675 
-23.684927011579 -4.7444321282872 
-15.180045864068 -3.9711097892251 
-15.07371188636 -3.2282179616434 
-17.48886691431 -2.7790240965107 
-14.344960189727 -3.8663544922734 
-24.106091532894 -3.4772396863093 
-18.169455241242 -3.6867789812175 
-19.749076980092 -4.3763640002011 
-18.132474657172 -2.9095735679261 
-22.511280016298 -2.688747770498 
-26.956521743331 -4.5201996955123 
-23.878189270406 -3.2488664977109 
-15.666550561444 -2.7288256933086 
-18.702893914383 -4.9191652666645 
-19.326874580283 -4.4707613783477 
-15.824862924473 -2.7820184171432 
-20.175423685736 -4.7951544367728 
-14.843860947553 -3.657455903979 
-20.462151688619 -4.6188558583233 
-14.511160528737 -2.9853974720066 
-17.024164888086 -2.9627747639181 
-16.914895974108 -2.809380112307 
-25.658552876431 -3.3822721082643 
-17.011905104273 -3.333399089908 
-19.383649206596 -4.2934300976998 
-17.299649673864 -3.976338294953 
-14.249809962359 -3.3173537374473 
-22.43115424609 -2.9627499515104 
-17.628198638441 -2.9012604285924 
-17.987752134736 -4.4789055287625 
-16.783255564915 -4.0991540218194 
-13.806843891664 -3.7098779582787 
-14.362465456944 -4.0316990123396 
-22.57161901822 -3.0484053084165 
-13.794400171716 -3.8507418994479 
-25.456428146084 -4.8844379887128 
-24.637699768852 -3.9373127154002 
-15.0429834292 -2.8240866121178 
-25.047783341783 -4.7482207787745 
-18.199653992136 -2.6506703924331 
-14.984475144496 -4.9369124816794 
-17.011824019981 -3.623054600988 
-25.438508969763 -2.9264640027568 
-17.848288625165 -2.8294990280796 
-21.197515285073 -4.1679199840753 
-19.687277225224 -2.7895476483395 
-20.024096812259 -4.7866358817338 
-18.278186924486 -4.6047898842098 
-16.64464768473 -4.8662378455111 
-22.264227402381 -3.8742064590081 
-14.891382953456 -3.6319322402044 
-24.116768093145 -4.1959591679575 
-15.303741982748 -2.8330119736978 
-27.24561229873 -2.8375560673956 
-23.821400877217 -4.1789168651309 
-15.888075722104 -2.9916040173686 
-17.997034946915 -3.7762380560864 
-18.169926691659 -2.8429323094855 
-19.486729815225 -3.2351550995803 
-19.469596473518 -2.661174755797 
-16.721329879842 -2.9102429925134 
-14.282823704837 -4.1179840544946 
-15.135953911944 -3.4466999487029 
-18.538022784249 -4.2460893634233 
-15.108769533001 -4.062079012797 
-17.556618711471 -4.1439977013348 
-17.913635601674 -4.2712755361218 
-13.433906505746 -3.7028495858513 
-14.0816307155 -4.9670078322615 
-20.437613274519 -3.2546581466385 
-13.492397580116 -3.5238110065707 
-19.899236487421 -3.2956949999817 
-22.65383918289 -3.9423493958261 
-14.033300724467 -2.849743566249 
-17.718460992629 -3.9746975581986 
-16.328716539247 -2.6773618780318 
-13.953915179274 -2.6746900944417 
-19.290380459553 -4.1416772604149 
-16.576261680704 -2.9766656983197 
-16.478168272098 -3.4117227857112 
-16.089432039728 -2.9724095768057 
-15.806274467796 -4.4663132133673 
-23.15557647955 -4.6440240213215 
-24.130480630127 -2.8490371610949 
-24.439970188994 -3.7763170289259 
-19.342225658991 -2.7857429842852 
-15.025870526279 -3.0137898596955 
-24.116715065455 -3.7828921850751 
-18.97937072357 -4.4721270353055 
-17.062018165453 -3.7188182394808 
-13.649646058696 -2.7829275505308 
-15.498693321692 -3.1731862718467 
-16.183232310238 -4.4400403724883 
-20.71419019032 -4.8109283267447 
-23.82452408008 -4.5289922337693 
-17.262742516688 -2.765358413698 
-21.806686509045 -4.4118648111161 
-15.86441838169 -3.1754300384155 
-15.1282879361 -3.2452683698476 
-22.695486475009 -4.7125316203643 
-16.59685942993 -3.4724825271659 
-16.276180157281 -4.5052998015583 
-17.483762978968 -2.8431962632182 
-21.092082298606 -4.6996571539449 
-13.570448525437 -4.6698040536266 
-15.533399011582 -4.0132494560371 
-19.798090463992 -3.040335149194 
-17.993400197552 -2.847744937556 
-20.923715399722 -2.6968706723169 
-19.902182952412 -3.9954637443807 
-17.399340133867 -3.0333413490569 
-19.675191314522 -2.8748080689744 
-22.295415298178 -3.0536776322016 
-19.080014868112 -3.0322252314259 
-18.785154261904 -4.0451161794074 
-17.821880739792 -3.3364731776334 
-26.075705092174 -3.1086304533145 
-22.4511840204 -4.3188883122814 
-13.954041472174 -3.9964058210047 
-14.105721251934 -2.7178020224509 
-15.188736243913 -3.0156247167972 
-20.957754828162 -3.3681547030574 
-19.996127948707 -3.5439591385048 
-13.768794962151 -4.3300208447914 
-18.431758860894 -2.866556382576 
-18.211668678455 -4.8215487694253 
-18.324213600308 -3.3079464682595 
-25.385410332217 -4.0262254581483 
-22.466982737272 -3.6380767198572 
