-0.99114636976616 2.3860896318086 
-0.79101575801249 1.6308604779353 
-2.7232048040713 2.1807083495385 
-0.8010915554442 2.6421575345281 
-1.9876470678347 2.5508391822817 
-1.0588089616386 1.9238590986352 
-1.5696414684733 1.7834535808795 
-1.1529424653117 1.5803115465507 
-2.7249138774964 1.5433033791367 
-0.68561459205724 2.3290057146893 
-3.1426144442936 2.7230344682803 
-2.3233279485196 2.3028021355746 
-1.3816747397148 1.8864441326566 
-1.2388748563487 2.1361428077371 
-1.3396515230639 1.3859459185043 
-1.2862489612415 1.3360439349758 
-1.6915112942555 1.7355051968441 
-1.9421951497297 1.3965771859359 
-2.9095797526133 2.4817797765041 
-1.7262453941038 2.2143848431053 
-2.6454939912367 2.1733818152236 
-2.560394749642 1.6661679142616 
-2.2569074638928 1.196824249112 
-1.189181803069 2.384038431744 
-1.6824373943378 2.6944372363819 
-1.2513616287146 2.4172686785481 
-3.0454870790924 2.6003458174764 
-0.74351568919216 1.2429545210635 
-0.99415657370056 2.6692843589643 
-2.9735038828146 1.3054475112898 
-2.4069280464708 1.2935215659504 
-2.6939945202247 1.3492398606973 
-0.93724196778221 1.5454986845731 
-0.59312384483032 2.1825645792556 
-2.8494750384078 1.4096358981158 
-2.167529290874 2.1072077204582 
-3.095604648569 2.3923700974311 
-1.4025171111703 1.7090173089693 
-0.70676726941635 2.5672085800921 
-1.6919425951505 2.5575583970633 
-2.0964116568588 1.7425165239433 
-1.8099853065747 1.9177254551188 
-2.6560428879187 2.1221383771809 
-2.2283248975207 1.338198875912 
-2.2950258530798 1.9951371903664 
-0.85876995825109 2.404366642326 
-1.1638265704714 2.2091479801019 
-0.56987080188467 1.8382244635677 
-1.2364710562768 2.2538447065695 
-1.1985105088336 1.3548882860311 
-2.876641685653 1.7891500625299 
-2.4765077096971 1.5900869422998 
-3.1684986784022 2.3847995778561 
-2.0344927242521 2.2057061058598 
-2.9956998639031 1.2736156445818 
-2.898820960047 1.5880597942524 
-1.3681292267839 1.3073229750934 
-0.7514599601343 1.4736819081052 
-2.6333493622554 1.2544980183117 
-3.0905703927226 2.5220267877473 
-3.04952135168 1.2671135471679 
-2.3788745344405 1.2610171634798 
-3.0843654285806 2.0128230387763 
-0.91043287630324 1.3465265062718 
-1.4987637539617 1.7737504331204 
-2.9880231809596 1.4097098402039 
-2.9815890027022 2.4022040529278 
-1.1556777175541 1.5276067339237 
-3.1124029161926 2.0640102663082 
-2.6074479574399 1.2255658143591 
-2.1467486605563 2.0608465673287 
-1.418391717066 2.4253888501527 
-1.447338801243 2.4236452085279 
-1.1793416220683 2.2152661597655 
-1.5716780199635 1.4712721362003 
-0.90017393921226 2.0174060519102 
-2.582448552046 2.5437800294554 
-0.49937122376077 1.6294330515233 
-1.9848484792779 1.9906653530888 
-2.032280084479 1.9152804944031 
-1.3850902691691 1.4771396666517 
-2.7041688152737 2.2982278439959 
-1.7560897722064 1.4643222908839 
-2.758219089795 1.3078407140459 
-1.6517467853156 1.4042115449612 
-1.6867226346029 1.9060776649762 
-1.6873239899484 2.0735690573492 
-1.0001701894248 1.7124814091958 
-2.2583679401634 2.5398289573169 
-0.90674162909051 1.4175417398468 
-1.4114455478627 1.3071539623102 
-2.4102664516153 1.2825114823522 
-2.456353496502 2.5218962662864 
-0.55989400644781 1.659548988165 
-1.1161189381501 2.3606659266484 
-0.58292084871873 2.7202792603199 
-1.5146483973894 2.6263855832364 
-0.9888519830805 1.8986285161931 
-1.2570705777016 2.316199460494 
-2.7020069744153 2.5126464341636 
-0.72387069742658 2.657888067032 
-1.6779110839273 1.5665016668401 
-1.6290350670785 1.6744679417394 
-3.0419851655156 2.0508335520461 
-2.9437895339893 2.0194353426829 
-0.88576224017601 1.4575496318409 
-2.4564630570658 1.9972835844136 
-1.9637897234277 2.5817554895047 
-3.1192202451805 1.3104690986134 
-1.474183056715 1.8859831526505 
-0.71731446465107 1.3007631559689 
-1.5270474807701 1.5031166255618 
-1.5239183812607 2.1865794939052 
-2.5433758345982 1.3384453103111 
-3.1820175648484 2.1322477023141 
-0.72547357430301 2.5944288191688 
-2.0246888054347 1.6146732609243 
-0.83103889381647 1.3324909991738 
-2.8300033156812 2.0134039131717 
-2.0608060149342 2.5959405679406 
-2.7915366961677 2.3589264824791 
-1.2673717297105 1.9890966555756 
-2.0361953766843 2.0585085489521 
-1.1474948171239 1.3084109763169 
-2.5046723882928 2.3388001574464 
-3.1097986832948 2.6719497988035 
-1.3357538276535 2.4682445022087 
-2.4831331770828 1.4209401357126 
-2.044149776876 1.4649033609205 
-2.1486629689183 2.5968157080752 
-2.9207140360129 2.5318768815169 
-1.6332026185979 1.720973957642 
-2.4167763714886 2.6272513715449 
-2.4450587890717 2.3746017758089 
-2.6798169276001 1.5570273269719 
-3.0482300236161 1.9054276064856 
-2.6006251123834 2.0278119911517 
-2.2447259830993 2.0079201317464 
-0.55893459213429 2.309180870411 
-1.7957174172284 1.8085589892221 
-0.72781220582525 1.6397769175964 
-3.0103782832644 1.6703433450439 
-1.4262347667744 1.5485339252567 
-1.7759378700974 1.5493970750351 
-2.7058644104476 1.2371539417918 
-2.1267019139849 2.2391500914339 
-2.2994655961102 1.202474356181 
-2.9592549679302 1.6223307749334 
-2.003844031146 2.5098131635542 
-2.4281651942576 1.6790360073338 
-0.68193631752381 1.2061592998811 
-2.4310050046722 2.6919612091716 
-2.6613167575702 2.3558444920402 
-0.70054933306386 2.3088421093888 
-0.65992510011469 1.5372345948953 
-1.6270453308422 1.1842838691229 
-0.79139912125021 2.4918449862084 
-2.5513741772936 1.5668593127887 
-2.2562396545843 2.1569302060924 
-1.323229117751 2.0806730697543 
-1.1909648408588 1.7756395763466 
-1.1164461804954 1.3487823114694 
-2.9872052385817 1.5447159873488 
-2.6266030562514 1.7668920197254 
-0.82691754997862 2.6593005762623 
-1.6432527276759 1.7256225561852 
-0.92998181304155 2.5557847274841 
-1.1563734683572 1.5200321948795 
-3.1247034064097 1.6941608857283 
-1.7079586273562 2.4130196753798 
-2.9472738282556 1.9315739594369 
-2.6164506657717 1.3632330449198 
-0.56071914389541 1.7923994548089 
-2.7113100069095 1.9807168510476 
-2.4378265499463 2.1103529345307 
-1.9031930506228 1.8584351528081 
-2.8649260259197 2.1965173072706 
-2.6024462526925 2.0835566253364 
-0.51861242846812 2.6663165315307 
-2.8185432992585 1.5329194978839 
-2.5201839521569 2.0382281607397 
-0.51147939105075 1.4568130239762 
-1.4245620093634 1.6796306243654 
-2.0811998133013 2.6525145153235 
-2.1924878870475 1.3628133015059 
-2.1429841921816 1.1935593125261 
-0.76848657629245 1.336881863158 
-2.3768480391158 2.4275055069027 
-1.1276382158655 1.2517907798825 
-0.59563803737159 1.2374324637816 
-2.0647457004249 1.4928207989664 
-0.81300198708784 2.2140555362081 
-0.64966939268307 1.2099983591097 
-2.286376140133 2.3974252698115 
-1.4898799990902 1.8976089075441 
-2.8767574525693 1.8022416722318 
-3.0665505439945 2.2532434926167 
-1.676236931483 2.6353105249026 
-2.4644834235068 2.0103191341593 
-0.65382941343651 2.5594296990088 
-1.2240625102285 2.6699897780565 
-2.5070720943797 1.8673722094883 
-2.7879775102084 2.1416546227845 
-1.9562051793334 1.9213917060915 
-1.1178013324778 1.350566304818 
-1.3246269604351 1.4039654795593 
-1.2430132548648 1.4963010278778 
-0.98985559669873 1.2214561017227 
-2.7205686911922 2.7305851673728 
-1.6565713935429 1.5524934386174 
-1.4924491620355 1.3362590340592 
-1.9342766956018 2.1865079317269 
-1.048426542029 1.7765112379492 
-0.97137364950949 1.3257965908526 
-1.5912119563312 1.687624639619 
-1.3633238822344 1.6962215898593 
-2.5993256063404 1.5656871214335 
-2.8327173555204 1.6968224462235 
-2.8755594319829 1.9633203570095 
-0.52261699429346 1.9939303662446 
-2.5284610489322 1.2033719544044 
-2.2604717771969 1.3987890901854 
-0.69308129198331 1.6227301099972 
-0.95085274836624 1.9630369621235 
-1.9887085260814 1.4871530516775 
-2.2895520967032 1.3432226977962 
-2.8891941285324 2.0902594906529 
-2.0340425684366 2.6060229353204 
-1.5823499473366 2.0770479751439 
-3.1853461750638 1.7174583606522 
-1.9973637734631 2.3577569528311 
-2.1120131503375 1.4031552734326 
-2.1022237513312 1.2340054290721 
-1.2535375716119 1.4927526616305 
-2.7755817813865 1.5720830009388 
-0.88166235340574 1.3553092060503 
-2.5171501208459 2.6790494479597 
-2.1167641901303 2.3614648220274 
-1.1746088859737 2.4798502667674 
-3.0234828822342 1.8902839716549 
-2.5788900172323 2.3834053392253 
-0.52495622679884 1.6801883484352 
-1.6251706639721 1.7932086213393 
-1.739279784226 1.4484122478671 
-2.5969481070472 1.69893462908 
-1.9295488620188 2.2472996811728 
-1.2484759807794 2.3073792092261 
-2.1550868984996 1.2353904202707 
-1.2316246834025 2.697608525541 
-3.1248854298558 1.6018770703571 
-1.8528308390433 1.7148458742377 
-0.96470460654763 1.668260216884 
-1.1556054375073 1.7747970958578 
-1.3825753116998 2.5206868039559 
-1.2898283356602 1.7889005058198 
-0.51906562572556 1.2097928029209 
-2.5662080064088 2.1276021330367 
-2.3093520167525 2.4998785870815 
-2.5710479200047 1.745548673883 
-2.5134841431132 2.1754390984605 
-1.354349620569 1.4224318985165 
-2.8338806075371 2.34117220757 
-0.60604484465296 1.8621728932567 
-0.82990088196287 2.4503177840067 
-3.1708784231665 2.367230063079 
-3.1199855022004 2.1494083873769 
-1.6409538358456 2.1149477024008 
-2.3320926910557 1.5351219397353 
-3.1913275959161 1.342966844853 
-1.1173930065892 1.7685249212507 
-1.478659487383 1.8731410779214 
-1.1491274211601 2.6650941943475 
-2.9726274971847 2.6775336321441 
-1.8504685520367 2.3201212060168 
-2.3668286237133 1.2286509061814 
-0.90333930294109 1.7800284350291 
-3.1737707944923 1.3264756621019 
-3.125075929547 2.19119628726 
-1.092736762437 2.4649816440926 
-1.6163716757383 1.9629722101513 
-1.3759558387864 1.1843142530223 
-2.0042523003983 1.5377286638148 
-2.7724690774147 1.5489473188318 
-1.6551057801718 1.2654711206323 
-2.0785279550949 2.2601308348426 
-2.9567514560631 1.2089153944519 
-0.66101434512537 1.7623747773324 
-1.6880784536578 1.5909935148568 
-2.5283007811913 2.213331143825 
-1.3143226612475 1.6025263534384 
-2.3750088746068 2.010227403929 
-1.2101455117429 2.2713724835152 
-2.9116288922334 1.9229180223926 
-1.648864467013 1.2369525476793 
-2.9891751452722 1.8773448468856 
-0.59717984956878 2.3456741524545 
-0.80869694788655 1.8767642157342 
-0.54155532215803 1.8777023679911 
-2.67870962483 1.2835410487219 
-1.3374728083121 1.341313715434 
-1.7277810479097 1.417771455396 
-1.2361113914614 1.5439404940174 
-1.3548092079851 1.3732659884633 
-0.95686922125128 2.1061021117531 
-0.74049119598212 1.3693799530368 
-1.269357529023 1.806010303769 
-2.6525959239798 2.1223100690802 
-1.6916334029045 1.8721990605682 
-3.0985465694183 1.3066431432236 
-1.9539057127401 2.223324866638 
-1.3596128875046 1.8350762441752 
-2.898925713351 2.2924970803385 
-0.63748971636583 2.5915688447528 
-1.16331044921 2.5933194989271 
-0.57254970235833 1.6730496775896 
-2.9333168870693 2.2142376501003 
-0.70223966943355 1.4647442277905 
-2.5612394448829 1.7419306955218 
-1.9551323323958 2.6301775704327 
-3.1375001734677 2.579177007996 
-2.2146939076089 1.5265537454499 
-1.40064662071 1.3305294934778 
-0.51194596343692 2.0710498977204 
-1.3639239521953 1.5786768094648 
-2.8683482102825 1.4146712884108 
-0.75340506635977 2.5231779011446 
-1.0738751293046 1.6697590494282 
-2.8113071317951 1.566711688335 
-1.3999768893062 2.2556197540973 
-3.0035813167707 2.6247181115981 
-0.92515191948719 2.3130370232137 
-2.1759822129155 1.7534325495464 
-0.94065057008722 1.8418678853498 
-1.31043018669 1.6754375840915 
-0.50157465163599 2.1749750105537 
-2.5345137769942 2.5200905673724 
-2.3240457912624 2.4558372677785 
-1.465204935851 1.3133335768329 
-2.6918732766881 2.0383922370888 
-0.75112223007315 2.4294879177711 
-1.7795600208057 2.2244367762546 
-2.4865547496864 2.2785062258404 
-0.7712380256805 2.4530188986252 
-1.0998664696949 2.4750012755002 
-1.3630102066764 2.535857960057 
-0.92957447330267 2.3204186974936 
-1.8584377505836 2.2744688762404 
-3.1468117133619 1.8027460495073 
-1.1175351296674 2.4490698734802 
-0.52553447698201 1.8976143657421 
-1.9482118694925 1.9588380665965 
-2.194587860906 1.7030360514453 
-1.0862329730029 2.5220729876729 
-2.5273582446839 2.722083008222 
-2.9999807193434 2.1565961170591 
-2.4230666090231 2.6182179651275 
-3.041397617073 1.9565280870594 
-1.8784279008147 1.4415440403236 
-2.4289977876748 2.218862182405 
-0.98961849649731 1.2217677183673 
-2.5204752383703 2.1666357110989 
-1.3540945284892 1.4792878704114 
-2.5700833475088 2.4474749866904 
-2.5435504469583 1.7726243129631 
-3.1205477340665 2.0231888137439 
-1.003061992821 2.086803704259 
-1.8140297330777 1.5808892321301 
-1.0130695690691 1.7616986507831 
-0.69574682280376 1.5361611755547 
-0.62583332489058 1.6450964967616 
-2.1353656113708 2.3613802582536 
-1.7097676254031 2.4784680743224 
-1.0141210976875 1.3550873291174 
-0.71608619828209 1.9361974429575 
-1.2243666074539 2.7298208603836 
-2.4897748608507 2.6900337495521 
-2.1709163844399 1.8321640670997 
-0.77376679174703 1.8709131255019 
-1.1271405125355 2.0287535350919 
-0.68904817005597 1.9137015689048 
-3.1821065186864 1.8151663873347 
-2.7470765126484 1.6825450262141 
-0.8803669610492 2.1282477968954 
-2.8692874545554 1.8394995664596 
-0.87425792170211 1.3128087351985 
-2.1377019194736 1.3726991161555 
-1.8151219112662 2.4553708177796 
-1.3673323560035 2.1840744433854 
-0.66615526595647 1.5636754231855 
-0.67936705191006 1.5119423084953 
-1.7785593358527 1.6816990433852 
-2.4363643640419 1.5544064829686 
-0.78898707731847 2.6693997592664 
-2.4153838304305 1.3727777184057 
-2.0608012759262 2.6871223962297 
-2.8361322141965 2.3439419356746 
-2.7190170254367 1.4903701323113 
-3.0814483874221 2.1609576333882 
-2.0321005612407 1.3368619855287 
-0.95878717938992 2.0382848618796 
-2.3653564407487 2.3090533193117 
-2.264825578854 2.5530842183289 
-1.5657447231049 2.1197660697509 
-1.9224164515563 1.6136560096839 
-1.4335577453335 1.7425577899376 
-2.1289506284212 2.0878189430069 
-1.905446896509 2.5964902188358 
-2.9244390950471 1.3481881423788 
-1.2307236532127 1.6935130995206 
-2.9511368410034 1.618715012188 
-0.52377801228798 1.2529940937984 
-0.58905177221309 2.7156029685059 
-2.3781829067161 2.3671008083298 
-2.5151302407587 2.3383367977046 
-0.50475443333693 2.6777549952854 
-1.1810389913044 2.3688280272926 
-2.5118826236509 1.8508209493763 
-0.75577123768281 1.8693389605991 
-1.9114539691987 1.2743683571106 
-0.94899897567034 1.7375226160099 
-2.5387218354509 2.4519824890249 
-1.497987489302 2.7236267775092 
-2.6758030572414 2.1954342832814 
-2.7314757163897 1.8236908205973 
-2.1889173094937 2.4852292679248 
-2.1324721677729 1.8098986087124 
-2.7443633078933 1.3511859686838 
-1.6093341765251 2.7123299242051 
-1.2891872768024 1.9244425267776 
-2.0125189504281 1.6246552227088 
-2.047113950506 1.3634085824666 
-2.311954838216 2.2791065334555 
-3.1498033299272 1.2403702380187 
-0.86832448068286 1.3888443360015 
-1.7802311001573 1.7352735948374 
-1.0593033501563 1.955674794379 
-2.1352971127377 1.7139364111913 
-2.9592934380348 2.2819702450918 
-2.1833623377035 1.4233233985709 
-1.3579743513028 2.0206356717378 
-2.7479038452731 1.6978844752487 
-1.2525088836127 1.8189630761684 
-2.8145721935356 2.3663339983605 
-2.188786941276 1.1883463091694 
-1.6494987976866 1.510742252546 
-1.6355706357624 2.4890635476792 
-0.88451711913691 2.0969465192659 
-2.451555301254 1.2018229533499 
-1.3410519846801 1.2988926480847 
-2.4414827426765 1.4108493596162 
-0.63765536755821 2.542110897858 
-0.8841084863282 2.5733144990949 
-1.0314049729167 1.3732384741382 
-2.4376726418662 2.7019320220975 
-0.84178662035167 2.0201835209512 
-2.1278670865333 2.1323884515713 
-1.8867775857393 1.2624363086215 
-3.1907709197547 2.5903546223181 
-1.5776221659021 1.2604154956071 
-0.79668200821181 1.890648515141 
-1.360402719963 2.3076969120579 
-1.3726815829828 2.4961991868123 
-2.0342911456913 1.8169288141726 
-2.5218303683114 2.3838611456557 
-0.75854254026297 1.6727979233448 
-2.2151135139892 1.3108920459837 
-1.6963158132814 2.2123949091331 
-1.8323517639358 2.1553994550251 
-2.8245404593769 2.5645034406428 
-1.8468890267793 2.1512554980017 
-2.0266726734343 2.222429263589 
-2.4603955708025 2.6347135656319 
-1.6730349660644 2.3976656988723 
-1.9784127396442 2.0749273319671 
-2.0783003951691 2.6094029503663 
-2.9796379562746 2.0885987114138 
-2.6155759644084 2.1173847550907 
-1.0896052707146 1.696533765125 
-0.72074857819267 2.6045659854169 
-1.1037723820803 1.6594859112868 
-2.0376953615049 2.2692307018654 
-1.1642885436682 1.6266429762382 
-0.51386450086568 1.3605525231238 
-1.3181573550655 1.4457921351578 
-1.1540869347825 1.5092837361721 
-1.5920856319909 2.6010757694184 
-1.0522586793494 2.5983974315208 
-3.0164433722678 1.3054320128501 
-1.3849792544516 2.1586155949647 
-2.4507035678099 2.5962523686061 
-2.3510913725855 1.8964896515238 
-1.3026480325182 2.0061933359365 
-2.8238467075377 2.6617855854973 
-2.8868853231101 1.3733298299757 
-1.9739341212697 2.6790750486359 
-1.7985106847184 1.7768836127165 
-2.9331816772645 1.2092441156364 
-1.3889046379505 1.4664029084487 
-2.4308108496479 2.1743512154992 
-2.2671281312867 2.2337829385275 
-1.9076464025312 1.1842657891292 
-0.68017374159091 1.3828220139063 
-2.6843170803905 1.2283097747539 
-1.0194870700158 1.6562323088186 
-1.1700866176915 2.7119735194336 
-1.7998901201633 1.3196995333079 
-2.9879612820267 2.1189274137173 
-3.1230465081458 2.0313633550826 
-1.7274477249346 2.2546974085837 
-2.1116643940509 2.5635432688979 
-2.0307249305334 2.3870149588253 
-2.2272289442059 2.048926697763 
-0.75347076286112 1.4829548932709 
-1.4857971892651 1.8268770066983 
-0.51784574388158 1.2281459091692 
-1.8825791886654 2.0898477510364 
-2.6228402475085 2.6759749639617 
-2.5219874738605 1.6942636805128 
-2.3994942713106 1.715931765727 
-1.7294535049565 1.2706961200374 
-1.1381038130842 2.6823771530769 
-1.6651884372556 2.6374725456923 
-2.0441859006858 1.5483392245422 
-1.5662518895481 1.6022000017057 
-2.8095303613037 1.7152378814143 
-1.9573324462666 1.9112644856864 
-0.68740042805713 2.1477985719066 
-0.82526464971729 1.741844335036 
-0.84128688762262 2.1554419199088 
-2.4690728030891 2.5965595593773 
-0.81745677430536 1.3298257103565 
-3.1874741703588 2.5053404926534 
-2.8474213100463 1.4787850914089 
-1.2348023902932 1.4010728729078 
-2.7517181909057 2.1951361182832 
-1.5217925962783 1.6604461177059 
-1.0571349791456 1.5145673790885 
-1.2763042001898 1.6792085971196 
-1.5614521497427 1.5135987262888 
-0.78558854075132 2.7033578786953 
-3.1272029828319 2.573799739481 
-2.8926416789584 2.5346622982949 
-0.78130395004777 2.3201032767684 
-1.0417630221799 1.8371278324116 
-2.9896445451958 1.2590020186173 
-0.87838786812733 2.6081097558167 
-0.72102793643828 2.389903082482 
-1.0818447146786 2.4573695991826 
-3.1410588841169 1.781869764936 
-1.4128867401023 2.2438602352946 
-1.4311637269351 2.1887234667644 
-2.9403724865196 1.3999374939446 
-1.2650491094242 2.0176639771288 
-1.7328925598328 2.4178868777062 
-1.6222660208091 2.0705923698359 
-1.5123422602625 1.8989322906709 
-1.3793107320783 2.3059246064274 
-2.3967541804814 1.4410219728762 
-1.8487781688066 1.9463167050736 
-2.4541060612596 2.687843781415 
-2.9979174231982 1.7418938616683 
-0.53490483300602 1.3693994911355 
-1.1487479103675 1.4053685374609 
-1.3689330640576 2.2711297982557 
-2.0094922093433 1.2015544216907 
-2.0488624062898 2.0088107145982 
-1.6760489792331 2.1858517028808 
-2.0026042798918 1.4167555604997 
-1.3596048953855 1.2394295313671 
-1.2295983861349 1.4515816907702 
-1.7208267657426 2.6035076220929 
-2.7585658387566 1.6061810636651 
-2.9222281900144 1.4481175092606 
-0.66356305683366 1.5010585601311 
-1.757949531061 1.6923066007193 
-1.2084620532375 1.6641076064158 
-1.1236496492231 1.4687598325472 
-1.9228171761544 2.0517391132054 
-1.9103989699415 2.3818932980477 
-0.70474440510433 1.4542802108233 
-1.8355301645136 2.1231074433117 
-3.0138218802374 1.9700150478354 
-1.0749257121992 1.6206697255622 
-1.6518624078968 1.2488891056066 
-1.2111013766128 2.7246956455451 
-1.4988080260067 2.4755148164978 
-1.9839547070542 2.4452658994706 
-2.4314944632568 1.9835360153301 
-2.4378129053989 1.650378499968 
-0.84457038262613 2.452017366641 
-2.3923392354946 2.4247424168329 
-0.64178604525408 2.1586717880706 
-2.4465053890185 1.6885645965787 
-0.83798109129827 2.6428325614281 
-2.6076653173775 1.4249968153408 
-1.847730673809 2.0507894536374 
-1.0203492495477 2.1903522889688 
-0.53700562115485 1.4802137323201 
-1.6643021270578 1.2858227645547 
-2.1516905477589 1.2032467290111 
-1.4611329189037 2.4516095823654 
-2.4119921187442 1.8057740483398 
-2.9246904435143 2.0692588721085 
-1.3166401359895 2.6421924425148 
-2.5184823843291 1.8293405051593 
-2.7313023513251 1.8970468592025 
-0.94319903961424 2.1045730626782 
-2.3583598581403 2.5866463598566 
-2.0614035726081 2.1450735350941 
-2.2404571065755 2.1318396817155 
-1.2016514609743 2.0225774403432 
-2.2567533402364 2.1372212031831 
-0.67841514904843 2.3465901652747 
-1.1655603998211 1.744496081004 
-2.1094226259919 1.3259337496617 
-1.502992138919 1.4438991336794 
-2.1160245970578 2.2437631590827 
-1.022529070442 2.6375221302749 
-1.8772662557103 1.1996664471218 
-0.78278663452901 1.6091276120965 
-2.9987449994906 1.8261601334162 
-3.1821100322806 2.1015594846135 
-1.4322400329445 2.4358330714997 
-1.9867835310739 2.7333794830618 
-0.94372527397542 1.6011528147365 
-2.7207133670052 1.2453288348993 
-2.4780857756601 2.6686710453931 
-2.6037186347157 2.5755725779715 
-1.8325068160862 2.6475921558313 
-3.1895111877265 1.4722285995618 
-0.73562909207195 2.218124844004 
-1.904952198593 2.1921444403164 
-1.2084516592094 1.3103823883988 
-0.55686002445339 1.3246439999233 
-1.9125803117034 2.5385763986203 
-1.3820143584211 1.461055208108 
-3.0728094973745 2.1243066293056 
-1.2240909190614 1.645423551474 
-1.8100646327897 2.6376127213199 
-2.8087530679318 2.1630234661937 
-0.53938952608043 2.2814855653938 
-2.8220294549562 2.3285324223963 
-2.8535478660606 2.5011919375877 
-3.0160786671495 1.6519855971792 
-1.8836238411724 2.3867258322682 
-1.2943544549775 2.5143038362464 
-3.1339714102461 2.5887597824824 
-2.5073235220686 2.5073437785114 
-2.0388986258434 1.3360583880018 
-1.6703257012116 2.1478496504016 
-2.1354919254199 1.8262155340948 
-1.8565565805863 2.4979331835545 
-2.4118152660575 2.2582846648204 
-1.0853990526486 2.3566639273553 
-1.25423475411 1.5678895549524 
-1.2161476010674 1.8642561549783 
-2.0142803310655 1.5544766693927 
-1.2223974913219 2.6394889502093 
-2.4237235109857 2.619794877102 
-2.5372792288981 1.6257411126333 
-1.9470966304807 1.2530341750279 
-1.5803550504514 2.4287465941578 
-2.5596584613343 2.0326958141445 
-2.627460267265 1.9028026165334 
-3.1127646587568 1.8159593343761 
-2.234317673892 2.6650347071507 
-3.1973161534337 2.1194146320265 
-2.2909996371747 1.6132334280422 
-1.5420856038902 1.4472644096611 
-2.7056209691671 2.7056465947743 
-2.7095617954165 1.8629383698447 
-0.62276996960524 2.6987130923364 
-0.57881856844956 2.1986677449961 
-1.9620568177439 2.0463530847197 
-0.68356390017618 2.3850110309591 
-1.2653740973519 1.7457398726102 
-1.8675871347703 2.2278562027819 
-0.79528172113057 1.9511176872003 
-1.2452214810233 1.8800722916406 
-2.0064642890851 1.5402768279388 
-1.0869164713007 2.3822718490151 
-3.1760126021271 1.3702858415959 
-0.91859658575956 2.4830603444389 
-0.82624131818748 2.5771421630099 
-2.5603586133174 2.2116856360504 
-1.664479263698 2.5175170413588 
-1.160181324327 1.7952376213577 
-2.8842295501838 2.4587838571327 
-1.414781499538 1.2523084070209 
-1.3159803927067 1.4162634592351 
-0.67338053737529 2.4390527745361 
-0.80663666050075 2.646689370514 
-2.5179422357305 2.2602257934593 
-3.076935491509 2.4449140391293 
-0.78927895502491 2.214301095085 
-2.7242494076496 1.9738460416178 
-2.994289961632 2.1868663662668 
-1.7952477652731 2.5316935969034 
-2.344913427969 1.4229649870192 
-1.9296814917616 1.9053848255964 
-1.6152102846606 1.6385887362121 
-2.555154822227 2.0737768897193 
-3.0094212624191 1.619156916424 
-2.6322028907905 1.2543753808437 
-2.3023783864272 2.6851832900873 
-2.7172310831552 2.3856231315925 
-1.3963580021893 2.5245938651079 
-1.1139361145782 1.4353160209403 
-0.92609591666404 1.4628925361868 
-2.9111135637749 2.5721267875583 
-0.91257047282424 2.0724648097337 
-1.1280891897139 1.4577705629927 
-2.9694475292133 2.3040928180165 
-2.7654265439599 1.9256910791017 
-0.63318395405188 2.1125997487117 
-2.7806707976069 2.6422680232751 
-2.5305156840012 1.9449855098954 
-1.6853323821754 1.3125110114247 
-2.9688821959915 2.2083548184484 
-2.4921209047452 1.8965540587662 
-2.9486846611703 2.4808815445501 
-3.0739851032708 2.0785989041219 
-3.0561641101572 1.8809360942516 
-2.9343089327709 1.3085837368249 
-1.1919652600666 1.8476521230812 
-2.9460476038336 1.2992679886918 
-0.73503068083285 1.9771385583763 
-1.2730662959844 1.7907181500492 
-1.6008787792837 2.5795948539187 
-2.069705624454 2.3562967120499 
-2.539532299216 2.1638692769482 
-1.8982067666779 1.3916867623538 
-3.0832762664518 1.7987860054107 
-2.3915375985644 1.2273253605685 
-1.8674127752281 2.1642265952823 
-1.659939175762 1.295771738424 
-0.96344124406929 2.3955547019187 
-3.0581475139859 2.2580885097864 
-2.3017363708453 1.6956229071359 
-0.71565757681928 1.7766271419714 
-0.80327925579133 2.2054621749023 
-1.9212094230124 1.8867644684967 
-1.1751704432545 2.215405118098 
-2.8821435923867 1.3351127302407 
-1.9579224577716 2.5233009877426 
-2.6632848380432 1.863112695626 
-1.0947047146424 2.4022897764336 
-2.1441935001316 1.7733936463855 
-1.7723386139904 2.6509287039124 
-1.6622872295002 1.2777773910782 
-2.3090848408152 2.0168592163501 
-3.1434043206864 1.6774260693118 
-2.9854408065877 2.2547130219466 
-1.7873710448787 1.2954086200399 
-2.0432288446593 2.5697651074085 
-1.0584810356366 1.6991213664 
-2.6157039149027 1.8728698683057 
-1.3386188210204 1.3733447071847 
-2.1974739786792 2.025751004783 
-2.0634095919994 1.301710837703 
-1.8939315969398 1.978107566049 
-1.6299182606619 2.0212229188051 
-1.4922359255386 2.08873423449 
-2.8712784223817 1.941999770976 
-2.1606453119407 1.5605571415102 
-0.78705148778617 1.5659542545716 
-2.8451382996537 2.5344157478987 
-1.0659577326888 2.436575113808 
-0.74911449560569 1.8136229585454 
-2.9582531065325 1.6677617872191 
-1.2524240109602 1.8822780110577 
-1.7042080349502 2.3211959998943 
-2.8630017166083 1.397795746091 
-2.1405527818386 2.320189349277 
-1.3884685786176 1.5219530645485 
-0.89425770482809 2.5743726164723 
-2.5502407411661 2.4382488819569 
-3.0090709672905 2.0413735998619 
-2.0898442747501 2.5168282253634 
-2.7341992036854 1.5462722877542 
-2.3074240340291 1.2472666297138 
-3.1552780759495 2.5000269381907 
-2.8389317342305 1.225828513404 
-2.0963043080155 1.333838065232 
-3.058702671929 1.7352696889258 
-1.5442604443809 1.3706874171531 
-0.76706048981934 1.888333035115 
-1.9730261376394 2.0437941811393 
-3.1177437321101 1.6039984063368 
-2.881144868765 1.7017367495219 
-2.0256771720322 1.4300721206723 
-1.7404524499 1.7734478482513 
-1.0316396661257 1.9654334470026 
-2.55916594639 2.6795241269884 
-0.9314241030437 2.0697052180835 
-0.59819627484357 2.1393032005949 
-3.0178227861065 2.1170793432487 
-1.9475607853013 1.4528429356735 
-0.5611765874674 1.5261741164337 
-1.6859382994846 2.3130743020214 
-1.9660533877037 1.9786761508053 
-0.75248040212602 1.7893999345035 
-1.3135671344644 1.8125629946038 
-2.921188300203 2.6939637153342 
-0.8859303708484 2.6039922132995 
-1.4699468728693 2.5317208587862 
-2.4254684397032 2.2675933963707 
-1.7935692667486 2.2740373704913 
-0.78305418121533 1.437231956217 
-1.3101151461368 2.1847282333034 
-2.7527969901648 2.3967905330248 
-1.8217122129939 1.8425021367657 
-1.8535409822356 1.6748118001166 
-2.8423818861236 1.9701677512425 
-2.4363626677499 2.2157802520677 
-0.89958701746694 1.2481757778038 
-2.9617911582671 1.3405767564445 
-1.1774442144161 2.0060977744402 
-1.2991046037254 2.1315674215968 
-1.6489291674313 2.0554691358297 
-2.1613921179917 1.8490113231749 
-1.1247276081501 2.6730178053311 
-1.4623231505472 2.4234556768918 
-1.3873896452298 2.3668988120431 
-2.9926158303137 1.8343539509673 
-2.5054265103367 1.8799533785648 
-2.1027060076489 1.3844706848999 
-0.56244573914657 2.206928064186 
-2.9797709173251 2.6825105936519 
-0.74743093778656 2.581201822055 
-1.1566127325862 2.5953671559428 
-2.419775998798 1.4131658213124 
-0.9303389662898 2.1623734872151 
-1.462801259955 2.4121045896624 
-1.3099902930342 2.2940750914147 
-2.6169203806975 2.5474586981092 
-1.8410908603137 1.4712839184934 
-2.6986390797651 2.5157000839633 
-0.66083629986491 1.4905846420848 
-1.8532285347029 2.4192275143556 
-1.0586708115189 2.7024111672511 
-3.0536782388517 2.5331991504861 
-1.1487359926178 2.6588706980112 
-0.77494760916682 2.4784496499614 
-1.3503407257897 2.2221474426204 
-2.2112621109125 1.8183831906723 
-0.98246676770074 2.4902078463746 
-3.0962636767929 2.3874830050918 
-2.6340771056385 1.9539763163145 
-1.0995964358546 2.1289849486324 
-2.8946780906345 1.9389512680957 
-2.1452431354898 1.7573514770371 
-1.7619852118238 1.1860948376687 
-1.2556123960707 1.5041472333142 
-0.67144321733549 2.1641475319505 
-0.63390417789326 1.684942966007 
-2.6705697447721 1.2078629299679 
-2.392454581037 2.5096029520834 
-2.8085165803998 1.8011370382666 
-0.84172077268888 1.7043555898276 
-2.5844276031648 2.6667507040108 
-3.1477440742183 1.5447814546813 
-1.6087601355442 1.4321465634857 
-2.679105206389 1.8660083508499 
-1.6095620807585 1.4497424586322 
-1.6894883603774 2.5902822696125 
-1.3711670322017 1.3007386440227 
-1.7267670798612 1.6972817809648 
-2.7798823469286 2.6163238350639 
-1.2660876279187 1.4831228024624 
-0.87794822442378 1.249145451501 
-3.1883868322252 1.6227328147256 
-1.637549409198 1.9318841298998 
-1.5958523765946 2.6220233223361 
-1.3073549186085 1.9157722941125 
-0.6892086056886 1.2541808862151 
-1.1603475765832 2.5262457014046 
-0.61046131919406 1.757923463872 
-1.2599688918375 2.7332291871438 
-1.132317428839 2.0141684195998 
-2.3505469264194 2.044253063719 
-3.1581703595585 1.7983616038559 
-2.3481800023701 2.6290871542468 
-1.9454182991506 1.6274591574491 
-1.0110293299222 2.0990224518635 
-2.1032116882329 1.2929054546342 
-1.1015576369756 1.8243997034901 
-1.0820176409707 1.7198972193577 
-0.70999945594457 2.5787654545913 
-1.7797475624342 2.2574295153087 
-0.49832731676742 1.9766846141507 
-2.0416892837617 1.208358588771 
-1.0966984221043 1.9237434559329 
-1.9110413599736 2.568586310823 
-0.84003966618165 1.5628296813737 
-2.418481078811 1.260977104726 
-1.3556200973254 1.2394492501913 
-1.550924987845 2.579051773566 
-1.4067600713756 1.4148384773197 
-0.7082699566825 1.8861696382148 
-1.3619143279253 2.3981961824799 
-0.95879549420242 1.2132735575732 
-0.78416709864057 1.2565871338705 
-2.4030131834456 1.4362916158619 
-1.688985827733 1.5590680055083 
-0.64045045468169 2.7096410806316 
-1.025312635769 1.3835198364188 
-1.8803676479854 2.3344349438625 
-1.9855172960014 1.892084501424 
-3.1995132216095 2.4756582769986 
-3.1318683833795 2.2719388067417 
-0.64773151397213 2.23641511312 
-1.8263026097631 2.404030394297 
-1.3093935729949 1.3537903695793 
-0.51785799462451 1.4571607250332 
-3.1913454120706 1.5757556997383 
-2.412872356946 1.322689224469 
-2.8589973942258 1.2063319204316 
-0.81406810096777 1.6888343058356 
-2.8614571518151 2.1335155532467 
-1.8624459726351 2.4002288186347 
-2.365159465234 1.531477501129 
-0.73662620537484 1.8425824969319 
-0.80452920775181 1.3981823724069 
-2.9264500277699 2.5131593362399 
-2.0711506989565 2.068047091775 
-1.8377238398831 1.3889893902436 
-0.66369761102845 1.2192046901503 
-1.8970919155477 1.3665919137717 
-3.1302842514236 2.6920955264889 
-2.5200966641276 2.1706908859981 
-1.9183842819723 1.4718682542207 
-1.4556454699357 1.7013050892414 
-2.2096114505886 2.1904964223497 
-2.5691319176053 1.862759656467 
-1.7763945661834 2.0929039370208 
-0.73428928827111 2.2253721884727 
-2.9447155558731 1.2272168100504 
-2.8433495746001 1.7543971873024 
-1.1287640523544 2.3727928443445 
-1.4752665272945 2.3620204769459 
-1.4884484688963 2.6073743525223 
-0.86074524886149 1.4427575973753 
-2.4160903233161 2.1841960477373 
-1.9753674889922 2.5618276059002 
-2.4090410642179 1.3638753824722 
-1.9196138676402 2.596879317215 
-0.8570897991837 1.8430599287234 
-2.2074853865731 1.9317787468494 
-1.1773334291348 2.6120805570506 
-1.6274001253245 1.3139875461117 
-2.1045898287819 1.6565879955889 
-2.5843787180603 2.7343080603873 
-3.1806570399471 2.1528426716959 
-2.62917937589 1.3198755149743 
-2.9550726237314 1.4135266761917 
-2.8088976792663 1.4163106209482 
-0.9170490958054 1.9620005478636 
-2.6057714731284 2.3533386477061 
-0.94354536158898 2.0000873370535 
-2.2133481080159 1.4777380339549 
-2.5440159735484 1.3037639773317 
-1.0236531899547 1.6517936334644 
-2.4987200167082 2.5365886004195 
-1.6838681405514 1.2276359310511 
-2.0776584692019 2.5002811402361 
-1.9895744183359 1.9396016032405 
-1.9767783620001 1.4215851504803 
-3.0438874112992 1.2774862383724 
-3.1535935374281 2.5016626847128 
-0.76999119375884 1.8350612145378 
-1.7928305753349 1.757375764547 
-0.9385316217286 2.6662091091968 
-0.57394508372104 1.4157344681348 
-1.2266490205677 1.2970233906921 
-1.8976147442407 2.4838969855886 
-3.1283463062196 2.6966409831112 
-1.2445049202551 1.4344380772671 
-2.7291535744849 1.793257317448 
-1.4829967416188 1.9973858317759 
-0.95698458571549 2.2769121800577 
-0.79491036424311 1.8248668846789 
-0.54854324138523 1.4805713406221 
-0.84644614598307 1.3501807568387 
-2.8005470407572 2.1121520563443 
-3.1120808276354 1.2888892138852 
-0.9148686375912 2.6800104428717 
-1.0109642137918 1.3879755639455 
-1.5987163594767 1.2753693258108 
-2.8821854534469 1.4046631753571 
-0.82299683096567 1.7249172518198 
-1.0142394363627 2.1927217307565 
-1.9412118872579 1.9867346334415 
-1.7498603247744 2.1296926722153 
-1.2301685795231 1.9064483866278 
-2.861892014179 2.3844081654291 
-1.6727301847052 2.5723256788652 
-2.0036086291093 2.6850238566986 
-0.79745832858902 1.4188918120286 
-0.73756906659265 1.5537150518646 
-3.0406040498237 2.1355254555872 
-2.8413877517036 2.4297030398415 
-1.7890080947491 1.6556024164116 
-3.0846308168229 2.1542035859619 
-1.7889504999471 1.249259310065 
-1.4044329827631 1.7630460712516 
-1.595013248629 1.7357570289724 
-0.52346453366451 2.5921067667967 
-1.3045587756221 2.5087898533112 
-1.9855338085518 1.5274075638609 
-2.4130503720767 2.0577404716319 
-2.150162310444 1.2338132802504 
-1.5973879945566 2.7130879241226 
-1.2293197848266 2.4350910404485 
-1.4419681694735 1.3317206381047 
-1.9098602938193 1.469940700536 
-0.98540435101151 1.2430225280493 
-2.7367481695174 1.4278481351457 
-2.5940158309085 2.1259465062399 
-2.6350705703948 2.5509407227306 
-1.1316654013119 1.2937901574377 
-2.9544838929232 2.2097963411416 
-1.3611266216268 2.3348948963086 
-1.3773637534041 2.2192127190577 
-2.2508668854346 1.6053161710124 
-0.74668143273145 2.5433034394902 
-0.6971890020712 1.3015491421697 
-1.6392764469619 2.0187178967422 
-0.74648558143896 1.6258619248233 
-2.5769989676503 1.3090149765399 
-2.2582637160076 1.6563842260185 
-1.4708980825843 1.3242052230097 
-0.88511839687505 1.5282432735963 
-2.0384829656617 2.4343827492862 
-1.4489684691597 2.174549727061 
-3.1413902654557 2.2299371555669 
-2.8196417898882 2.2123595553943 
-2.0301380820482 1.4962119110973 
-2.6097500807487 1.3173219456024 
-1.793783063039 2.0177264156743 
-0.67636533490478 1.5043134350234 
-1.9637944249703 2.1905393602988 
-1.6713284349202 1.61626450404 
-2.8175076299362 1.5170541538044 
-1.9975316689765 2.6046386863052 
-2.0083844146071 1.7967103541172 
-0.63277193557614 1.9955191244142 
-0.63263395673533 1.8011899933514 
-1.2966937479735 1.2046508491249 
-0.98857981412872 1.8569930571853 
-3.1696450109759 2.1924390503667 
-1.4296112115695 2.3845166423509 
-2.2348023564053 2.0827533694904 
-1.1571774379898 2.097807521778 
-0.99310363041966 2.2448181094299 
-2.7588917024481 1.2168956381479 
-2.0450593688305 1.557430557486 
-3.0859762118185 2.5124768362517 
-1.2259383404425 2.0343564149004 
-2.3954670120187 2.2809776580986 
-3.0144920891756 2.0801772196119 
-1.2016455810418 2.6129498933411 
-0.74982838631251 2.4016360984602 
-2.7571332577682 2.0802404344794 
-1.2315037446756 2.4554284881123 
-1.864882450299 2.3195690247268 
-2.0789507464457 1.6862018273694 
-2.2758858266152 1.2197535745662 
-2.1060232951453 1.9623817596314 
-1.0339730372301 1.3067528724861 
-1.8222835116947 2.3000744948382 
-2.1899241311966 2.6573829346899 
-0.51904290144036 2.5361625472747 
-1.4014489819749 1.511153218813 
-0.68774596897585 1.8177849894022 
-1.4619001156233 1.7667435593001 
-1.5132813798383 1.5009828056081 
-1.3653720684868 1.211669828509 
-2.3174983118787 1.5680298399228 
-3.1131739318326 1.4459392379825 
-3.0314091411248 1.955115890886 
-2.9229556143737 2.2217979621548 
-0.98717978400509 1.2252331250954 
-0.84577314334071 2.0005053607048 
-1.8448408208721 1.5956105429104 
-1.1239985876234 1.2996072502224 
-0.91965675456624 1.2076289741923 
-2.0291545265949 1.2241811748076 
-0.78116159886012 1.2583062856195 
-1.8783205944446 2.2818295405635 
-0.52273191149076 2.5760423780119 
-0.75918784896734 2.0155045254063 
-2.9893349789338 1.7876685188475 
-0.72881799589995 2.4645308636609 
-0.63874958413172 1.5688059880635 
-2.2429464449661 1.9168865664817 
-1.5826138638186 1.4098207863388 
-3.1941521833289 2.2037325810281 
-0.87854516269465 1.2467100716068 
-2.8126661521933 1.2522219300907 
-2.7412335404576 1.3516377072814 
-1.1081519169784 1.6447978010377 
-2.3837621653079 1.2021581214034 
-3.1051196876933 1.4885205195447 
-1.0844002004085 1.3156419137606 
-2.6746375902181 2.0243221679892 
-1.7403974721943 2.0708695105292 
-0.68610753756726 2.4957508296417 
-2.0859893975721 2.0896458126229 
-1.6538544245933 2.1374547905633 
-1.4715871980203 2.4775043237205 
-2.7184086795002 1.4026198737404 
-1.2295207015836 1.7155741785318 
-2.7360560239497 1.9040581001502 
-0.65068862509196 2.3626810989553 
-1.3021309009863 1.5038377288501 
-2.0585566905739 1.8322709832836 
-1.5692990037184 1.4090761755071 
-0.64057879532937 1.4568736932609 
-2.9301943043842 1.2593366863077 
-2.9434015157473 1.455386219515 
-2.858989538336 1.2954573817228 
-1.4730199531325 1.314417087943 
-2.8750246482841 2.0700579138162 
-1.5946752038661 1.2710089536722 
-1.4739240056826 2.229775511186 
-0.80363754202165 1.1911804080586 
-1.2032443025592 2.1501629609879 
-1.6481772118381 1.4230254087353 
-1.6407989350535 2.4214725341543 
-2.7966993265522 1.3083470677463 
-1.9681419852628 1.3187538785348 
-2.2388137375649 2.7086117842357 
-1.1691910419366 1.2394312994116 
-0.85805147137231 2.2705014232892 
-1.6838492767672 2.5658594062576 
-2.7531968362628 1.7141956035716 
-1.1063759357588 2.4878874636176 
-2.9452955992339 1.2053468918796 
-0.96722823142998 2.5669258405244 
-2.1740917759002 2.5201355929026 
-2.8106772522472 1.6452329652852 
-1.5602105191977 1.3048729171201 
-2.4252668666968 2.2423390461165 
-0.62537893110023 1.5469125054405 
-0.76917703473221 1.4079081540727 
-2.8866218300144 1.6487524553002 
-1.7660822918024 2.3279936981773 
-1.5321785638136 2.636878155259 
