1.5256367684727 -1.8387486990768 
0.00084443984692162 -1.2002696222944 
-0.29154795210558 -0.61519116250955 
0.81155535687476 -1.9711811421525 
0.95726790700151 -1.9289372294113 
1.2002696892464 -1.3942705313725 
0.17771087211998 -1.1149736535629 
0.14048688397578 -0.59090506573005 
-0.42369169222405 -0.59099697879556 
0.23617167074381 -0.43192831724207 
0.99405490403403 -2.083024056311 
0.14995587715208 -2.0679081291106 
0.73844587418285 -1.0494764207944 
-0.41278314540287 -1.1097364712185 
1.6324273533868 -1.280248182565 
-0.037431698078203 -1.4560791170439 
1.3554559288253 -1.9381627904126 
1.0219694605299 -1.4163311795404 
0.13307419661869 -1.6531244663517 
-0.48359405177047 -1.9926081215863 
1.2712600048472 -1.4280170104489 
1.0473809969905 -1.7687462710416 
-0.42757423136711 -1.6568073749669 
-0.45306673696174 -1.4263939604456 
-0.35915357261837 -1.9407724417114 
-0.67755685987835 -1.8479460910763 
-0.37479164896469 -0.58467730458044 
0.85393910364414 -1.4870082367992 
-0.16531118824431 -1.5484617119522 
1.5925380407237 -0.72844687336504 
1.4387894012943 -0.68953043239474 
1.1448778760692 -0.57341726125247 
-0.34760861341849 -1.9156885385281 
1.7902439443629 -1.0103656244716 
0.93945215974366 -0.83537939705495 
-0.43535528909281 -0.52730747939781 
-0.093624992015206 -0.75238170582919 
0.77126323139901 -1.520691998763 
0.29679562437883 -1.1544532432318 
-0.67312312085634 -1.976904917072 
1.1991926213177 -1.0515936495633 
0.59021354279327 -1.2601569609799 
1.3962720198965 -1.9013959951033 
-0.053713475101705 -2.0018751425254 
1.7487851901787 -1.960940736912 
1.1721124291159 -1.0976376964864 
1.4766055103748 -0.43848284075485 
0.48149990577438 -1.8076567711923 
-0.49942793079967 -1.1930737320292 
-0.067236110491593 -1.3627128623085 
0.79572151341233 -1.5421801960757 
0.75267217548049 -0.76594621782175 
1.0195879772619 -0.38448697485719 
-0.48137351583843 -2.0458593614505 
0.86996329067832 -0.50009449246949 
1.7644433976768 -0.73636817720076 
1.4161975136277 -2.1584708538834 
-0.52838603868417 -1.9964699598863 
0.86680563868164 -0.76306004636474 
1.2202383576066 -1.6114610171673 
1.7006268630274 -1.4473501476201 
1.7874778948002 -1.8276023021635 
0.39056184219406 -1.8878729354659 
0.8022329549707 -0.91157357560596 
1.2681006392442 -0.6044426395657 
0.24096524992063 -0.92765306373638 
-0.49209147643781 -1.189693470252 
0.71768743015726 -1.2577653587238 
0.45873935582572 -1.1034329807381 
1.5182002537185 -1.8464383959715 
-0.43546126393627 -1.1245338515124 
1.4388130198693 -0.53923717335678 
0.36135170771672 -1.0432197868643 
0.55028381922287 -1.1060635411007 
1.5923558932013 -1.9324257493149 
-0.25791063968651 -0.67530307172961 
1.1882751088699 -2.076594652566 
-0.32364736243178 -0.59752792631783 
0.24074242853586 -0.76969705846601 
0.21070147942886 -0.81188311380785 
-0.048541008881142 -1.4309764861641 
0.27998259957307 -0.67736499202981 
1.5230453756361 -0.66896427023898 
0.43254859421942 -1.0912602689023 
1.5350556098996 -1.300288949284 
-0.65738671220941 -1.2179805230688 
0.73353850358881 -2.1562555760766 
1.2711325644573 -0.71021558543835 
0.54133964663408 -0.96370562370097 
1.4436435317819 -1.0529740345729 
0.77050444628358 -2.1399098412838 
0.85405407605551 -1.2768100537221 
-0.56467997618237 -1.0665578488037 
1.3027934414396 -0.88517013732513 
0.012110759323538 -0.69233147238439 
0.55571403852296 -2.0086973792987 
0.031847129545865 -0.97810393288341 
1.5372528916297 -1.3308231245116 
-0.12223993696384 -1.617932272518 
-0.25495030610897 -0.53122362335667 
-0.30408975509232 -1.1156936997937 
0.12401974985016 -0.6102884006631 
0.54366678672259 -1.5794457958395 
1.3065551376234 -0.53449441687952 
0.67040931851607 -1.3736939226327 
0.6969222363357 -1.0950421413579 
-0.3719661571571 -0.70886285278939 
0.68859578689953 -0.40568362105577 
1.652147601743 -0.47920412430693 
1.6511882640052 -1.2283420082658 
0.80391225144127 -1.0594583848691 
0.25466175848603 -1.2623324544536 
0.17952834221275 -0.9174437175635 
0.2598580876714 -0.55501869979084 
0.021257449032598 -1.2163944734113 
-0.6185929830861 -1.2208518948978 
0.96566202552805 -0.42327444433128 
1.0284843898369 -1.867924017857 
0.88535107590946 -0.95879649668663 
0.13107708061132 -1.1470857161038 
0.69891779129001 -0.95605494717992 
1.7304340464129 -0.64071956946319 
0.1486915799305 -1.0817253706529 
-0.34719377956874 -0.739338380878 
-0.27924284217038 -0.40732696063982 
0.69846073016587 -2.1310587822524 
0.77190634371871 -1.4734608455722 
-0.05841627132884 -1.0612326000575 
1.6107175551186 -1.0435868407201 
1.6538995691951 -1.0507194073944 
0.040429254086607 -1.0118046588458 
-0.20362179420069 -0.5719503288201 
1.5229959600022 -0.85689605772894 
0.72478171786723 -0.90442270789361 
0.17899277130355 -1.4728561048271 
1.3773881062648 -0.65618497064685 
1.0303152014256 -0.71269688427993 
-0.55760722528925 -1.9042457479047 
1.363481539944 -0.98695309552334 
1.4344069377383 -2.1013745683636 
0.62085871151238 -1.5218952370299 
0.60976690404982 -1.2986149025589 
0.027281406444557 -0.56638533725245 
1.0079458105759 -1.198081773756 
0.47065700451913 -0.74759283606682 
1.0583494135034 -1.9661626693119 
0.89878465340366 -1.5212248973114 
1.4043843503662 -0.48497088460398 
1.5679140370863 -0.49558829897375 
0.69007802553889 -1.5776467814932 
0.49229770623086 -2.0926162062486 
-0.39592172590192 -1.3393011295833 
0.7379770413328 -1.2551826459 
-0.57651169385573 -0.69891194620473 
-0.21755690527239 -2.0610485393667 
1.1106755805235 -1.1507110282481 
1.2729594174849 -0.70764894150601 
0.65805748238292 -1.2561605576567 
1.7320000274072 -1.1638119722673 
-0.11340863121342 -0.60976575533251 
-0.042304841397963 -1.5909299603042 
0.38129647864947 -0.60977033076951 
0.48792937917497 -0.70933596831809 
0.43097900537272 -1.9735548599112 
1.6211283283307 -1.6267610152624 
1.3881229061737 -0.7157660915997 
1.399985648354 -0.69833535443368 
0.83517901907104 -1.6813334045774 
-0.25502524811326 -0.4132269721087 
1.2272621781368 -1.6170814670062 
-0.15467090699133 -0.40364050452871 
-0.45436606320336 -2.0402218786969 
-0.53584096992147 -1.3617001928024 
0.56123336094882 -1.2750758313705 
1.7666987590625 -0.52881456420834 
1.3661157724741 -1.2943646889197 
0.4948532515123 -2.1218640480864 
1.0835452792094 -1.8101657536759 
1.7500052506435 -1.9384813708296 
-0.20894491798261 -1.5856148879257 
-0.055154192848713 -1.1509286910345 
1.3036564030895 -1.4055801648804 
0.25942457823529 -1.4527268069675 
-0.13158191280771 -1.8293673709291 
1.7741847438397 -0.78090754404266 
1.3374138627136 -0.92605402953276 
-0.59766098906921 -0.44261664005141 
0.50479205961263 -1.5984355344748 
0.59797039913618 -1.3772553504477 
1.5840711679234 -1.9763045819237 
1.3010524324877 -1.2624219648532 
1.2197259581489 -1.6112649227868 
-0.53256623796663 -1.8762821748016 
0.80313538643192 -1.5122922381402 
0.52618947389731 -1.7224757692887 
1.6177339295238 -0.48615162489 
-0.27300925084107 -1.458547089558 
-0.20209418772687 -0.78508690229257 
1.7827644404627 -0.38418598567345 
1.5516681246597 -0.80010515380157 
0.22129906116739 -1.8899774789704 
1.4054366369208 -1.8767434303636 
1.7090474669915 -1.7664914540014 
-0.28637739358907 -1.2282039266033 
1.5912473507459 -1.1277496827526 
1.1736194889765 -1.2162401854098 
0.75756131122954 -0.4155621162909 
-0.64147574016136 -1.5528290076988 
0.31858503960509 -1.2215637141471 
1.4807811766291 -1.3787565949886 
0.05618753874546 -1.5350575640398 
0.86550772061292 -0.8199163660296 
1.2863139297387 -0.66020614098911 
0.0069298472143535 -0.71347942851624 
-0.29520164449465 -0.39849112120569 
0.19753301763929 -1.7562988937267 
0.61873760874935 -1.7843716160272 
0.88886849609645 -1.3183962504415 
0.97744999460486 -2.0018359409355 
-0.020261061821404 -0.86227156947308 
1.3978119469579 -1.5569990575016 
1.7455926286304 -1.7559834244021 
1.4526896963891 -2.1550112492849 
1.4273676480256 -0.50966379138528 
-0.41174870699707 -0.47441371479785 
1.7412686912884 -0.43153120039953 
1.5913154964372 -1.7303878961642 
-0.60886913347685 -1.3658437732163 
1.2835461029147 -1.2935487946613 
0.78980298814173 -0.46192740091663 
-0.6823291908767 -0.98494256754317 
0.98723188570271 -1.6316271950235 
0.75589049731997 -1.2525919331516 
0.80705086874962 -0.84456426708956 
1.0008504647643 -1.2076975028176 
-0.11177401143 -1.5184878661182 
1.3624701156741 -2.0683219408411 
1.2769180298426 -1.2227371203896 
1.287823376126 -0.61113796562386 
0.36936763811319 -2.0597277839519 
0.22492560108073 -0.36949435239521 
0.12612630460089 -0.60323746319323 
0.23992763746472 -0.4603500140543 
1.4956069619271 -0.93403761271565 
-0.67634955690307 -1.9330089893928 
0.06776332663661 -1.0649212269218 
-0.025920440878063 -0.6859755583631 
1.4087779212827 -1.1025224948607 
0.19361568272751 -2.0220730607785 
-0.65077994577615 -0.73712979229745 
0.22573888962356 -1.0182399350446 
0.053506741577149 -0.41882902164978 
1.3565780736747 -1.3766562456019 
-0.67740168298425 -0.73578321681393 
1.676711884431 -1.8635116116412 
0.47921436931228 -1.2867253724838 
0.51285092741536 -1.9901416374094 
0.58117682826352 -2.0795050794021 
1.5996647499715 -1.7124517033497 
-0.50067624585816 -1.2013071783067 
1.7769213455926 -1.6626460165307 
-0.42021324042302 -0.97196799160296 
0.86183394411769 -1.8658059609246 
1.4943945797296 -2.087138998629 
1.62659302726 -1.2161503325816 
0.43755631174908 -1.5356647886336 
-0.39704113570586 -1.4973767882777 
1.456139483881 -1.1791652918788 
-0.61069677677867 -0.62185743646806 
-0.41667999059848 -1.529915252311 
-0.34050663420736 -0.55190447429784 
0.49046667409045 -1.1783642174545 
0.19954110154879 -1.8460967845394 
1.0960597285351 -0.55333370386966 
1.7557661510972 -0.60935640604398 
0.69812446725139 -0.40189209306655 
-0.35499869542374 -1.6470778135725 
1.0772940020869 -0.70144359210617 
0.23574603163372 -1.7577115228508 
1.5914992995155 -1.9270568421531 
1.4755847591575 -1.0237178339008 
-0.51026869556513 -0.52019649666939 
1.3084846674169 -0.85670549510523 
-0.016513355442947 -1.2229120843723 
1.0167613310518 -2.0712213148231 
-0.35269511228662 -1.8525729001244 
1.380140790667 -0.90217607648029 
0.79763083145189 -1.5548967663591 
0.57904063711148 -0.64522614330564 
1.2998065930934 -1.7453835419518 
-0.13526336274457 -0.39590814517711 
1.3553905677219 -0.78968247147481 
1.4389381609819 -0.51910919847324 
0.7807084621946 -0.41789119671478 
-0.54899605906418 -0.4365939617841 
0.19055655789817 -0.46897185962637 
0.98453950830698 -2.0587759958489 
-0.16643606100679 -0.63881341724095 
1.6623067852108 -0.76197279664541 
1.6698588995821 -2.1291936774922 
0.8384562396497 -1.8800006374424 
-0.43309538368259 -1.04426194154 
0.35683276273256 -0.84277636796945 
0.97198888448816 -1.4973219081911 
-0.061941731383462 -1.1399365021908 
1.2357472127221 -1.9927286120039 
0.93338175642538 -1.8222942581518 
0.60407412612189 -1.1674076848977 
1.2810560877221 -1.9976550082706 
-0.64136799196023 -1.3354136409187 
-0.25086585733216 -1.4348220292984 
0.33260760751077 -0.58446578127745 
1.3864826455884 -1.7039832638681 
1.3937833146705 -0.98870227156164 
0.76034708100442 -0.91039837888814 
-0.34610555933503 -1.4955221613606 
-0.6652879985252 -1.8981514852532 
0.73808666161144 -1.6660265383939 
1.4195427112682 -1.5497536221978 
0.073054546265961 -1.0724229092469 
1.7004983625972 -1.5406530655006 
-0.51126387433069 -1.4129911485167 
0.94515299821931 -0.76509256729197 
0.53944166382251 -0.63593557231873 
1.4277472795933 -1.5885245111697 
0.87120694639341 -1.4464522315876 
1.731588976497 -1.5903426736846 
0.1646877282198 -0.96304139142238 
1.0280928119254 -2.0341675173035 
0.13855476555133 -1.8537375951721 
0.55472863764316 -0.41524434757073 
-0.35590680710187 -1.0015969068654 
-0.2988477757532 -2.0805376194864 
1.0777810278072 -1.8997182137064 
1.1383332665335 -0.92237931751559 
0.91353734148455 -1.9342541105963 
-0.44985854152279 -1.0251601961506 
1.2289725977859 -1.6436613759163 
0.19538563057045 -2.0674188431982 
-0.42308187124447 -2.0851413158197 
1.1818997656624 -1.9024323236918 
-0.55291493169079 -0.86052584848009 
0.43696653434662 -1.8337448200708 
1.5445371123922 -0.72259944562509 
0.76180048697167 -1.8371015654231 
0.2794791891192 -1.4919439248822 
1.04108347619 -0.91790476250546 
-0.31902137643169 -0.50846172149527 
0.18620851942638 -2.1235856467208 
-0.51251407082287 -1.6133689179707 
-0.40602059007575 -0.61642316780028 
1.7281475823078 -2.0231809556671 
-0.60365668387606 -1.0132874230366 
1.2477597135741 -0.82493129631951 
0.14607217665405 -1.2921757141922 
1.477030450572 -1.165354844814 
-0.13803211287088 -0.48702559299081 
0.10307894568672 -1.4142328964443 
-0.63721694914151 -1.1049762005837 
1.0526237443024 -0.88592787053922 
1.5602731576876 -1.2453874743015 
1.6087802033318 -1.2361922179097 
0.35111403311097 -1.4961617025675 
0.66976234957057 -0.44955913954789 
0.33878589263076 -0.9154373692973 
0.56062812724141 -0.70472557975902 
0.3926135754042 -1.0606134568855 
1.7459395658754 -1.5180042456922 
1.6569972467864 -0.86618816896891 
1.2373822012493 -1.6882669796621 
0.48123419855995 -1.7573526776303 
0.04760876591948 -0.53640914757491 
1.4497955006168 -0.37718482851344 
0.73548745541772 -0.57271144199421 
0.46202256827418 -2.1529865639875 
1.4437116837336 -1.4661247180066 
1.278555189232 -1.4623200401114 
1.6764576588287 -1.9770137788785 
1.7649259639709 -2.1240731256551 
1.0448530172782 -2.10469350349 
1.2017730663154 -1.2370642820634 
-0.41884774981319 -0.5782779737682 
1.7221403077175 -1.3219183009852 
1.7598266708291 -1.7916213656321 
1.24002063743 -1.9170448011282 
-0.5570201158187 -1.4595162042271 
-0.15718175857909 -1.4375031466617 
1.5736537053545 -0.4824782494564 
-0.37323259346567 -1.4007240419918 
0.31764685931564 -1.8274141194624 
-0.48795892684915 -0.61517468766741 
-0.18131760554872 -0.66769845106132 
-0.59427277517217 -0.50473010216929 
1.4086277479233 -1.752636561554 
0.56572746848903 -0.70931029174533 
-0.073990719589528 -0.84542756309557 
-0.12575951230946 -0.39369588551085 
-0.24744775287747 -2.1044860786362 
1.5785225374 -1.4236981941398 
-0.46557248627448 -1.8104787094269 
0.043710435305035 -1.7979965672705 
-0.56637842740898 -0.89689182195975 
0.69554606163306 -1.1889574397924 
0.21802250126445 -0.70998165288253 
-0.14834046099873 -0.70180071610585 
-0.10273225366833 -0.42095033595067 
0.037640231304066 -1.1581571244417 
-0.5567340519639 -1.8664698925703 
-0.58010402389836 -0.71551176639935 
0.67904059254641 -0.650846592156 
0.20911890681622 -1.4110558225719 
0.027894003974047 -0.6847475179831 
-0.4399127732026 -1.174067953561 
-0.18781803089647 -0.63881816469357 
-0.58628530009607 -0.46674683779038 
1.7447911108383 -1.3204074620582 
-0.43888884327847 -0.52233762652786 
-0.63009296469259 -1.3210989228459 
-0.18451605303361 -0.66874133418747 
1.5251403045452 -1.9893629886056 
1.4154643700957 -0.71067932516337 
1.0769960916385 -1.5160121568879 
-0.12151726356367 -1.6900471066363 
0.8769782973753 -0.90660004121094 
0.80688014385939 -1.3014582028103 
-0.47403619397636 -1.1643540582943 
0.23711613387064 -1.6467208327495 
-0.075434484590839 -1.6681435277127 
-0.3021798502398 -1.3730846371104 
0.5658552687841 -1.5947630135484 
0.73560714512798 -0.68160947760537 
0.33738352793991 -0.61729803877188 
-0.060185211651474 -1.1704816637663 
-0.067483913266691 -0.88691822104687 
0.67705920299559 -1.4053984359492 
0.53738400574131 -2.0803270856394 
-0.35268344034518 -0.47161820592737 
-0.24159706032996 -0.92869125029267 
0.88964674000861 -0.86346765263334 
0.079311449535799 -0.62770687416373 
1.3163894565402 -0.67318996698529 
0.48484731663422 -1.3688371089912 
0.22837331892566 -1.688264730147 
0.32978726936222 -1.0909112605232 
1.1772119659815 -1.4162462582268 
-0.20187697087002 -1.0627275073291 
0.66132905142309 -1.0962812055654 
1.3067664727291 -1.4309731630636 
1.5259479733921 -1.2021672378683 
0.75246146706406 -1.9634566102535 
0.99009030353865 -0.63847692435704 
1.3991577246881 -0.61802204895521 
-0.12745964318303 -1.3831667496904 
0.86108724071656 -0.93689467487313 
1.7274334941214 -0.48977357419292 
0.62454448985107 -1.8008352279703 
0.20511347046815 -2.102650552448 
1.2013260496719 -0.39004415451855 
0.34180537846393 -0.71848798218375 
1.3930711502809 -0.93191135397223 
-0.0073271638154428 -0.8406393633052 
0.44619895025319 -1.8037541942102 
1.4686441109825 -1.8107805776152 
0.37288674536327 -1.0161286902106 
1.2418760715764 -1.206095072178 
1.0897503591052 -1.7243760196164 
1.6699359386637 -0.51102179197093 
1.381430523942 -0.70968854846718 
1.2675492037762 -1.4554031314934 
1.4228228863964 -1.8143538755576 
1.0694609300043 -1.5669762702527 
0.35573749653516 -1.3941667363566 
0.60920631751755 -0.38703248586515 
0.5955348130652 -1.3541442534265 
1.2789766542402 -1.3168782633471 
-0.53918061597062 -1.0688459375025 
0.77674776556782 -1.645641400251 
0.2893179765169 -1.741169509121 
-0.074147175784529 -1.1170646472889 
0.26725899710881 -1.4631908236014 
0.8964678439897 -1.4004028998854 
0.636471133232 -0.55815014206662 
1.7869945300176 -1.6970849792925 
1.749674924927 -1.5392226953356 
-0.56874597851701 -1.2598465686357 
-0.45157654298565 -0.69963242996282 
0.49672030145375 -1.8273933416145 
0.18755592084046 -0.94319648986727 
1.7069810037438 -1.3716754645394 
1.648136141075 -1.177121426325 
0.34210874489735 -0.54503359492872 
-0.0086767173477407 -0.79507654627812 
1.4717159996601 -1.7372535726729 
0.44153027204398 -1.6530492609169 
1.5060676771044 -0.5159840972269 
1.0439902276069 -1.2918306523004 
1.6528737151094 -1.6537538226498 
1.4644273414179 -1.9370427582335 
0.79953021159912 -2.0360327939422 
0.38584201651011 -0.94426698802202 
1.3476525936776 -2.0027390336417 
-0.083014437968995 -0.84277275687161 
-0.12064937736033 -1.1254121647418 
1.3469107401619 -1.7887724245221 
0.88549909036972 -1.6422089704555 
-0.162692125849 -1.5409890779906 
1.4577671793225 -0.70973997961585 
0.76251002897642 -0.37033583590971 
0.030553124432504 -1.5668377277897 
1.0043033152296 -1.0064792041056 
1.2610586443354 -1.4122506163597 
-0.53646153786817 -1.9080225009362 
1.5476596482101 -0.48072023362388 
-0.56391347391966 -1.5193312462835 
-0.61416624494788 -1.801570346089 
0.51114974914903 -1.0640955705832 
0.92189991163044 -0.84808146511664 
-0.61859863623805 -2.1238623670766 
0.42934781859091 -0.38878793784145 
0.95595760559523 -1.6605383171131 
0.36985780777647 -0.72438354540769 
0.60600106261368 -0.98214005031815 
1.5917100680784 -0.63684303752089 
0.20598535889862 -0.70807387520135 
1.3560613564628 -0.51215104179333 
0.49491820463674 -0.62275454310667 
1.4443543035111 -1.8791006992415 
1.7604330603772 -1.8725401038221 
0.92803461088116 -1.3939728474975 
1.4602167300145 -0.63268537166791 
1.4090636960277 -0.50252237717245 
-0.12204856152972 -1.3246585609681 
1.5795286883593 -0.81757463347997 
1.5846398544117 -0.82954560502827 
-0.099963625476236 -1.905707383644 
1.7659011219693 -0.87183280749575 
-0.19846836308965 -1.9759660409503 
0.64785573025864 -0.80482571067016 
1.2893221458437 -2.0171105842864 
-0.42966023891164 -0.52984975288763 
1.6044977128589 -2.1256175055698 
0.65262134992718 -1.0640374056159 
1.0700360903133 -1.514019265789 
0.20235024324695 -1.1299299743243 
-0.014989309684171 -0.62476054787929 
1.6734694476316 -1.4741068907396 
0.95457571509031 -0.65866781728612 
1.7309709942589 -1.7319736086936 
1.1293222580299 -2.0255366176927 
1.7114983658758 -0.53070481570213 
-0.21538313104428 -2.1468896896014 
-0.23429547543251 -1.5768719173447 
0.41595210330189 -0.42172313243118 
0.077240138007829 -1.7313059630599 
0.9620307162218 -1.8886937806161 
1.6416280868186 -0.90168383333331 
0.99222915068691 -0.41792652027168 
-0.23303581193357 -1.1244429197805 
1.5449735112548 -1.6235340171372 
-0.68241040489523 -1.9800771420967 
0.59209705791377 -1.6557902845964 
0.9623495780348 -1.3590748386908 
1.3845283240921 -1.2407364944477 
1.5385804247943 -1.3821412988441 
-0.48627793042717 -1.053064474264 
0.64025321535855 -1.2068801878799 
1.2896771380888 -0.90962304120684 
0.69020222205076 -0.6777589444307 
1.4890373200953 -1.6905356415495 
0.012363478666562 -1.8752773522731 
1.5838567826379 -1.9805533437429 
-0.58699225771736 -0.5149180542708 
-0.3570412458877 -1.8031897033756 
-0.28645635112208 -0.88856440530027 
0.49736630515408 -1.563943032424 
0.38668757632955 -0.79547410625131 
0.11014593754636 -0.69822942372059 
-0.33229254082324 -1.7096688734258 
0.2495003014919 -1.5967819588204 
-0.49734203566105 -1.7774539379205 
-0.67092847790697 -0.73330141876861 
0.67154646676635 -1.668821872671 
-0.50002992188506 -2.052250016232 
0.84435242562219 -0.74373983381341 
-0.25988516557647 -0.39187231501441 
0.64625822802892 -1.3805265890079 
1.471741136279 -0.4488540365762 
-0.15859004314016 -1.0387819969123 
1.641184305435 -1.8441306975641 
-0.12941611089109 -2.0960424147834 
0.28365819394503 -0.88754745738836 
0.094818109310334 -0.79667712933295 
-0.46181153511836 -2.0099259927588 
-0.23710965823361 -1.6350658443622 
-0.21738043032082 -1.5046135570022 
-0.54435213243455 -1.9784652129101 
-0.51707823210826 -0.75681945166436 
-0.16606106512589 -2.0347913504321 
0.82597315522774 -1.1159600895275 
0.35259537825197 -1.8203771136933 
0.72822006260835 -0.52641725804136 
1.7797095055616 -0.67955951984713 
0.57306765426227 -1.371427500226 
-0.41387831896315 -1.005253365039 
0.040787076385795 -1.6950373788172 
0.7969354625288 -1.6198911525858 
-0.30875356787776 -1.0536773308976 
0.79792863364746 -1.6454163161512 
0.98247124565755 -1.1945205314928 
0.71360594627686 -0.71375653601593 
1.6650474250731 -1.8857012357953 
1.1279652210153 -1.5006833228515 
0.10177660476576 -1.968286473206 
0.91471172592918 -1.6626913104547 
-0.65558127936713 -2.089609342972 
0.46391378300293 -0.75588579413033 
-0.36445022694174 -1.5554895984957 
1.7180311175249 -0.76527347007988 
0.92741036031861 -1.6313881781473 
1.0660689602263 -0.43330421870284 
1.6223291203226 -1.8751732421942 
0.51019788490599 -0.64479911546025 
0.06686384930555 -0.48192802079322 
0.35581087335451 -1.3515555480635 
1.6353180814012 -0.62350304375209 
-0.01661482285125 -1.222941928748 
-0.27449240625851 -1.6613741289452 
1.7517283580451 -1.1559130802744 
0.57222662954549 -1.0892009932704 
0.98669887257229 -1.4863091515855 
0.82401285361489 -0.47301927604623 
0.50265376875493 -0.66704168620381 
-0.084196794465573 -1.2252335577948 
1.2542128623624 -1.9234904071371 
0.11569905665387 -0.72883410070228 
-0.46826109227157 -1.1039416645094 
1.6776973468241 -1.927365080864 
1.0368425828359 -0.53675702339721 
0.56364177792997 -2.07860566295 
1.5175716684912 -1.8404168056548 
0.79495452313937 -1.7911773907953 
0.91417580742858 -0.63152111954172 
0.61867788520116 -0.43989279996275 
0.58349431467588 -2.1190230623035 
1.5578031489539 -1.4424350625244 
1.3054330354052 -0.5525121973244 
-0.27514034961093 -1.0053397505681 
0.29726251063497 -1.7016831597194 
1.0069942035546 -0.73787915361021 
1.2603435360548 -2.0137088881305 
-0.38406586178853 -1.4701128560111 
-0.15874500161896 -0.50562874883619 
1.0187678512216 -0.83205913352116 
-0.6728885924751 -0.77917974833335 
1.2092811502282 -1.1993639199959 
1.1562044531182 -1.0616788727102 
1.0382765258452 -1.8434150090506 
0.91528531883347 -1.0152272914265 
-0.13857699738832 -0.86548237976672 
1.0894039031602 -1.3804146406211 
1.3374651021569 -0.55357231373534 
1.5737566540501 -0.45940944383364 
0.60955968574972 -0.68081695777028 
0.48989799298891 -0.759413421164 
1.0376921802776 -2.0010773440075 
-0.32654097329328 -0.48275395314891 
1.4065725967153 -1.2933431816534 
0.87897743530241 -0.73909428727325 
0.39002589576893 -0.92207320638382 
0.81761897070939 -1.1483391695666 
-0.67632546596904 -1.3930889141852 
0.83311628889973 -0.58463595046317 
-0.00038157279949003 -1.2339949290774 
0.8085686333364 -0.86437413106392 
0.9874711243796 -1.8658130708895 
1.4954036511573 -0.76716076126443 
-0.49098747615344 -0.44732247993565 
1.7001641143891 -1.2010759851811 
0.59270132737049 -1.849715765691 
-0.30368054522289 -1.5555525163529 
0.48007665192148 -0.92629513177802 
0.75630415438221 -1.0760230913325 
0.32335179648498 -1.5495968326011 
0.12818644675501 -1.4436093154549 
0.6780613240284 -0.97294049169252 
0.33510583610838 -1.0324508833642 
1.7722254830448 -1.2875178697852 
-0.52549355907974 -0.6908181434828 
0.75274737063875 -1.7960235510809 
1.0604285868675 -0.62723523807112 
-0.075879699891616 -1.9246018459499 
0.89330841070898 -1.5177217606037 
0.3610695832055 -1.9107509606519 
0.36927079613078 -1.3329134098925 
1.7632471835959 -1.0955413707259 
0.13639124452054 -1.3976125973239 
1.7313349547401 -0.66969941263553 
1.7632291509677 -1.4570405150408 
-0.25658584007773 -1.8047989847792 
0.79111819985198 -1.568988674624 
0.86285390414231 -1.2412066440457 
0.72210127202936 -1.9862275486665 
-0.38055432345108 -2.0603071491397 
-0.058241704691467 -0.65867856317774 
0.51046523425829 -0.53721954918349 
-0.43547009189047 -0.91956476613959 
0.085209614500094 -0.88377646723414 
-0.15606621773881 -0.4525790760011 
-0.67065799136037 -0.78849408783296 
-0.28166304657586 -1.6829373348973 
-0.29496730023601 -1.8686505060174 
0.027326909806098 -1.5399385346253 
-0.095275441692381 -1.4152100716168 
0.84932188630529 -0.54303344833557 
-0.6837167571977 -1.9761839940455 
0.57056297553332 -1.9358849958665 
-0.0038670474639433 -1.0521327037708 
1.3522786158585 -0.7130469542642 
-0.67366650370302 -0.75245584829667 
0.55070169721173 -0.43985695968455 
0.99443618782564 -1.2951818379743 
-0.67598486249495 -0.41670190735534 
0.55395800185392 -1.6937875289596 
1.5832144181399 -0.59488183141414 
-0.34159359494792 -1.0264020288601 
1.1930353475228 -0.92115072946613 
0.78048435875367 -1.5033588605177 
0.52633523037246 -0.7303839314478 
-0.56919668060464 -1.9678035745249 
-0.20131219822905 -1.8439374461363 
-0.28464144730246 -1.8297522906899 
0.79529620302731 -0.64667361069806 
1.0332627076282 -0.56932213727215 
-0.25753589588886 -1.049140848046 
0.13392176706401 -0.68865453564759 
1.0489379033414 -2.0290473473138 
0.71697230191656 -0.78999695085549 
1.1111770535447 -1.3518534396359 
0.31141229961756 -1.7265600722124 
1.2871310940494 -0.74315295969842 
-0.60318187330868 -1.5609533379475 
0.088811554189658 -0.67921228722704 
0.50931495705039 -1.4282193771513 
0.62590114724133 -1.9568454983505 
0.41688651254511 -0.8050890447645 
0.28412997582341 -1.0364328703058 
0.67412693764605 -0.87083129637031 
0.33650430754895 -1.6522685895256 
-0.60597816283985 -1.3369095936058 
0.82686091208391 -2.1347472941587 
-0.14891276666595 -1.1321437524117 
1.101310090705 -0.76702433678629 
0.32139740739432 -1.5156924254281 
0.25580480261109 -1.4310719409387 
0.76127171231524 -0.52307942884963 
-0.092518525291021 -0.58158948742529 
0.65585474437216 -1.3953026759911 
0.15082502361169 -1.0924182419421 
1.1328056488057 -1.4894252919255 
1.4826395459737 -0.79248110876884 
1.2434650479097 -1.86713708982 
-0.22501378561477 -0.54181448492231 
1.7252958195067 -1.5855225604925 
-0.6310502676588 -0.73823917242926 
-0.41067640672177 -1.3036916548142 
1.2297805866221 -1.8438024913173 
-0.45028833413126 -1.3811144348943 
-0.46123535121962 -0.88695151477664 
-0.37019546763016 -1.4748815357487 
1.6035182117241 -1.6323540775067 
-0.58802759927697 -1.0530694005067 
0.35491271297551 -1.5626896663786 
0.48592776085771 -1.4916639304981 
0.9828989919694 -1.6702339734909 
0.65346728678205 -1.4191776597113 
0.11304486493328 -1.251310408543 
0.31518044024515 -0.87149069732604 
1.0227131701802 -1.2227828810445 
0.12490521089295 -1.4886103213655 
1.697859094804 -1.4031830150859 
0.083375817312867 -1.5520156384898 
-0.54118018840201 -1.19076397801 
1.0821190646103 -0.86324931411496 
0.95335948498453 -1.5323691287105 
-0.12050213348764 -1.8474786229533 
1.3692541900354 -1.0466760693414 
1.1002913439991 -0.57944825810731 
0.41247177682771 -0.78689129319971 
0.84061603575869 -1.5359350287034 
-0.66239405421546 -2.092440107786 
-0.16366730712274 -1.9892570016546 
0.62387808182506 -0.8663458909166 
-0.013344978852816 -0.66518608887028 
0.2968347292024 -0.71885870997683 
0.95131303847268 -2.1266525179751 
-0.21078301985429 -1.2246964027844 
-0.63972113107597 -1.9859853752674 
0.99266764181884 -1.691912144832 
0.64263139881929 -1.533106198785 
1.0985411851766 -1.0505853009981 
-0.10114259708387 -2.1433055980398 
1.4584577652093 -2.0677170758487 
1.3553809506287 -1.4976158000607 
1.6872276111227 -1.9737413607109 
0.59820563636654 -0.79356784035698 
1.15293736348 -1.7975320941139 
0.55037078228416 -1.1677045933135 
1.4661848385545 -1.0821583500064 
0.31311233727295 -1.5678404471438 
0.66434040809043 -1.9498952138876 
0.33699968273673 -0.67683483880588 
1.1786857538163 -1.3188351045283 
0.10499748284784 -1.2644273806131 
0.34383115067491 -0.58949583082047 
1.0922813718147 -0.36788504962985 
1.1507859543347 -0.92811110699714 
0.35994053461657 -1.2504316508937 
1.2218852072125 -0.43587572509019 
1.753929743631 -2.0933540334881 
-0.64838902288924 -1.0900305914059 
1.6362520322439 -1.9656150727738 
1.7163041545612 -0.98816090469654 
1.1068271035162 -1.7311782287886 
0.8978078069315 -1.8219111813572 
0.16814643601941 -1.3427272914142 
0.64000111121819 -1.5716483176988 
0.015353388560248 -1.5645098824505 
0.084333917315685 -1.1904896053907 
1.3650827402641 -2.0171086819459 
0.42552057606575 -1.6909998945545 
0.64193192846882 -1.8195086588237 
0.92592380139026 -1.6562779469026 
1.6642585082622 -0.91700067718544 
0.76737564439266 -1.7873840806397 
-0.25476607829927 -1.3928651794383 
0.34522126002281 -0.77612721450791 
-0.149257180061 -0.45974865422647 
1.2823899992595 -1.5182289292947 
0.037843301032148 -1.6590319027118 
-0.49333480531387 -1.3315402495216 
1.3430353900932 -2.0194527660549 
1.3706897223299 -0.80397811758308 
0.71085684679645 -0.39304598393989 
1.0592107829162 -2.124688466539 
1.056301681143 -0.71599669243498 
0.68209640743349 -1.4983993895702 
-0.26829024891434 -2.1250254985094 
1.7653054061724 -0.80055042277631 
1.4849195464982 -0.41040970922584 
0.66341591470542 -0.59965941574648 
-0.30655261368867 -1.6327968736341 
-0.029816224962678 -0.93286673138695 
-0.60643998366963 -0.76614768567607 
1.1669092571826 -1.2441084098303 
0.30547055544776 -1.205990554265 
0.95445496818754 -1.3858082280017 
-0.043205581594859 -1.0633593038988 
0.028704048692194 -0.56503244814268 
-0.087580486301781 -1.0456618635126 
1.2862603058131 -0.59739475264175 
0.11381138398209 -1.1576080446618 
-0.4252491632303 -2.1571999146547 
1.3638018767077 -1.1493473722968 
-0.26193616830694 -0.93942438282423 
0.072819417012048 -1.0455997270626 
-0.29380093880165 -1.361300355226 
0.46207764535415 -0.77577527314838 
1.6421952862512 -0.46484056262329 
1.4044290537413 -1.541217831822 
0.068361069030292 -1.4935013776931 
0.69205101217204 -2.1526001644979 
-0.050812500326082 -1.6839183065973 
1.441044680499 -1.7822907487375 
-0.27303680565467 -1.9119356311839 
-0.36137485172074 -2.1516232906632 
0.16106290459099 -0.85920082928678 
-0.34814126938593 -1.6620533097031 
-0.4998872024775 -1.1655007124707 
-0.084062772318807 -0.77250753046353 
-0.67346744526032 -1.6702006956909 
-0.018954989368654 -1.2540274463653 
1.4688353451993 -1.1470456598902 
1.6695575171115 -0.5549517233241 
1.3776765650705 -0.78431640019059 
1.540991800132 -0.85134933867059 
0.89398736446422 -1.0048394719078 
0.85455319269085 -1.1648164398187 
0.90052968030569 -1.7895350174829 
1.7525786357716 -0.63969540131219 
-0.33314848324351 -2.14249341697 
1.5881895099377 -1.846357420895 
0.072059811315152 -1.5989622955745 
1.6656826520475 -0.58216337119986 
0.27669047404751 -1.1620048258219 
1.0641482716681 -1.2696391134355 
-0.55962605114712 -1.4151242455892 
1.191917278441 -0.63217412046349 
1.3396411866348 -1.6060601186096 
1.7859341187643 -1.0017516133085 
0.9606289861469 -1.4347874804892 
0.55602094411548 -1.3302857644904 
1.6472974670936 -2.0164691840075 
1.1767897676271 -1.4630619062034 
0.70927231017254 -1.9362518406334 
1.5026518191952 -0.56667394368556 
-0.20097305453707 -1.6106137347218 
1.6868675731686 -0.53362038461652 
-0.25695060614782 -1.2078053828007 
0.94672545361561 -1.0669413875344 
0.47727669251546 -2.1566465498624 
1.305726250999 -0.63684995327861 
0.2309499200378 -1.2889202918511 
0.72713686541667 -2.086764179156 
-0.17595281120058 -0.71355862327288 
-0.42300480058035 -0.93566233141215 
1.5130036824602 -0.97817525712217 
0.47933729518872 -1.5466140950953 
0.89520714631331 -1.2499614406324 
-0.1291150817984 -1.0352664859707 
1.3518422050372 -0.93991304206064 
0.46150339702046 -0.75883581321095 
-0.094752658421192 -1.4407676769461 
-0.4925506417499 -1.3379124729579 
-0.66155736443926 -2.0357289895711 
0.91732476999057 -1.346329043654 
0.81982338831885 -0.49097018712521 
1.2492965402449 -1.4662326056347 
1.1941597319718 -1.6172031369979 
1.5766402352941 -0.83400498693018 
-0.30957676241622 -0.93620665814922 
0.11663640874731 -0.88992255685037 
0.71187566252197 -0.97795441267182 
0.019359674054037 -1.4504626924691 
1.1796731135268 -1.3265497589947 
0.68372152582627 -0.70422439574496 
0.21478083797351 -0.51157915417603 
1.0521785747023 -0.57202912512411 
-0.63915760109862 -2.0058913716119 
-0.44558857412613 -1.3945822778042 
0.55032713072079 -1.9475011675189 
-0.6843279898696 -0.88699611944544 
0.31845114999977 -1.8107594070594 
0.99330725233186 -0.47383939550308 
1.7004043976573 -1.0493977160728 
0.59662644801129 -1.3702005943395 
1.4852619986581 -1.3537165477124 
1.5824542887877 -1.9556941597424 
0.80708778389625 -0.6871712452394 
1.1776041431872 -1.3098769583901 
-0.63932117585408 -0.54530019592048 
1.4825780442911 -0.45118517352049 
-0.33251819054485 -1.4702956980585 
0.96091010148557 -1.6227819159178 
0.035629961613871 -1.1905732551135 
0.87401850504136 -0.73919489438435 
-0.025006977178303 -0.71357076668159 
1.3328611836033 -0.5239047001096 
0.18205357588032 -0.96872466879376 
0.66421675781294 -0.5482226290672 
0.63566482889955 -0.87173847185445 
1.2410972745198 -1.2977288468613 
1.5072600056931 -0.5640230511193 
-0.041480040912145 -0.50883220159814 
0.88398786645328 -0.66336973363993 
-0.4081319579546 -1.925067142122 
-0.67951096785635 -1.0374953700043 
1.2258034210148 -2.1059850548156 
0.76644745443539 -1.219263179287 
1.4825087722691 -1.2073437801019 
1.4478473604618 -0.97815050950051 
1.2721162896345 -1.9648941816722 
0.66347718028854 -1.801557339642 
1.2329194080586 -0.58556317892177 
-0.082461145862965 -0.88193419084604 
-0.41375900748523 -0.51483971094239 
0.21987295350849 -1.6269633872799 
1.5232787369359 -1.821295560359 
-0.14819600250051 -1.9167564014526 
0.92168011871092 -1.1949680271731 
0.52624420550277 -0.81936116904861 
0.12541285153006 -0.88583143940139 
0.54922913559198 -1.5243220987723 
-0.3356851760772 -1.8341400220132 
-0.0051126471094712 -1.7875984536969 
0.16382423933484 -1.8620668707547 
1.0083435595572 -0.41145783136365 
0.37269480577498 -1.1958674684427 
0.63005120797195 -1.7457918018802 
0.63130153032218 -0.46318290080879 
0.1927931872886 -0.87331973392061 
1.6251624729205 -0.63012902632335 
-0.15053804479408 -1.4479738445441 
1.6879015941266 -1.7995718837196 
1.6947730171125 -0.67034578678194 
0.17143210971448 -0.5501013298489 
0.48923106916446 -0.94794994913349 
1.453599841521 -2.1271016265493 
0.22756407293785 -1.1357801509209 
-0.53887887942877 -0.69707880563108 
1.4834735052763 -1.0846271311465 
0.30326443006822 -2.1363594521256 
-0.52755953219079 -1.301470478395 
1.7806647780055 -1.6739261806527 
0.81475558474918 -1.495336168597 
-0.086471940562371 -1.5679534957641 
0.64316431617012 -1.8269420858258 
1.2372320237936 -1.8957973415464 
1.0978048416494 -1.9084463446794 
-0.18021455522048 -0.93931001943318 
0.0032737463591765 -0.9639717258191 
-0.60780345521661 -0.92922143331462 
1.6037959789942 -0.86229902725576 
-0.22665049593063 -1.8634745828202 
0.88032543156248 -2.0343135316044 
1.56389304973 -1.5613496370804 
-0.082531204883733 -0.93818724785249 
1.5792251290862 -0.50042244295006 
-0.30532924847968 -1.007306985676 
1.0647535913691 -0.86429201342193 
0.87931659965639 -1.9989655625427 
-0.051795960777041 -1.4095402824833 
0.42177129876274 -1.9574151485 
1.6821435820461 -0.50247040174662 
1.1180649843567 -1.1627858990431 
1.5365037576372 -1.1484642965872 
-0.49832011621893 -1.5679785404018 
-0.031820160005404 -0.82244838112628 
-0.32950833525038 -0.36642916175006 
-0.18858244964886 -0.83036383831528 
1.0241910967501 -0.68148596714296 
-0.10167226686657 -0.86552619113544 
-0.41973186002641 -1.186867356649 
1.2754328618534 -1.6992265214395 
1.0504327118906 -1.2028998897827 
-0.16781205704298 -0.51976237082689 
0.35781058826723 -1.7902229492485 
-0.49680536996703 -0.52780355468451 
1.415749734297 -1.8126245340682 
0.52602450128264 -1.9375736360528 
1.4016754792906 -0.5723886674197 
-0.27043740013906 -0.91076782317399 
1.5767692916036 -0.96665547187519 
-0.4968341392988 -0.40980861012648 
1.731299614682 -1.2486071592499 
0.4861985899541 -1.1017160190915 
-0.66530335222601 -1.2588214916896 
0.12200702666745 -1.1010121105319 
0.90195923270825 -1.3373439710506 
-0.37172567066727 -2.0691232059172 
-0.06617046664723 -0.44914173905874 
0.47097479466139 -2.0907836709577 
0.32979144430771 -0.56977411584432 
0.035356453209691 -0.90089405993961 
1.166012942501 -1.7262965583192 
0.0022999457308011 -1.4487131628098 
0.74249856966021 -1.278339026514 
0.49353109404439 -1.431212342078 
0.46832108279955 -0.62139421189659 
-0.65118918776833 -0.61807133760249 
1.4151074160631 -1.8593464635597 
1.3416976769877 -0.60243947799821 
-0.46563087874071 -0.94686448656421 
-0.37628218901019 -2.113767487743 
1.335430274637 -2.0202302255547 
-0.14789296216161 -1.0232929269342 
1.5775697359804 -1.7219878675258 
1.0416455343186 -1.3945134959816 
1.0447191505694 -0.59632223801398 
1.0719601337101 -0.8198680166255 
-0.35316457515052 -1.8120721373177 
-0.12033378351625 -0.71579912988833 
1.3844483571685 -1.0447683148258 
1.5695361128786 -1.6267894150935 
1.510246063947 -0.78279700211112 
0.58860235604821 -1.6741309195715 
-0.015972764635334 -0.94511665941127 
-0.68164387967369 -1.9179246014613 
-0.055089105773429 -0.65779606184613 
1.0559199280028 -1.8062328937292 
-0.30107734086927 -0.68946131843441 
1.2046607105496 -1.4735694903493 
-0.60566780320401 -1.8485348519272 
-0.55809480746589 -1.3486141788533 
1.2306242595315 -0.96520090041314 
1.0275787650639 -1.2201008178608 
-0.33571538526158 -1.8823439079721 
-0.52889600687642 -1.4219242644903 
0.069814962702573 -0.87554409314829 
1.1157034388157 -0.73598580289543 
-0.28987883949385 -1.0682726697694 
0.86643828471316 -0.47877251587941 
0.1179230293476 -0.42558549701966 
-0.42237784602388 -0.63135863731214 
0.50424001835432 -2.0345625343252 
1.501586379142 -2.0432081389919 
0.56275937227075 -0.92919631759001 
0.13262118176162 -0.50846879486222 
0.90336552619937 -1.4516552481885 
-0.5271037730774 -1.7317585542518 
1.5341464963688 -0.48353039161687 
-0.40350810754859 -2.0759289218597 
0.99633796952943 -1.4951460002611 
-0.22880685238611 -0.80356259941644 
-0.058979392614132 -1.1420536635809 
1.5201328029157 -0.8466238389409 
-0.36280979175347 -0.63022355401218 
0.96623396090132 -1.5223292166121 
-0.035220474125296 -1.121462953342 
0.15852041816177 -0.99939116880646 
0.79491695184334 -0.83766997053146 
-0.19145473709225 -0.45099676214174 
-0.39796628206942 -0.67468998377231 
1.7811801385213 -1.2970463473749 
1.6526845775563 -0.84885024498573 
0.35997322476135 -1.7126199953739 
0.8735499781159 -0.93446668997785 
-0.017390093228264 -1.746259437494 
0.57000224088512 -1.540500011757 
-0.55231768395385 -0.37795110891937 
-0.50750611647328 -1.8733371091175 
-0.29656596987385 -1.5537019637964 
1.2788126479315 -1.0340917482785 
-0.33819894229693 -0.98404857731957 
-0.49346326441403 -1.6850994191839 
1.1818071296464 -0.38727928174205 
0.78809035165518 -0.83682304434944 
-0.11842374593992 -0.76843413518201 
-0.27360565043059 -1.9864397658691 
1.0331377995533 -1.0783145867503 
0.77358056804622 -1.2164473877774 
-0.053400255091783 -0.98437721629305 
0.61670819891463 -2.0232095890804 
0.37825406497893 -1.6465050019965 
-0.41065684914332 -0.68189770599497 
-0.61722281975945 -0.6192213734316 
-0.0048584088261454 -1.865971091283 
-0.1948545045532 -1.1523021474195 
-0.073250190652978 -1.999350106586 
1.5366042588003 -2.1032987790673 
1.537911452133 -0.62320025714274 
1.5412547549068 -0.97392195110441 
1.7398462531869 -0.75385658290617 
1.5984006748182e-05 -1.061903848506 
0.70915750571635 -0.42498467615812 
0.71620514922549 -0.75994005563459 
0.23098989788569 -0.5777285059063 
