-5.310829635791 2.9142181376131 
-3.9961102053896 2.9273871967259 
-4.957883014368 2.607568387217 
-3.498754996938 4.325303819861 
-4.0456163950713 2.8465790993535 
-5.0335901309247 4.1223436370215 
-3.269882352113 3.4816935528309 
-3.7723466229376 3.9464984217319 
-4.1414366606914 3.4358227198936 
-3.5590439480206 3.7995426325891 
-4.8716607393507 3.7293999024519 
-3.8520979517942 3.8079360617083 
-5.5538342074812 3.0620369974257 
-3.8771469062533 3.4537454419514 
-3.8821046649238 4.1996813485083 
-3.8984640282244 2.7003532901116 
-3.2657377255859 3.426224404322 
-3.7467389374304 2.9370948979826 
-5.6795803592456 3.2546447632985 
-4.5306276467123 4.3652736862062 
-4.3322841461588 4.2880934719124 
-3.3018224166382 2.9678318320717 
-4.221078175484 3.6109485051816 
-3.6593010955384 4.0759853754666 
-5.1760704599244 2.9410036573677 
-4.9712888012927 3.4202088362607 
-4.6671250166573 2.5084939578766 
-4.4705543086234 2.9499786414024 
-5.0437768998099 2.8375748041815 
-4.56732267723 2.5110519541417 
-4.3541208560147 4.3859616152718 
-3.4478693734912 3.3428330802854 
-3.6634132205925 3.838671934729 
-5.5131032274429 4.3286999412174 
-5.4814536087057 3.0645399134916 
-5.5540587684895 2.8763598205787 
-3.4189306643556 4.3699314808136 
-4.0937199822768 3.133004005031 
-5.3249940852262 2.7730981308708 
-5.5438100933427 4.2808471683434 
-5.3948776382842 3.1523765320536 
-5.442622126004 2.5023769060603 
-5.2608986697923 3.9656479247217 
-5.5980838645478 3.0650885935071 
-5.060219874567 3.9009524882038 
-5.57589817591 3.827986480246 
-4.4049644218772 3.9931837332782 
-3.4283026244819 2.9027288292143 
-3.7366512485091 2.5143057784883 
-4.703557614344 2.8501688372201 
-3.68232305896 2.6185036127189 
-5.8946648343246 4.1996135208808 
-5.6471259280192 3.7299575039392 
-5.7938196704379 3.2094894153027 
-5.0212130374514 2.6177973564526 
-4.8423525072404 3.8347413806353 
-3.4194163942638 4.3456227443507 
-3.8149911400119 3.5148113741101 
-5.8346585589343 2.9396074369321 
-3.5985230734723 3.7001339640848 
-3.8422973901759 3.1561454337105 
-5.7918322665477 2.805201535865 
-3.4201433993828 3.4089515612566 
-3.9645671342289 3.0815920006738 
-3.5576237911391 3.4370086005646 
-4.4515899568533 3.8735070526327 
-3.2551756954592 2.8978194506729 
-5.4139901005603 2.8805998535136 
-5.8302299700582 3.3795814026374 
-4.6131566406371 2.5285421572412 
-3.2330123721806 3.8859792726515 
-3.6379034140307 3.5750013099786 
-4.0599388855023 3.1923579372725 
-5.3849109143854 3.6139812926527 
-5.2913369897706 2.6105740607875 
-4.4188140894705 3.0774196895496 
-4.7559407207303 2.8260052321713 
-4.6616111646111 3.9504555720284 
-5.0895026844464 3.9870326667785 
-4.2118439901187 2.8428090318378 
-5.6227797493695 2.8785200168856 
-4.2751606481309 2.6415036290738 
-4.946902982848 2.5544383611852 
-3.6106842262493 2.5262768243485 
-3.6385239652995 3.9528264426256 
-3.9178012878595 2.8576705694916 
-3.260736738731 4.1520990781051 
-5.8352323219392 4.2411883763548 
-4.0019530271946 4.0279152232328 
-5.589853493512 3.1237585424334 
-4.6160552733253 4.0872372232208 
-4.3825608869636 3.4304655736033 
-4.805703699412 3.798520227568 
-3.3490097317529 3.4304900569771 
-5.4564851630441 2.8982248261152 
-3.7357796617612 2.949809050299 
-5.1038084192571 3.6934703589483 
-4.9275175161117 2.6910211309924 
-3.4430945519968 2.6881416704666 
-4.6769201103076 3.6352243957688 
-3.5021378841038 2.583324771794 
-4.8627816527199 3.6509837959642 
-5.3029213977224 3.0849482062014 
-3.4771655058481 2.7127230532916 
-5.3093225914489 4.0757145513544 
-3.9149996051918 3.925950480986 
-5.1724226224653 3.0986225567571 
-4.1939355213872 3.3241660858132 
-4.7439144729722 2.5257706737483 
-5.2922687759693 3.1987736508912 
-5.2472307974827 3.560207761197 
-5.6789587254312 3.2612936030061 
-5.7486281146864 2.848446826429 
-5.7180424899046 2.5238320305607 
-5.2024887750135 4.2669699298751 
-4.068745546787 2.9082311928401 
-5.3340334573526 2.7998517100868 
-3.9353589474382 2.9100947032072 
-4.5128044420227 2.8362897738274 
-5.0952952250725 4.2367039170563 
-5.0058351517101 3.9823315668329 
-5.4677614182453 2.5913157958397 
-3.633988455922 4.2088543826864 
-5.5351606021821 3.1126328936879 
-3.5583230097156 2.5815182159667 
-4.7183183467514 3.7617748678788 
-4.3673453578847 3.9216669021072 
-3.8644996272111 3.8013479776636 
-5.2041518156645 4.0041338980746 
-4.8956765404446 4.1573319437393 
-4.511702934835 4.2231363730418 
-3.2167899646844 3.3348237296101 
-3.2412003481998 3.6680996415844 
-4.3131579541542 4.3572050968991 
-3.8479774702159 3.2577370046415 
-4.8552812650408 3.4977006226715 
-3.2630218004933 3.6285910966364 
-3.9115104269571 2.8057682633522 
-3.7277290456597 3.5707646270452 
-3.2368051897228 2.5938462645452 
-3.4610961458409 3.4399089537811 
-5.741498117955 2.8988083351355 
-5.8062774335813 3.6475283773186 
-3.4117640026003 3.4109470798467 
-3.3205575783998 2.5061510362474 
-3.4235134993245 3.919524413736 
-5.1134310679035 3.9193920272247 
-3.510577735227 3.3590739183633 
-4.4748515308818 3.6184344209125 
-3.3032740782214 3.6702213284459 
-5.2167373522055 3.4975904661297 
-5.2011259642319 4.1317411868733 
-5.55104054307 2.67317734673 
-5.7429199699854 3.1363039651017 
-3.3570066243754 4.2465224195691 
-4.4676097236081 4.0478286889763 
-4.9713413406325 2.5441101517043 
-3.7979273781786 3.4962845795859 
-4.7667141739199 4.014691141325 
-4.6564893095056 3.5026042389848 
-3.2970804575984 3.4817173206999 
-4.7809430586747 3.7768292696033 
-4.5796354201735 2.9812410719281 
-4.5122383613331 3.6134915758289 
-5.1766755353382 2.7669381268505 
-4.3515586985825 4.2535083387459 
-4.7320088839134 2.5037006244845 
-4.2838354003348 3.9960856612595 
-5.5210703244979 2.5351165476665 
-4.7180313977781 3.5881653209386 
-5.7406344950323 2.8737284343202 
-4.081276116874 3.5032537712249 
-5.457991819715 3.7967147302636 
-3.7122298592947 3.5818046147128 
-3.7010068661096 3.8604535017705 
-3.6408556588391 2.6711429245589 
-5.2158908652411 3.097270620889 
-3.5624779565684 4.3451528930942 
-4.8742873240851 3.3964939030557 
-3.3341265558564 4.0977799161732 
-4.4898750661938 2.9219586208874 
-3.3883704532804 3.3749669474332 
-4.7240180628401 4.0773924198104 
-3.4231874785849 3.0295739686719 
-5.330271233399 3.2462108789656 
-4.0814997586587 3.2117583892274 
-4.0465346750616 4.337584666658 
-5.5016733204971 3.4035352828396 
-5.0395871848545 2.9268105784298 
-4.4507672856549 2.5108265554602 
-4.1136022149897 3.38716213574 
-4.3262701360164 3.669711453222 
-4.1052837127509 4.2691364425267 
-4.0749511496975 3.134742775173 
-4.7879639802612 3.1997495115655 
-5.8608101779467 2.6499421058831 
-4.2817046356693 3.7832468660375 
-5.6465617616139 4.3712501900034 
-3.947189547373 2.9653374110503 
-5.7440701134696 3.746069183802 
-3.4999502611043 2.8332396619117 
-5.488099882754 4.1979517791907 
-4.4636955835685 2.6763184807357 
-5.0815741757273 2.8448613806622 
-5.6843090299159 3.396578710231 
-5.7679335786739 2.54879440789 
-3.6240831201455 3.4475128001273 
-5.009667353775 3.6821369697479 
-5.8802012614894 3.3652824305738 
-5.3092441526932 2.8026811639275 
-4.2502758562158 3.96253709341 
-3.2821566375386 4.2504120218614 
-4.125346170624 2.7224303570461 
-3.7908920792516 3.5808288888025 
-4.1210956031885 3.0598371399751 
-3.7686670550422 3.4896350991136 
-4.7192440137891 2.5851005084758 
-4.7460347717304 2.8543830706696 
-5.1450303373337 3.7628813280455 
-5.794803168744 3.3609489475172 
-4.2125948403002 3.9991289025616 
-3.3944767826783 3.1649222287486 
-3.8804532306652 3.1119514342314 
-3.9426133892053 3.5829545825819 
-5.6777789908269 3.3921603487648 
-4.279708230299 2.8163097011144 
-3.7390755388358 3.9511568622881 
-4.5556548857866 2.99728313329 
-3.2542440064547 3.6219622386376 
-5.2222398068326 3.9063753641294 
-4.1079942584987 3.34955718791 
-4.4224124402008 4.136257697388 
-5.7689403836403 3.1658153109794 
-5.436538932738 3.8147588548717 
-3.814445517906 2.8627486155667 
-4.7721308885013 3.3152025217972 
-4.1464584566799 2.9598483067741 
-4.6813832306856 2.8967315702133 
-4.3537943005561 2.8791995719132 
-5.4972204518106 2.9746737686106 
-5.3862452460597 3.9435042039825 
-3.7533228709842 4.2031160808015 
-3.6299950479155 4.1269419811188 
-4.7656613382312 2.7140362814613 
-3.3218512605065 3.7693496454526 
-4.1559455285429 3.0197108941207 
-3.9150224361111 3.3156875854446 
-3.2726453336228 2.847623139711 
-5.6451417924808 3.6334136427601 
-4.8947809771247 3.9241407991435 
-3.3945428191545 4.0021592513142 
-5.602258269618 4.1987923547417 
-5.3853963665686 4.2052972420117 
-5.8092908653779 3.5045784648598 
-3.3446576117641 4.2302255688953 
-5.3564321867129 3.887703227542 
-5.8085535270636 2.8193975711106 
-4.9205600864888 2.9765036500066 
-3.4621386264889 2.8484943672374 
-3.4711520852647 3.8334796785528 
-5.1247433404221 2.6646226781694 
-4.1147711386998 2.6217525508873 
-4.5769998346304 2.9607763543423 
-3.3958749262327 3.4399891193758 
-4.685187854032 4.0702598879689 
-3.4125720241128 4.136067166403 
-4.8200955904359 4.2014189182524 
-5.7592350462458 2.7591641999739 
-3.2638194636214 3.3479532070895 
-3.5394903956707 2.5553435919373 
-3.9178208197347 3.532396908975 
-5.194992151835 4.2119136484604 
-3.9226393420436 2.5757068228658 
-3.82951573839 4.1069886201827 
-3.550127409145 3.9762354546294 
-3.3195762928723 4.0046716167956 
-3.4506155566678 3.2352322428331 
-3.885869377508 3.018178112543 
-5.253423027048 3.757155784718 
-3.7197560895605 2.7166348240498 
-4.5462716908157 3.7384761670277 
-3.856827461825 2.7891846570592 
-3.6979941170788 3.6509903785775 
-4.0240374089434 2.5147899748342 
-3.4412097724825 4.3081082323844 
-4.2955756957128 2.7026597208285 
-4.4671022504937 2.8356237815383 
-3.3702472940244 3.9297372048233 
-4.1869423096258 2.9254893345589 
-5.4749449270354 3.1073538054816 
-4.2401059360795 4.022629788289 
-3.632291194142 3.1189527078433 
-5.6913140133592 4.0882189575103 
-3.7874540206338 4.1674178970974 
-4.6648932453137 2.7293820899642 
-4.4652247797876 3.6144224725536 
-3.4896468980617 3.2149588917234 
-5.1519869533963 2.7420380464663 
-4.8672074927072 4.1054534856036 
-3.8668650787152 2.5868012247855 
-4.1958615224421 3.7964405402063 
-4.9526707341364 4.2872574939984 
-5.5884570279024 3.8437770846718 
-5.7670592271685 2.6930764901385 
-4.8258108732389 3.8705726949913 
-4.8056583589266 3.6447732478649 
-4.8901154954696 4.154113351654 
-3.8920861207095 3.8439358528453 
-5.4765256388779 3.9718262590763 
-5.2747329911127 2.9707902665117 
-5.4174399677696 2.9270340798826 
-5.7408455475417 3.6570992316152 
-4.2221177559793 3.3631555252901 
-4.0826838807275 3.0591507932027 
-5.6768396110028 3.9229252743899 
-4.1918651608216 4.3369834324371 
-3.9229995515561 2.6511795468242 
-5.1784985302994 3.7139988192669 
-3.8241657489117 2.7141953840012 
-4.3933178541733 3.5894813433172 
-3.2627034767024 4.2818455236552 
-5.169582046155 2.7041655048059 
-5.277541028799 3.0348044468692 
-3.9487524282357 3.8938212711243 
-5.4386346483338 3.2620775641785 
-5.3453356494102 4.2155044144205 
-3.7159297995797 3.3072055908506 
-4.610689989092 4.2370306575158 
-4.1219819999787 2.8231627410662 
-3.5289448053971 3.2456006688963 
-3.5981957972918 3.5741264978192 
-5.6817554783647 2.6519935481803 
-5.2742812895662 3.2302940613053 
-4.3417974468359 3.4615398010399 
-4.0497578848987 3.4889000856073 
-5.092628838697 3.8781728035886 
-3.5026284888532 3.4470600955433 
-3.3209238414641 2.9711903261137 
-5.6619497931535 4.1038048982999 
-4.4611297124013 3.3177961094563 
-5.8894076469106 4.3703003425086 
-5.529378043303 3.8390929384615 
-3.6172706591638 3.050179710862 
-3.3564163891112 2.8037063179758 
-4.5366763067214 4.321868411959 
-5.4432980421305 2.9411935575411 
-5.7969282288629 3.7038794581779 
-4.9612734304935 3.136623504236 
-5.5013696955822 4.1723190168327 
-4.3966196444452 3.2166887927471 
-3.4169627707971 3.1855864184269 
-5.2336021458752 2.5732128637989 
-3.7060255066912 3.4056399327603 
-5.5674246231424 3.2215287740907 
-5.0299986725895 4.1199921585787 
-4.7390905746338 4.2371421005073 
-3.3520031297567 3.6043301913968 
-3.2073750013792 3.2778418572745 
-3.7941895113675 3.1750175457623 
-4.4916726761756 2.7606698940761 
-5.8745724889241 3.4733230727688 
-5.5265755873219 3.3139214168284 
-3.7048792918694 4.0062075674278 
-5.0107174270189 3.5834892180154 
-5.1466706387761 3.8933800233589 
-5.5096377770808 3.5964138829709 
-3.5940250533437 3.3125815078516 
-5.1196596298978 3.3513644133577 
-4.6500172723644 3.9662348826588 
-4.6244937663576 3.961096191558 
-5.6323199094355 2.7997178934457 
-4.476010074769 3.1757683461057 
-3.2597563800061 4.3362657459968 
-3.471826027603 2.876807361426 
-3.2082248202038 4.0658714570876 
-3.5632461465673 4.3438779442578 
-3.407856913346 3.6278695133973 
-3.21493319022 3.2667321761075 
-4.5959587128439 3.5292142469394 
-3.8832880722275 2.9777556811223 
-3.5078060386055 2.7228300900538 
-5.762937764701 3.0235834577624 
-4.0128310230168 2.898260625275 
-4.3566946315978 4.2496759565059 
-4.8105451502384 3.7342043580898 
-5.7057436331226 3.4974208034831 
-4.9987632176024 3.9862165020677 
-5.5548856481611 2.7547865725699 
-4.7638303136315 3.0283242604935 
-4.5027377160249 2.9616494171714 
-4.0293552188252 2.8255755607177 
-4.7422662712861 2.5789646398931 
-5.07575928463 2.9589793603128 
-3.320014609256 3.868831764822 
-3.3429758468418 3.9875000388001 
-4.497460444285 3.827407332479 
-3.9765181372459 4.3178169817178 
-4.1232460581066 2.5695852732771 
-5.6116520331545 4.0624535520168 
-5.25355806458 3.8574011329044 
-3.5692093599168 3.1624586586181 
-5.7769524140323 3.5484777049991 
-4.4751840096571 2.6629316704056 
-4.8658499586848 3.2648528209756 
-3.7940058278734 3.7413390715209 
-4.6267490748861 2.6419826935503 
-5.8903261821803 4.1651183846756 
-3.7349372740921 3.9058775255479 
-3.6803026524896 3.5915351816965 
-4.5207868782092 4.0200549389038 
-5.6784472115887 3.6217776523581 
-3.8207853812042 2.6888377831248 
-3.7382214354734 2.6517965588793 
-3.7425077608402 3.0936563996081 
-4.6030729315201 2.6827752757837 
-4.2606798738777 3.4848075267273 
-3.640164497563 3.7470794829192 
-4.8927728446204 3.4857679284688 
-4.6954446462799 4.2853343869415 
-3.8115789260957 3.4079880795499 
-3.7248617705851 2.7663907064908 
-5.3535053367461 4.3322823693985 
-5.5051593023182 2.9709521374892 
-3.7375623024278 2.695918678589 
-3.6953235144842 2.7087856844142 
-4.2368129868673 2.9475209940502 
-5.619636270799 2.537750557486 
-4.5143929365995 3.8188906956938 
-4.2573209470074 3.6015770399477 
-4.6032545075741 3.8201287107847 
-3.8044669651534 2.9841983916802 
-3.3384875032921 3.4247575722439 
-4.1087685661695 3.4075934696967 
-4.256421708233 3.5391633875632 
-3.7452046403694 3.4909532440044 
-4.0771974246687 3.8393459964144 
-4.3843672390721 3.0288303010308 
-4.6479695166971 3.6452288314087 
-4.2043313094932 2.7551760556091 
-3.7603905444403 3.0299375767394 
-4.584266740153 3.4337826883402 
-4.1459182724807 2.5413435545254 
-3.5753893037484 3.7221228172887 
-4.1014996263138 3.9230775336828 
-4.9828667911649 3.9486291559232 
-3.4092741683951 3.9218927355101 
-5.2933432769809 2.7931136257996 
-3.3907242126767 4.1532738058001 
-5.1028358208373 3.7313808751775 
-5.5748014759788 3.1281182676231 
-4.3172473070038 3.7752089739776 
-5.3621826103079 3.1774349064943 
-3.2241627731602 3.901009383536 
-3.9938899039568 3.1976757122092 
-4.9620338105398 3.9918521207699 
-5.7351813814709 3.9325542562095 
-4.7353098477624 2.8329632098972 
-3.2218777271088 2.9080626870613 
-4.7834254099857 3.1950385173249 
-5.5765274211224 4.339980235087 
-3.8803865597122 3.448850895564 
-3.2167936767002 2.9622444000042 
-3.5358808854451 4.15141961478 
-5.4460235093935 3.8034505922572 
-5.1046228595691 2.7843060524883 
-3.7528700594428 4.0997920921881 
-4.7232290417989 4.2009088383291 
-5.1622148724004 2.7115066216774 
-4.3017167175831 2.73355189951 
-3.6710276559554 3.0317425914742 
-4.6305305967953 4.3763320064029 
-5.3341810233479 2.7494551909569 
-3.3940982698498 4.0065739275087 
-4.3581816640354 2.6761060280924 
-4.5216875295748 4.0056478989792 
-5.4654022778587 2.5201686966733 
-4.6397049581258 4.1011058847542 
-4.8576304717432 3.4733608171273 
-3.68995336333 4.3005796843048 
-4.7979688205706 2.7423785477447 
-5.6443232421829 4.2463764849283 
-4.9716256999575 3.7905784575519 
-3.2712765101825 3.5855275380813 
-5.5911336126305 3.2885139711608 
-5.0687587605171 4.3299731650056 
-4.0883458749307 3.3782210566668 
-4.655548779077 3.0891997774884 
-4.0621014834623 2.8244344292669 
-5.6426295116105 4.3430435652805 
-3.8778584236369 3.8272755779857 
-3.3892000030014 4.0598200755667 
-5.5194049554999 3.7449469745888 
-4.500588721288 3.1252705249103 
-4.1153595943095 2.6783529620472 
-4.0136366088073 2.9118981983265 
-4.8936438631419 2.6651438497661 
-4.5044769224087 3.9966519697868 
-4.3883413507228 3.0243639928518 
-3.8123077657676 3.5979185013209 
-3.4410841371368 3.3522030724187 
-3.6188727672343 4.216547325951 
-3.6402274504969 3.3168147349964 
-4.9811523617822 3.0927882360155 
-5.4573892992226 2.7967926292508 
-3.4384630568237 3.4545213295636 
-3.4454675060718 4.0346502463403 
-4.9884856575757 3.5376184023128 
-5.0591169689093 3.7032271026331 
-5.5414973443576 3.4560822665296 
-5.7999291077193 4.3391168711278 
-4.1529263117193 4.1081729562474 
-5.702561857857 3.8265416231443 
-5.8581946074249 2.7977099494689 
-5.0465635312299 3.9692132560783 
-3.6789165682669 2.9661953633624 
-5.7060893479479 4.3329970783382 
-5.1331267478151 3.1691755672065 
-3.9456352388602 2.9707768823773 
-5.67693127325 3.6892077554525 
-4.1061747025328 2.9758207580406 
-3.628286378943 3.7675548449027 
-3.6370150983273 2.7526487953798 
-5.5327254522956 4.1580947366093 
-4.2493126779773 3.243379736136 
-4.8684085119053 4.380348405186 
-3.334987929598 3.0184594897043 
-3.5322712790766 3.9643575767529 
-4.2480743367304 2.8310396557149 
-3.9567557223093 2.9667010265509 
-5.0552332637466 3.6385361786263 
-3.7934808478082 3.6717779125966 
-5.7158233717849 4.2349197077233 
-4.6545450808362 3.6707458962844 
-5.2803590320723 3.6535745126489 
-5.8614705654529 3.5756378711805 
-5.9040899902735 3.1643544506737 
-3.2821545261086 2.9580171924506 
-3.4510715173778 4.2005126070162 
-3.469616981451 2.6968977420962 
-5.1024416708881 3.3736192763081 
-3.283210799804 3.6689887976807 
-5.3131476037642 4.3684673478073 
-4.5297499632425 2.8105626402491 
-4.0826636914306 4.2661298091806 
-5.8728501935336 4.3559371735387 
-4.4677167029047 3.9712395530072 
-4.9271225771628 3.528676569679 
-3.6641990477904 4.0245020495789 
-5.513294108622 3.2135902383599 
-3.6441566169808 3.4591704552473 
-4.9654550766369 2.6431098261017 
-4.384818823062 2.7232295247318 
-5.8163234046617 2.5887182219695 
-3.628880441971 4.1283490711988 
-3.8551410706671 3.0711719981256 
-4.3533696060901 2.5556152756447 
-4.6830881704347 2.6528716899085 
-3.2249687894247 4.0809293488137 
-5.5318612795554 3.2514674519809 
-3.6373378933165 3.3677321619824 
-4.6743157832927 3.1474506143244 
-4.1179968862012 3.8760182803526 
-5.3297247278692 2.6298065334725 
-3.7793649550493 3.4066500426217 
-3.5790016834317 2.9273045232824 
-5.8421440167713 3.4828631677426 
-5.5372122944762 3.7265964620014 
-5.6880777832256 3.23560487295 
-3.3522088839389 2.8499383248828 
-4.3988699942955 3.3412944923407 
-5.2430425019238 2.6268374295301 
-3.3698720779095 4.310347816632 
-5.7995790068528 3.6524052438878 
-5.1344092716732 3.4910594497261 
-5.7469754423939 3.3826409338757 
-5.8007313609814 3.2339750268085 
-3.6210683031843 3.0815930869251 
-4.0555229642998 2.7815400468247 
-5.164215960927 3.1957298703332 
-4.3636490750478 3.1443108796847 
-5.777155432568 2.806456545857 
-3.4603956064207 3.3791052658847 
-4.120241377452 3.3788592335565 
-4.8690819559863 3.3595611968021 
-5.8358193246276 2.7992925031344 
-4.3919170065824 3.0483142787779 
-3.3922039049092 3.6646671180476 
-3.4567097697765 2.9532020623268 
-3.88399803626 3.414493913957 
-4.1121054890404 3.8576581334618 
-5.6634746788372 3.5868869401132 
-4.4043544641804 3.4761940457864 
-4.2826237707934 4.2460407633155 
-5.3560217929188 2.7912570603047 
-5.013993822073 2.7439937157968 
-4.1559214527163 4.0004717170701 
-4.9909217640251 3.3194591283944 
-5.7323160562259 2.6235222577774 
-3.9585589492195 2.8966450872529 
-3.9812288644853 3.1943568522979 
-4.4986448970377 4.0839133866002 
-5.6122628688158 3.141116901601 
-4.9334168935592 3.4338193295267 
-5.352485110502 2.7630737844117 
-5.4778985298015 2.5172399630091 
-5.4986842500092 3.6983911966677 
-4.5184581548786 2.7801756041773 
-5.6137023116645 3.0287110305509 
-4.6820745315995 4.0187605567118 
-3.7682536602557 4.2673497184244 
-5.4711664361469 2.550177387947 
-3.5754427490022 2.6175053977977 
-4.8212729704794 3.3381043713786 
-5.4076999932692 2.5951769938688 
-4.107965527822 2.9545990853271 
-5.8495521979462 4.0837585458261 
-5.3037014428326 2.7567895996655 
-3.2165616710752 4.1653947851082 
-5.0237865738866 3.4260488963506 
-4.4213369065621 3.774857118354 
-4.7999741617866 3.5652036030665 
-3.976459778642 2.5748391979267 
-4.4539646823907 2.5881345567416 
-5.4750914187003 3.1328184615051 
-5.5637039399317 2.5852706280439 
-4.1499936666899 3.454300415649 
-3.8192203508856 2.6399186288867 
-4.066088412362 3.2107455019506 
-4.6354389009721 4.324305478407 
-3.9587059089264 3.1753299106367 
-5.1846588546508 3.6173597606697 
-3.4533688626232 4.2315409827566 
-5.4583682659668 4.0228882266303 
-4.3721670275594 3.8387361809219 
-3.3702127803783 3.3190063334324 
-4.2228077561758 3.5190108356234 
-5.1653674464754 3.1403180835394 
-4.882673465558 4.2516710620984 
-3.5363377671398 4.2876836089835 
-5.1265637061114 3.8378282182832 
-3.3696009523805 3.2261772357629 
-3.9765444388555 2.6179500238306 
-5.4584922441414 4.0327211430137 
-5.3434386252667 3.7940575223195 
-4.688808934699 3.9983070527165 
-3.8778777686502 4.1326084487798 
-5.3243640320108 3.9346008581747 
-5.7224567322267 3.8393523501585 
-5.2422526639069 3.2540732559185 
-4.2537169500593 3.1177370631057 
-3.8591319761032 4.1747119574221 
-4.0824430329796 3.4735605564389 
-3.3747808586739 2.81702663727 
-4.3493520985494 3.2493385588988 
-4.3739604767499 2.9663146483245 
-5.8350497690461 4.3677742164017 
-4.2223833291162 3.1441689672672 
-3.810838188844 2.5795450742474 
-4.9058178860171 2.7622522433315 
-5.680684432686 3.093818084309 
-3.8321404464289 3.3837568204307 
-5.7659466112234 2.6936287094438 
-5.333921028171 4.3518943152081 
-3.7690465125103 3.6604816421576 
-3.6870912305183 3.0930488001288 
-5.7966195651286 4.3211071888373 
-4.9382206723342 4.0118186523165 
-5.637430417483 2.5419774744367 
-5.1311019691539 3.0473069603103 
-4.2836095191415 2.6159359722684 
-4.113229000792 2.6010645745464 
-5.1369687268941 2.5178077645553 
-3.5504503808821 2.7263249950608 
-4.8747294242982 3.7666590802615 
-4.5663811653282 4.1290434618195 
-3.7159943808374 3.5584161166678 
-3.7035887942401 4.3692298699725 
-3.9244128612699 4.3316360617335 
-5.0518226317815 3.6411181461981 
-3.8963506535925 4.0771029420475 
-5.1844022034415 3.7073445988513 
-5.7260676797761 3.1443675194617 
-4.8713134366481 3.5298754419001 
-4.6054324640636 3.9684876484063 
-3.4557298174322 2.9100971271716 
-4.2392562147308 4.0739386200861 
-3.9478903565185 2.6482434076194 
-5.6157779975514 2.7260175862236 
-4.2347246195829 3.6160483444534 
-3.8175883071922 3.4833838730433 
-4.0201564797846 4.2028082393319 
-4.4079146672152 3.2143745716689 
-5.8239586360096 2.8120464675021 
-5.7465486504715 4.2661164306824 
-3.5208128178143 3.1532545571417 
-4.0701849776984 3.8302626133488 
-4.0290853679619 2.5339300817904 
-4.0244944972745 3.776415712103 
-3.5959250636918 2.8918774645411 
-5.2090025880751 4.0580011910456 
-4.7758720761131 3.4740859519936 
-3.8119005426814 3.5716961355506 
-5.2150623515894 2.7246478354714 
-4.9843688369295 3.094745243503 
-4.1326480534903 3.2493544656925 
-5.1769021145862 4.0661811277634 
-5.1745197491481 4.1144380840036 
-4.7769362466111 3.0631215129811 
-3.4096799987556 3.3445709697004 
-5.3022659847474 3.7423607116373 
-4.846517692256 3.0259171886865 
-3.8922819769646 3.472882845655 
-3.889281239396 3.0287810920964 
-4.2549973864642 4.3801464554166 
-4.1636887670425 3.5854081942706 
-3.9863299271569 4.0155883216601 
-4.6622531748005 2.852027878822 
-3.5844026089221 3.8654999903966 
-3.9980322855611 3.6488455735365 
-4.6061517245863 2.8402073068332 
-4.5151167975971 2.9615780305777 
-5.85531052817 3.7095964046323 
-5.2625394040221 3.6715463086346 
-5.074371913935 3.5147062013339 
-5.5889011900095 3.1614905726265 
-4.0710271548147 3.833666699916 
-5.4127400671627 2.8350390740558 
-5.1688678812492 3.9198063095314 
-3.3446530825244 2.6403681471578 
-5.8676303298723 3.6237319317956 
-5.8305977594732 4.3501061312823 
-4.7377563860882 3.3767308695223 
-4.6336853580902 3.5499247048891 
-4.9303951267313 3.8181270239164 
-3.6681805380462 3.9468493794861 
-3.6672573035586 3.0033953133949 
-3.8213334348481 3.6743540945568 
-5.3769297614936 3.0102609001306 
-3.9238934102331 4.0930516464554 
-4.6376846870231 3.5889724181343 
-3.5239879599223 4.3368132634756 
-4.1696054186888 4.2696654815292 
-4.0396873558726 3.7332835240022 
-3.8283330588511 2.7791480083531 
-5.4915882221669 2.5975941559063 
-5.7836288423112 4.1990160427198 
-4.9674046368438 4.2060733094677 
-4.9910603743477 2.8871677184793 
-5.3647867338029 4.3085013599147 
-3.309687573494 2.8981130457935 
-4.0035370251596 3.3329035248137 
-4.8889322863984 3.337703605296 
-4.6749154804551 2.9074582497749 
-5.1325729691665 3.002478092897 
-4.0310028404026 4.0610873307143 
-4.692279075079 3.672431813538 
-3.337104391278 2.8481144194291 
-5.0982453429878 2.7180626612151 
-3.3779092468173 3.0922630249436 
-4.4159436990419 3.054251577261 
-3.5823546026696 3.4807790941783 
-3.2280315014468 2.7316181822249 
-4.2390456343717 3.1501876197954 
-3.890657110778 2.8462452938925 
-5.5519905124962 3.9010978453144 
-5.5843435304677 4.3276919286446 
-3.2498015911331 3.8903850944097 
-5.5525789858423 3.566620138196 
-4.530567736407 3.4738786209919 
-4.3081684766877 2.5721468242098 
-5.7193122502436 2.913861114584 
-4.07375759563 3.684194971896 
-3.7179975079075 4.1334004967009 
-4.7054197213787 3.1765457872993 
-5.8525660494495 4.0115148542676 
-5.3831665610789 3.3766508185432 
-4.5640458172402 3.519160701228 
-4.2804919867487 3.4202204368621 
-5.6948650247485 2.5174707140852 
-3.3303188405749 4.0275028995283 
-4.974175208071 3.0518426336046 
-4.3017086106161 3.4709964055262 
-3.4092965106445 3.2638089624277 
-4.3136798560035 3.5215721226982 
-5.0754978779977 4.1790175986515 
-4.169380357302 2.7188397908548 
-3.3419295731097 2.6060966838551 
-4.0756119227815 2.5150602602495 
-4.6561112060232 4.3842446919053 
-3.9081668828681 2.9078970485496 
-4.8900022856084 2.8975355571844 
-3.5786745513784 3.1482617539204 
-3.8046961200106 4.0560041190734 
-4.9212968718783 2.942239600219 
-4.3824507618051 3.6746380610225 
-5.1928684575645 3.9831175522162 
-4.3960316807821 4.2283537782221 
-4.397700474572 3.9399573390003 
-5.8843452126313 2.923118267456 
-3.5875365478481 3.9151802631626 
-5.8844146593568 3.4591762265009 
-4.8956786434268 2.6132663050161 
-5.8148873049193 3.5331739509435 
-5.6974768577815 3.0018144115603 
-5.126848727579 4.2793374650143 
-3.7780783782328 4.3634750166445 
-4.6657088158492 3.3478618442129 
-5.8632427387765 2.7573495676682 
-5.7386770549616 2.5608173467083 
-5.8534835274328 2.6838259866056 
-4.0015402510866 2.7649135329645 
-5.3547074914865 3.4047803807912 
-4.6621428312448 3.7221995651644 
-5.855999661177 3.2280338750984 
-5.7899914468395 2.9149268726534 
-4.6735569862667 2.8888401924882 
-4.0672556822277 4.3842977349512 
-5.3638220428529 4.0516153949356 
-5.3522223825786 4.2372089172768 
-3.5424784843642 2.6943160434466 
-4.643377339829 4.2311233614728 
-3.7965063145453 3.2773211532457 
-5.8488198828899 2.9932071987326 
-3.9717546096574 3.5133199988925 
-3.5332002777289 3.8832045969237 
-5.0245481778204 3.9609121017132 
-3.9209973603369 2.5283090227752 
-3.5394084792976 4.2682549848659 
-3.7724154290519 3.2516129343195 
-5.6591016011412 2.9582823094428 
-5.0596162792573 3.9887623968399 
-5.6086334537751 3.1843008404432 
-5.1051147111097 2.9362864903303 
-3.7752020416485 3.7755703742125 
-3.7995550771669 3.4446809666561 
-3.5538214763652 3.1078126987297 
-4.5141666038003 3.8013435915839 
-4.2056790096135 2.5572586932808 
-4.4189392793427 3.1173187863977 
-5.8255606249403 2.8288460847336 
-5.8808626445953 2.8177817503384 
-4.0954790186773 4.2677269600955 
-4.7543363826781 2.5217173371676 
-5.1671768883914 2.9916713710543 
-4.1073801058276 3.6041573456323 
-5.649296539349 3.8138503361707 
-4.2167063003046 2.8464344935104 
-5.0932779257431 2.9924446155519 
-4.9278405051429 4.2003851371693 
-5.809863225463 2.5119386046015 
-3.8990973288893 2.6844209057665 
-3.2636349533533 3.058846623315 
-3.970470790107 4.2817394071618 
-4.4289975360345 4.0685069118381 
-5.4809000551332 3.4936073749937 
-5.0514246949379 4.0842683326152 
-3.6846264706329 3.4250883481872 
-5.0077592927661 4.0577882715128 
-5.4050062589495 3.1116055728108 
-5.7113747075209 2.6259501311491 
-5.4352964718323 3.066111768776 
-5.5587446127922 3.289617027792 
-5.5967460206688 2.6046637520307 
-3.5156955732836 3.7079759931484 
-5.8770226604688 3.9999747887042 
-3.8811771965951 2.9782858367164 
-5.715389821061 2.5814062701305 
-4.8306988172791 3.8102685999357 
-3.8282270327988 4.1644311705309 
-5.3008178465078 3.6160251927006 
-4.0591284056012 2.9503248494339 
-4.8460602191763 3.205216843557 
-5.1092501642363 3.8209446750887 
-5.3868852122588 3.1198276872916 
-4.4098632721559 2.8642624416626 
-5.3385298154776 3.3186771469334 
-4.546912652472 2.641379985632 
-5.3306064584025 4.2741614357593 
-3.2982735369464 2.7187290974433 
-4.4476069177227 3.3413778297857 
-5.6527692448876 3.3827787814966 
-3.6867406489297 3.9405475112544 
-5.1273186097207 3.3066445320495 
-5.1421185662088 2.7160471564518 
-5.5904548479037 3.4108408362525 
-5.8696075579791 3.0373333809948 
-4.5047361184271 3.5083979759706 
-4.5952861246325 2.8442678207172 
-4.1809735649469 3.0588076479701 
-4.5878001992205 2.7043077774731 
-5.2770239448696 4.1641542486069 
-5.6065072815156 3.0117580044822 
-4.6848677064063 3.4863821024461 
-4.7000648167948 3.0052683949509 
-3.9128387351719 4.3662885544581 
-4.4787853935257 3.6196246031307 
-4.1020898588434 3.2084963866026 
-5.0126345337371 4.0662550394823 
-4.5264912902056 2.9072291105636 
-5.0384276052876 3.9194028950616 
-5.4451484711805 4.0135517081133 
-5.5641269280934 3.0769781146158 
-4.9569318025539 4.3017680447321 
-5.5895040871937 4.0534626348729 
-5.6147314179949 3.6365746307773 
-5.7890454999798 3.1899141019487 
-3.548655738461 2.9025807638243 
-5.7885737837359 3.5516197277226 
-3.8912977416958 3.640623522775 
-5.8762958191514 3.9404805852366 
-5.5318684479475 2.8517753757675 
-3.7312593155413 3.8253209215322 
-5.4872815142013 3.6586763664016 
-3.7682025586605 3.5071942113984 
-3.7387236008593 2.955034308574 
-3.8984657699517 3.9588256747398 
-5.7520742807305 3.0377691943714 
-4.4759131643387 4.2318254624643 
-4.5461174174582 2.8883563358096 
-3.9138030120687 4.2655721895696 
-3.4775977880248 2.9636045270527 
-4.6827831161001 3.4326961479915 
-3.9850596086026 4.1330691909998 
-4.713911078369 2.6276575453948 
-5.7789420706355 2.8983883655534 
-5.1847801712555 3.0679101954813 
-4.0969726359965 3.5527613554651 
-3.7299151495039 2.635720467646 
-4.4119281370911 3.4019284234203 
-4.4574465637512 2.705230576741 
-5.1369507370418 2.7782246046265 
-4.2549036997076 3.5068314572811 
-3.652357322618 3.7493007864828 
-3.525545078986 2.8366740450426 
-4.7792472423385 2.7105657632637 
-3.9371087529078 3.0716526071463 
-5.5468258082822 3.9970951583131 
-4.919536103929 4.0623394451981 
-4.2411982601809 4.3566939933386 
-4.3814956671948 4.2519554737984 
-4.939857785844 3.1631666594645 
-4.6002316413966 3.6601288937712 
-3.2222104486903 3.1386725251158 
-4.7259895905528 4.2242368904998 
-4.8979809477848 3.2587185017838 
-4.1826064931524 4.1396980532907 
-5.6426302368377 3.6348048539544 
-5.2309215937204 2.7964444627556 
-4.1678324715948 2.9124569648204 
-5.743162597132 2.7247884643696 
-4.8264210965552 2.5108233091241 
-5.2719249603854 3.4398498802481 
-4.0089198475771 4.0301193859487 
-3.8108220376323 4.376181900705 
-4.510407201908 4.3418158702373 
-4.0250321432298 4.2406522265855 
-5.3913620498659 4.1681875261859 
-5.3845257544481 3.8961283253667 
-4.6181430366771 3.4747421863791 
-5.162715994932 2.6295759962653 
-4.600040669286 3.1084668660779 
-3.3055225071219 2.9826494381983 
-4.5664588572085 3.0394981576534 
-5.8980804288899 3.055034003481 
-5.1122795337076 2.9118484048459 
-5.2628996648125 2.6060231564443 
-5.7862573290246 2.9761416525627 
-5.1120346658558 3.1028434816009 
-5.8503058796182 3.8922303996014 
-4.3022447639719 3.1455275849956 
-4.1408239637656 3.9970509573787 
-5.2507154126901 3.2057959012375 
-3.8897486621548 2.5676430003042 
-4.3996217466919 3.9838994359733 
-5.5219068998203 4.1485423183211 
-4.948306454652 3.4440265689904 
-3.6769249088353 3.9482129992452 
-5.104797739984 2.98962370953 
-3.7204321973179 4.3864496409175 
-3.8954749182923 3.6682902028515 
-4.0884599983536 3.6352284467733 
-4.5495230425637 4.2077830391574 
-5.2491456775655 3.4394956559478 
-4.6235324506206 4.2710316081334 
-5.6200062819729 3.9759885328989 
-5.304911250502 2.6396658725746 
-4.1769411341875 2.8547584265746 
-5.486310929064 3.1099188063455 
-5.0977564588345 3.0720312295352 
-5.6357886772075 3.1718616298742 
-5.3588824165157 2.6664043700601 
-5.7376781645981 3.5891804565341 
-3.5265206735771 3.331440236661 
-4.1269936736396 3.1673300330424 
-4.8416187592907 2.8322850224074 
-3.2303479068162 3.6787226409913 
-4.9628905181898 2.6608887945709 
-5.4785440924192 3.15437421 
-3.2776239232214 2.966174992512 
-5.0241966772315 3.6611268996681 
-4.5092391801732 4.3236376966817 
-5.8649298776966 3.2966100524445 
-4.7603847031118 3.7872643145294 
-5.8626958864945 3.3663599373537 
-5.141686138541 4.2847432215395 
-3.3147590245011 2.670320919097 
-3.312757056242 2.9624481135777 
-4.6414827847234 3.6011896727748 
-4.2077378551575 2.7262006868341 
-3.9688204553718 3.1254844931808 
-3.7215943515156 3.4348635568175 
-3.5967939165493 2.8442575981318 
-5.6686036187431 3.2923711918514 
-5.5189781685264 3.9615435651485 
-5.6999509481477 2.9330674807141 
-4.3165674834692 4.3622248965115 
-4.8883265645306 2.8729403834962 
-5.7447095106325 2.6229551526475 
-3.8094303502299 3.118918684229 
-4.1517146485543 4.3114751111527 
-3.7461927765126 3.0676478042497 
-3.9752200656144 2.8069209743606 
-4.6121636134641 3.9735628564929 
-5.8053319817744 2.9803463890196 
-5.0712811869404 3.9169378657098 
-4.1400133454732 3.1747793687267 
-3.8028355745762 4.0917767696972 
-5.0148016208112 4.2310008044873 
-5.8104921290405 3.0922728717061 
-5.7103280313355 3.2556570513344 
-5.8444904596741 4.1764873186754 
-5.7740015351591 2.7137379589564 
-5.2550007660229 3.550865819624 
-3.5044192454222 3.7866505299316 
-3.7918410204297 4.0121087974579 
-3.2293452251421 2.8317606985544 
-4.5322650822897 2.9431182905702 
-3.2689137242434 2.6903608025248 
-3.4300644884357 2.8242984056348 
-3.7790330043216 3.488962166759 
-4.4857563278419 3.3405785359721 
-4.943058866518 3.8240190354597 
-5.043479733613 3.6820969963802 
-3.7540915535568 3.4271528637977 
-3.4961319856985 4.3665108500223 
-5.8381894558024 4.375866705703 
-4.3780119653573 3.416436445822 
-4.0555870316455 2.8571048055762 
-5.1861190062029 3.9123876591562 
-5.572737591145 3.1767356849837 
-5.8328390284915 2.5837076436414 
-5.6901975896991 4.09208999142 
-5.8107831774212 3.1655693238897 
-3.852389259985 2.9020778902578 
-3.3827438778805 4.3436517657052 
-4.158003388179 3.5162582991717 
-5.5014202606948 3.2895405530934 
-3.926666179478 3.5259294459386 
-4.9789036680042 3.9559876166366 
-4.5361998796027 4.3258369886523 
-4.5624294769917 3.264226850871 
-3.5187544893805 2.6416575959911 
-4.4434700641396 3.8526099885133 
-5.0425959660926 4.226802033583 
-4.1032271231252 3.4634818653113 
-4.6701942936752 2.8118787204294 
-4.5863171585924 3.0518805100098 
-4.9844129903882 3.274358087445 
-3.6408575123909 3.0930643275362 
-3.840584708587 3.7901944820822 
-5.5824427667991 2.9370537818392 
-3.3279682068346 2.5350606606927 
-4.3518994126954 3.9350699603823 
-3.5339514142995 4.0751270872166 
-5.0763262583696 3.5801187559316 
-4.9947853269293 3.9443016866417 
-5.1341521044323 2.6124138596123 
-5.5479877174549 4.1196481815649 
-5.3346424008732 2.7385132621171 
-5.335692337597 3.9322469620735 
-5.7899527510778 4.234242425206 
-5.3747899617147 2.7256007717234 
-5.6235149711944 4.1904744922675 
-4.1495606338924 3.5320884840466 
-4.2917404694753 3.6321351954507 
-5.4608740614969 4.1526153897594 
-3.3457358975844 3.0748019268893 
-3.3906497003057 3.7142950266267 
-4.4902406262107 4.0759677861604 
-3.8821794508369 2.6950058055019 
-4.382063056558 3.446290565301 
-3.9148839274817 4.2276132733199 
-5.1712585126409 2.858435717408 
-5.4657072431457 3.9208923174971 
-3.4587527776592 3.0519323332073 
-4.3930580853441 4.3117125385006 
-4.8708662363377 2.6693450129135 
-4.3910007866797 3.6233950081731 
-4.6262379863299 3.4099383005849 
-4.0841682915176 4.0337981115674 
-5.6337346444603 3.7379316001922 
-5.0989568628582 2.8646015863747 
-4.5753935501831 4.02965264537 
-5.3286450111672 3.0029088123631 
-5.0947261212861 2.5324439071623 
-3.4029201498338 2.7804652907501 
-3.4932518527321 3.6701024342074 
-4.7946358645139 2.7300284074083 
-5.6267953918889 4.3493262313487 
-4.0529248504335 3.7209418000192 
-4.3121210659273 3.9004698658695 
-4.2586629593169 3.2622623095381 
-3.2363992705865 4.369611085849 
-3.6626198378213 3.5716469402974 
-5.6404668613544 4.1353099470581 
-5.6375068779751 3.1622101578986 
-3.4432780631119 2.8037052558171 
-5.7154178676885 3.2400879846691 
-3.4332960975858 3.8338248768057 
-4.7603706903131 3.0527420110221 
-5.6971441778904 3.2076984745088 
-4.9037511524449 3.158443965392 
-5.0250714263661 3.3202366531618 
-5.5440246248682 4.3756668139163 
-3.9607533032127 2.9625995097615 
-4.1979359257991 3.5846048810721 
-4.358063899385 3.7814157020171 
-3.5550213177101 4.2272169300786 
-3.4623297107757 4.0795551222245 
-5.2196998759662 2.5338722109544 
-5.6105995375329 3.7981966153301 
-5.666796624247 3.6998887512119 
-3.2873546140131 3.2089320057397 
-4.8977882572025 3.3857080720016 
-5.7147981235517 3.2555788837095 
-5.1782505168984 4.0298020614784 
-3.7208534544294 3.1213378856746 
-3.3628430292423 4.1427979985644 
-5.3256382789682 3.3284805643406 
-3.4154467459534 4.0841645701213 
-4.4304595485042 2.5629178264593 
-4.8273101971532 3.1433601296301 
-3.8280307789008 2.6635411901164 
-5.6857606823281 3.6686010121767 
-5.3279965422631 2.9220442157657 
