7.852281692432 8.6405891458836 
8.5472803937502 9.010251349281 
7.8556792809007 9.3326489024251 
9.9947405839027 8.5636986679094 
8.3140114806849 9.0536320359013 
10.38438115307 8.9467854687888 
7.3083521022181 12.235813528571 
11.734547744236 9.419569750459 
6.7521706144589 7.3730150284736 
7.8876835814832 9.7554672135354 
7.8680345778447 9.3704854110111 
12.443899603868 9.5824350904285 
6.8720415453847 7.722303991483 
10.263398153577 8.841396174692 
9.3450044314593 10.888636903223 
13.651544097463 9.4585168756772 
7.4749222954837 8.0808301913076 
9.947283272346 9.2052322657589 
15.716900845701 9.253461325662 
14.76841610796 7.728269276404 
11.744865503281 7.3883691310751 
10.874692794188 8.8255479423148 
7.2718791652437 9.6096107705389 
9.6828156431387 7.7629193668874 
9.5584140296205 8.2451670074701 
12.476948869967 8.3313113814429 
9.2041524407277 10.822311123547 
7.9246217625632 11.16641985651 
7.9324769117032 7.5844292810573 
11.69161304174 8.006137144577 
7.9816575947683 7.4632625455207 
8.5518580052907 7.5490600834721 
15.2794413878 8.0035435502903 
12.173034457915 12.02390822644 
7.2480039950803 13.433457581583 
11.801117168527 11.472381525367 
13.539269347599 8.6340830055254 
7.183864344263 19.994452402994 
10.932633142169 7.9053019458472 
8.2796900063541 12.258536358858 
8.6285375474259 10.902123137268 
9.3174412505994 7.3460862614674 
9.8974794357813 11.921113844629 
10.073615897395 11.910946896927 
6.4190652907067 12.912458495208 
7.8351618874951 13.312460726726 
10.93981308631 9.6870521721879 
16.616125015572 9.7939962548233 
6.71880535019 13.768304144701 
8.8993868336559 12.014395454058 
6.9923109418955 15.825712094324 
11.554347032724 13.46502844291 
8.3023603049456 8.500850600901 
6.8893228018675 8.2069482198156 
10.913510164912 10.360321963804 
9.4634948374172 12.362535448823 
7.1934891563382 11.624155703443 
7.7432354918108 7.42017132674 
19.585676054035 8.1145886526981 
9.9132503035737 8.7733447314575 
11.989416050806 12.778378516941 
11.255993695611 7.4350062639639 
8.2431298031833 10.186455243859 
8.4721398867618 13.606903446846 
6.7784638326634 7.2984303311377 
11.514504461996 11.322489170144 
11.397903872589 10.312856678931 
14.083112506847 9.9595506860172 
9.3521841870629 9.0893483853541 
10.98241166177 9.598089809334 
11.100720483929 9.637305517524 
8.8414359834787 17.862315352385 
7.6221897002463 7.682973042206 
7.3476837296812 7.3757985343896 
7.8724819782156 9.1438286899841 
8.0798011801955 9.8562033302459 
8.2760839937811 10.754031797339 
7.9038662306163 20.107138514249 
10.292497024574 16.302676134418 
9.3059340272091 7.8749063564784 
12.299675790844 7.895568643541 
6.8192505305568 17.758898037912 
13.913667881845 8.4930031566868 
6.9909016458497 7.3621284149278 
8.2749309195974 12.321594099786 
15.25884760466 8.5914269088494 
7.5077087291471 11.940244972468 
8.2597572710656 10.672277059844 
7.3013442877665 10.485835204936 
11.077369804752 8.8926900411935 
7.3560126436749 7.7303898852861 
12.607436149629 7.730431558258 
14.440276855849 7.5373104920924 
7.1176810237193 7.9196348115747 
7.3027939260888 7.4323067189831 
7.0554406935129 8.1338137867924 
11.094830700163 7.5154810560281 
8.5999905225884 9.6800255828626 
7.9443560461245 9.6584504714327 
13.557290200793 9.0321079784105 
9.8892316356039 9.9629441244952 
11.853694638924 8.2109286282507 
10.853329287006 9.1949811874632 
12.360296161223 8.9957448231079 
8.0779514086448 7.3961892371175 
7.4765381439099 9.4098964553871 
7.4242576358404 12.415827050059 
11.366727294569 8.1780320408103 
9.3292437670113 8.3666830750216 
12.149433122687 7.5772074010627 
7.0249127875154 12.941291589929 
10.640101009182 8.9417297556293 
9.89713906164 13.778389889205 
6.7795073868585 7.8549291808845 
12.546457596348 8.6894346010827 
7.2451225089418 8.0220004554661 
6.4478113568423 8.1121662595216 
7.8858426641982 9.1501521502315 
8.7669114696407 13.706344248037 
8.9986321384885 10.377668015871 
7.069373030923 7.3503288407887 
11.393848042567 10.376661806364 
6.3867598741579 12.391172971364 
8.8679334654705 7.7548458033953 
12.096199196656 8.8153574287886 
8.0166238082609 9.6599923033572 
8.4762362728381 7.6195801182521 
6.6945114757453 7.88214869957 
14.375817781094 7.3789877127057 
10.047117257326 11.374582858981 
9.2216441978228 10.249563265982 
18.026629733991 10.339964241801 
6.7637613583192 19.971868491262 
10.029237765994 10.454788231286 
6.813749402279 10.563989656132 
12.060833685955 9.0641831777601 
10.442615403869 8.6042756965995 
11.110645083154 11.453115287228 
6.8500049364993 12.787474772757 
10.112600984694 10.209041079876 
10.950634253637 11.633359408992 
8.9033230547913 16.240840666734 
8.5048619201515 12.025008903442 
8.2152706380023 7.8199184270714 
12.769475613974 8.6972163051741 
8.5320446258218 17.008565016102 
13.225352248634 7.627355270128 
9.7749922679758 8.1110634426484 
6.8865466761736 11.459331763039 
10.735890672543 7.4288485268967 
14.119164065078 7.9371573757194 
7.1232829343573 8.4894026779926 
6.9396370818264 11.251350730416 
6.6499338866923 8.8313959556214 
6.8286517948459 13.850102045833 
9.5474521675509 7.7405203422647 
10.06484363087 8.5192853721419 
12.706789792935 9.0964511944207 
8.9374294996702 8.3851086701933 
10.654363888348 8.1852631878852 
7.9991160231943 8.7208993179886 
6.439291519654 13.333074029046 
6.7733589751102 19.187115442518 
9.6634568964578 10.57194741364 
10.388265738883 7.2968494593383 
7.0266579393401 9.8125114771362 
8.17641117177 9.1823880480202 
6.9002855982486 10.882935700138 
8.7773634535575 7.9639061829634 
8.8109490358626 9.5848562925632 
14.436932547671 8.2308441392817 
7.790333179275 12.413914264296 
13.337290515621 8.3306387460395 
9.8200122978278 7.64989221714 
10.188147472985 11.858161162061 
10.670078273011 18.621082160384 
6.4898615654678 9.3162294165841 
18.613218283915 8.7397587714409 
8.6730705312516 11.119832073918 
11.787333034377 9.7358125087934 
9.1202163743377 15.681571839604 
8.9279950713502 14.594174339476 
8.1246326103481 7.517693341581 
7.6042674288151 10.278750043405 
7.5965735528003 7.5967560469557 
15.122015340785 9.0127642195886 
8.5572677125379 8.0891404224441 
20.025893876062 9.4996277005975 
13.479857783729 9.8870265343367 
7.7103316551416 7.6895155686683 
8.574209799913 10.420390150617 
6.7951965170911 9.0539690042444 
14.687041581278 11.325143135943 
16.524791704804 10.401797204412 
11.589299858848 9.7150217779005 
8.0419963810491 12.918921182378 
17.203657373488 9.0518429346428 
13.728359843223 7.9943484452497 
6.3908765458263 7.7606888953041 
16.70716570873 9.2925214804614 
12.801194142234 7.8423985994646 
12.855449231896 7.8297895226823 
12.850831824573 10.101225490319 
10.126736592682 7.6607830056935 
7.9306138711894 9.9384927476466 
9.118103627318 9.3041532515945 
11.013458781777 11.341154909439 
11.577053430837 15.48072802042 
8.1841980765477 8.1130292526538 
7.0485077851857 15.870754770064 
12.478372759827 8.3937095328246 
9.631723780337 9.986216129354 
6.6400613236639 8.729160881358 
9.0109185251686 10.352757351813 
7.6811503040131 9.2273367635293 
8.1514055676105 7.6704918655367 
10.883326452006 12.199892764519 
12.711372476895 8.0393664650147 
17.261578729967 9.8941484092575 
6.7658618360731 8.6481351176687 
6.437961696464 7.9495923992923 
14.77517445844 8.9002498777076 
7.1455621570145 13.68490081458 
11.717960473866 10.365316327275 
9.9473340443235 11.285288116111 
9.5017414079758 7.3829670329383 
8.4176212568987 16.147225723099 
8.4681986549637 8.5762825281297 
7.2486582537188 9.517997922156 
11.242926516014 8.5058014227779 
10.457405180515 7.5986743803791 
6.5319899418415 9.9951106710395 
11.934264779061 9.4753623129395 
8.3928194923322 8.9956660032302 
7.5362330194304 11.12317343706 
9.1728033644544 11.476199977287 
10.788561791636 7.6611786180824 
7.6957499610102 8.7035750377668 
8.7160711832053 14.759719054182 
10.148864790715 11.232316402617 
6.4669950209399 9.4724952275807 
7.3463362623324 10.399722375378 
6.8734868537793 12.579946626191 
8.1141689701497 8.0540281793394 
6.5323588356414 8.6943029261742 
15.637194859358 9.8070641633275 
13.851207977918 8.2288368693137 
8.1687810763698 8.0637961692777 
7.6833406854162 10.378446968893 
9.995073562609 9.7505949468215 
6.7511598964188 12.008084447992 
9.6012653872908 8.4329371761512 
8.8287831446707 8.0339835218397 
8.1713765391165 8.3138166337938 
9.1980250912225 7.8397344808572 
8.322199342521 9.8514179738468 
11.280651117909 7.7186236960405 
10.197222520025 8.9442143898558 
11.80764321068 10.346254662453 
6.4272342821144 9.2053393234746 
9.7053369994887 10.821022150916 
6.8975507598486 8.0251296059763 
11.710169446334 7.337681289109 
9.0411941234149 8.3646545849407 
13.104486670279 7.8660497771642 
7.2433011358185 14.29456436777 
8.4466162052496 19.36146112063 
7.4385024147123 12.655061722125 
6.8684788304086 7.7130050552369 
6.9894889992773 7.7705436029606 
10.326898006447 8.988097614881 
8.5982301497093 12.724897646257 
12.637201006419 9.2883176306064 
12.762624656887 7.4299099844904 
11.423434309232 10.585572210483 
10.402027729854 7.526168362077 
6.7624429783879 8.2794687772555 
18.119043744687 12.228025375848 
8.7359627400494 11.214855489557 
8.1276361654557 7.9569732855253 
6.6336537862286 10.752637722452 
6.92758875287 9.5412285677447 
6.8730046505936 10.612988986893 
8.0657927056375 12.634600112519 
10.690014672425 10.099866606627 
12.903650564588 8.3924840300192 
6.3997541989149 16.14798423146 
9.2399545123893 10.380103190889 
12.676904836264 11.895024798591 
7.0626504947142 11.621702036167 
12.02342375834 8.0366888379184 
9.3919518344484 10.403072482916 
7.4095964614904 7.7945942167549 
7.7742659916333 17.82064727109 
7.7125377213807 7.6169446360146 
7.1644958657992 8.5905483142631 
10.587936735018 13.398743827349 
10.153216341673 10.513252292827 
9.4556880739164 14.664305857773 
6.5312181145686 7.6066120371994 
11.027687981334 11.558480652906 
9.744397994612 7.3947823709426 
7.5933930239947 10.39076295077 
10.745778138666 11.005556902803 
12.259753071487 7.7008336015713 
6.385455318454 7.5636792572755 
7.674363170028 11.147475834104 
12.027882014912 10.052123821719 
7.2992118097636 9.157541037615 
9.5632947487748 11.681460962783 
11.461631937288 7.3153154729713 
7.8046119080484 9.717244484293 
8.9348624953781 8.3490545652819 
7.1659192180934 13.825281693146 
14.046433086513 9.5284624648272 
8.3647271316089 12.224070715495 
11.128011605853 10.697236483809 
10.598818649973 12.445087316924 
9.8666441605548 17.895065586374 
10.864290882156 7.6845654715172 
9.6174033944761 9.0055260861108 
8.8388222875484 10.410707612897 
11.034673053544 9.002612257149 
10.554345613137 9.044435054622 
9.8691460231975 14.539939005457 
11.05871548265 12.235145481786 
7.7167307859535 8.5595631221208 
9.4573765828748 9.5259920962425 
8.5623877282764 9.9444263830592 
7.4703823996289 8.4194062622461 
12.052351423542 8.7667260287102 
7.9799449961371 7.4249138995788 
13.78188432247 7.3002582966151 
10.134313611737 11.640455356257 
9.9241942445818 9.9141412166842 
11.718773512893 8.0879178889037 
12.385201880223 8.244806089628 
14.512928642224 11.72490186361 
13.010800119787 10.761902808082 
8.8826737572388 11.315367727488 
8.8085173975552 7.5701003320274 
13.840372846625 8.2904187329785 
11.338404802489 8.1945055056764 
13.462280609811 8.5848416638448 
11.339073842897 11.768511453925 
6.678578924537 8.4608598226933 
7.3140957144108 12.212541218565 
12.512503997194 13.407724124725 
10.245006142048 8.1705453145137 
12.076085783975 10.874936826332 
14.844587364509 8.4839861029145 
11.044293104735 12.72261796343 
11.087355604395 8.4458023994014 
18.477263962113 7.365705925765 
12.623029623182 11.063172965045 
12.338471768968 10.329007619732 
13.995283079493 9.5432096942214 
6.6389914966988 11.66498254883 
6.6963743941711 8.738805364471 
10.511962142451 13.507059055403 
9.3440410802609 10.83047586978 
7.2730795975516 8.8467071094416 
6.7306154883266 8.2556499305614 
8.1286999580001 9.2843046188917 
14.584980020309 8.1395778765206 
7.7299190722005 11.901727534435 
14.221173130377 8.6930071649981 
8.1528607383355 13.999530827226 
7.8577076121712 10.762976271007 
13.724160052902 10.666586123603 
6.7197667978369 12.255190647553 
10.859035723174 8.6750961910267 
7.860493359903 8.5613329607663 
14.298631104151 8.3744280854985 
7.8559172486046 8.3616285108076 
6.421001345115 13.324279040408 
9.2898490717156 9.0475917852609 
8.4380399284953 15.910025823777 
9.4145785842358 8.8077143822929 
9.0536643893658 11.408451580998 
9.597966339423 7.9769509990168 
7.0177253480209 10.550392907847 
10.907497966909 8.3712798349822 
7.0511651871793 9.839128623396 
11.597699142792 11.52525187689 
19.844167216768 7.8556125306899 
10.988417074305 11.290323276111 
8.108205877752 11.095625281092 
8.3421813400514 9.0669986693983 
13.500345705375 7.6654115450344 
6.8764686367282 8.2605790152214 
7.1932480478211 7.7053655872862 
10.43892523605 8.2848132098374 
10.69995114942 8.2821418195541 
11.31537717103 7.6089905290714 
10.989840525543 8.3711985213807 
11.738118313136 10.158587337253 
14.656177775571 10.077605086068 
12.138176336198 12.470332865883 
7.3188350213598 7.8718433504314 
6.5790592991585 11.004721510142 
7.7101318019165 10.586945673815 
10.53247920354 8.9947469981549 
8.0057786596091 8.9044567054368 
8.5892201756243 16.925562093445 
7.3475674523036 9.9196527697823 
7.2973983127619 7.8517341783165 
7.0138888632093 12.457566887573 
8.8539885986955 9.8784817051964 
9.2053575734313 8.073512151808 
8.382282331423 11.044521246602 
8.814819758932 10.415323257037 
9.8048932492636 7.4768640294422 
6.6232885776708 14.174967675979 
8.7471665664148 7.3493566235719 
7.7699944310803 8.2098659800041 
8.9163439682718 11.31640466149 
6.704209608933 9.4639729247233 
6.8381912855155 10.168635276932 
7.551803794179 10.699109894505 
8.0752092962103 10.670720563358 
15.995709857335 9.5389544704309 
7.5351580768149 8.1735491255056 
13.076066543768 7.5208048870893 
12.728380396823 9.6551492615047 
8.8331452473689 9.2808189468827 
6.4365222467138 10.777846047692 
11.55566096115 10.429038668328 
10.724325313419 12.058012476251 
11.930666799309 8.7711531177641 
6.6617952745937 13.887425614628 
9.8712243817124 13.676069427593 
7.8424688518102 9.0827257538241 
12.539037312961 11.570113361958 
17.074423658534 8.8942564515014 
11.133536100339 9.6462080782375 
6.4910299585057 13.243352011405 
6.5285493712286 9.5689836188636 
6.7440354729496 7.8702830392974 
9.9781891447925 15.796689401189 
6.3891304386192 13.265465978702 
11.959970758632 12.214366043907 
10.371412386977 10.299408764377 
7.2855228158238 10.162413349451 
10.274395736532 8.0806879965355 
8.1457884994276 9.9349301897637 
9.4456888044971 13.074134729033 
6.4734244207655 9.3753153844976 
7.5123036114553 10.464811017417 
11.693083495758 7.8500653433911 
11.238621178575 11.827762249581 
11.458294107712 7.3018380450818 
7.2808507477907 10.528153503019 
7.8593075230632 13.07321368656 
6.398542645396 12.614027404068 
10.438032839087 9.1347656026172 
9.3664445640476 9.7607799540514 
11.464490675397 7.4434722151642 
9.1096241211703 11.556920547673 
8.5689803786873 12.813357949094 
13.77027902402 9.3241391093957 
6.919689563167 8.1601906211122 
10.323520106723 8.9054190879654 
6.406525712187 8.2812736185559 
10.313374162313 7.8954941888605 
8.8050386610766 7.6733283357539 
11.618952508065 8.6781840318255 
13.368172140538 10.840697499828 
8.7326408189177 11.044115982705 
7.611392133203 10.574832462456 
9.1627203728353 7.5279429244719 
9.6409099762791 11.533950578261 
12.767440424353 10.108350000747 
9.8506775587073 8.2889586352266 
7.4863918969404 10.105464380103 
7.1243903665686 10.899526637106 
8.6053501909778 13.392071404421 
7.1225412020448 8.0198642953701 
7.6071272268821 10.804117965711 
9.4840074075489 12.512609040826 
14.550742575085 8.2484702786268 
8.1428759280484 10.027439082201 
6.5898479543789 8.3634447362328 
7.9146698000442 12.241175797301 
12.733772412627 8.6527598193474 
6.566704390026 7.9686363109819 
11.306502222353 12.857408667616 
7.937020738524 8.0598663295352 
8.0160015271599 8.7910752522186 
8.1323934902593 12.847554846232 
8.7296340033311 7.5038203573649 
7.4931023307147 11.226616729001 
12.697717597251 7.8323547370977 
7.0301499344855 7.7853304589139 
10.230368753304 8.4735902906613 
13.839101608431 8.7147115733547 
10.511518914891 9.8441879249074 
9.5354798286002 8.8670401491845 
7.0792245146572 9.1655128807938 
10.511455048018 13.167217916042 
13.866436066472 9.3312093188534 
12.074355909256 10.488644115209 
7.2589960982581 7.9964478111376 
7.4947000470168 12.766196019724 
7.1816805311491 11.050198270033 
14.562674390662 7.4277025924627 
11.391655072902 12.941958909183 
16.016656822498 10.768393049447 
7.975372416883 7.7785928616209 
11.612209383245 7.7790442405412 
11.815093598008 7.639947653652 
8.2624086402066 8.2654047738597 
13.486403822462 7.9281298480882 
9.9615063538293 15.001532103427 
13.492057769243 10.812079183756 
10.841753108787 8.7030330538877 
9.6416076060523 10.503852534054 
13.690500039129 9.5763366560995 
6.4047560908939 9.0863617030075 
10.471725014159 7.9505527650356 
13.260908352604 12.98942918558 
10.71745213333 10.058757104284 
10.257314598985 8.8960471795488 
13.152961922578 9.3172445668011 
13.548091359302 10.720250618388 
14.637554677962 9.9251739955846 
9.1162098303967 8.6576257488426 
13.719595831698 8.8289463765132 
9.6728471552667 11.392253238004 
9.2618487435722 13.416144912807 
10.730843619203 7.5307712576784 
12.323439300622 8.4536520668197 
11.224033109621 9.6189701314984 
6.7134358672511 12.198911554722 
8.7962987657978 15.281913914685 
10.86051213334 8.8050286675934 
7.9002691814492 12.999213332573 
7.1206482373792 10.400584401823 
10.643941400396 7.5044744555632 
10.963474791382 7.4220891932043 
7.6319967578661 11.674281342604 
8.05605365185 8.5242500963942 
6.5807290626022 10.686213683145 
7.4669628751128 11.898878925596 
7.2027653180349 18.995703107119 
7.9455291821544 7.6236450747137 
13.145472878736 7.7483771254501 
11.870527466913 7.7788793570079 
7.9399041038939 9.5327752158281 
10.4652268549 7.5613633511859 
7.7822256340617 16.160361117469 
8.446823595713 9.7774487562317 
7.1879422271368 9.2973790207483 
10.569198875376 8.5407247951699 
6.8940539021431 12.974485311188 
14.39986488593 7.7297960993613 
7.176033922138 15.057187706062 
9.0976539953788 13.255442819976 
13.42482132353 9.2803608934901 
7.3967385164213 9.3168428083744 
9.5531011547561 14.174646967559 
8.1580549905329 14.358777048352 
9.9882524450782 14.006421826573 
7.8063438443945 12.307483688004 
9.1362557304225 14.837803675274 
7.8164062066748 11.190090314947 
8.6900929445828 9.5808712473918 
7.2708828899045 7.5402532118961 
7.2183811964338 10.047315137357 
19.855036995868 10.47848922092 
16.258012978467 8.2194957037068 
18.007300983823 13.616463472567 
12.143814513214 8.3428603421243 
6.8454415264574 8.2823976528904 
9.7369214342029 8.2052619432524 
7.6874098412166 7.4191517665728 
6.9661601888178 15.684546164527 
7.5201458857094 10.302448398794 
12.260932926879 7.7703555031951 
15.94964480629 8.9373650368424 
8.8327641290626 10.874317756084 
8.6700656677912 16.122628328451 
6.7970964310423 17.698621996662 
9.6371668670413 12.440439105565 
8.4168837443292 8.1352521811638 
10.115456896058 7.7005413999394 
7.5600288802029 8.4936972613503 
10.112696687056 17.923518962751 
10.732572166086 10.80216277499 
13.076552894916 10.443732874642 
8.5562551159878 7.4958235268765 
8.9805228597838 9.6197631032644 
8.0579678154095 16.690187322557 
10.611942276646 8.0733132313714 
6.8781145892306 8.9882517013649 
9.833299062394 8.1253282075809 
13.939425197189 11.655691347621 
10.045682541803 14.759944546867 
16.823509352902 9.4304260065087 
7.0627790757341 10.896420885423 
8.4183604751556 9.6021153303221 
8.6359712961875 15.216929992365 
10.962296035196 8.3715589286644 
8.2394412139467 7.6809562560193 
13.745906094251 10.49254893945 
15.562015999311 8.3267555390955 
7.2764944845558 7.4437424533666 
10.480555980752 10.687718440966 
8.0181603994928 12.853140023242 
19.520738182144 9.8166393283437 
16.846374517811 11.63266555681 
12.47837424276 15.562376679493 
7.2840869451209 7.7595340955417 
9.85524196744 9.2352232201388 
8.4056939153435 8.2298496352332 
7.3405472753068 10.463808801511 
7.9562734671881 7.3795949457883 
10.335740255532 9.9678327087799 
13.339929147676 8.0780301718405 
8.4686387169893 7.8113831790285 
11.703688481723 9.9871559390582 
6.4796870329338 15.242006614105 
8.7681025638275 10.929150094778 
10.046567540724 7.3375749658487 
14.404693995357 9.4331718801978 
13.345564475107 7.9932501421237 
6.5613674544473 7.9891826244359 
7.3517971748683 7.4982467654437 
15.240395058453 8.6953731522146 
10.384033152412 11.898244448055 
13.066024939016 7.941489809507 
8.8977049025295 7.5446884660031 
6.856319953591 7.8886686827286 
10.243111526057 9.8040044569122 
9.8050646715431 8.9478832419101 
17.766766909369 9.8542350466524 
7.6752862322116 10.511343287195 
14.306678043173 8.4359579435353 
7.3416567827706 8.6458046363411 
10.033826383637 8.2601783147642 
7.5338962729339 9.1845239082994 
11.096636625688 8.3172342652572 
10.487561732233 14.433075435525 
6.453168299822 11.282949236746 
11.188142498332 11.777572745214 
7.9283825280312 8.691011851883 
10.541215772128 8.9608641973732 
8.6453483328243 8.675430013991 
9.8057864760285 11.870871894759 
9.9769308761748 7.4441769388035 
15.04641126423 11.253416837801 
8.7990203295302 12.449355860904 
14.719760284942 9.0606478661079 
11.27682104403 7.7239500964452 
13.137775909419 8.2461971436022 
6.5902328628949 9.972994448655 
15.610295937617 7.6509428045733 
6.6095251219497 8.2600887030947 
7.5487915179635 10.184329098378 
8.5927689920888 7.8549026770956 
12.821830260875 9.8811054088702 
7.4546766346659 8.6851133111029 
8.5215466186031 8.8987649910973 
9.3049504567126 14.782865738523 
7.1690244935619 9.0038684561125 
14.334727323918 10.193763764684 
6.721192540309 8.1556902499294 
13.247898626554 8.8165790811359 
8.8812578566748 10.16176201062 
7.0417754569442 9.3637657855786 
6.4778873532239 12.587402457439 
14.147219833473 8.5547898247049 
11.486196136557 8.4523258540218 
9.5717610811117 16.41054175995 
18.638848400366 9.2922626135424 
10.112835115469 10.967807895536 
11.970687975249 14.156250495103 
11.622208952331 10.748202142327 
7.5071477842903 7.3711368433671 
6.4139962370188 7.5899344960728 
8.6840319456939 8.3385862467921 
9.3607422643437 11.303582529165 
9.9226229885234 7.3861403658127 
16.017611370276 8.6065870394655 
10.377920516854 10.241956839349 
9.5508148368388 8.5233598730876 
9.3116618828498 9.4186062582081 
7.5914883425365 7.5196910702207 
8.8348108438677 7.4387186019155 
9.8271726843668 12.096960884166 
13.565780961598 12.099194623804 
7.4632834271351 15.877798220297 
9.0229930487075 17.220713523775 
9.8039392673665 9.489405239205 
6.4352934736258 7.7743599086325 
11.564073341118 10.359922687763 
7.5237375838677 8.7442423688391 
7.7442997361833 7.6852326881959 
12.054805389529 9.5675206150185 
6.5435582070854 8.3294911984126 
8.9729237421588 8.4400812755548 
8.3126710570149 8.8358236388102 
11.88913659375 11.039413028366 
8.7746267627841 8.9636125605421 
11.686793647499 8.5086816149132 
7.8022641007739 11.013506404863 
11.981095900491 11.586492472158 
7.5344270255988 10.708586596726 
7.1574931092173 8.3496635809052 
11.591114170274 13.007404512102 
17.348523526297 8.2175421752821 
13.997650387403 7.7338582446608 
8.5645135117158 11.094967226729 
13.610469336651 14.835474183849 
7.0602626324125 8.7360532724432 
10.784774356005 17.859738153518 
15.848387172551 8.6207134277418 
10.474288963567 8.412806609519 
11.573206375485 9.5784792309199 
8.9202701431391 12.485652885918 
8.344757279489 9.0294638352639 
11.693292841406 10.749320388228 
17.29173224078 9.5672491770065 
14.048657158272 9.5655378733788 
8.8297513672922 8.3532091624247 
15.748682141009 10.618923895768 
15.607635128783 10.05558038233 
11.55904555795 9.9645890962725 
7.1591012608743 10.455186183938 
14.280594652513 16.167463122392 
8.4050595046161 8.4671636050404 
15.940836589918 9.9910372294082 
7.0198865810177 11.147377386877 
13.002949120379 8.1298801816425 
10.239889828609 13.52041604031 
12.025497739281 9.1588005936357 
10.098839229982 10.782568168598 
10.91428529351 7.6270620675476 
16.049229072977 8.5249639217489 
10.865965575152 9.1004262553894 
9.2714118005638 9.1909042106644 
7.4927962398787 13.031396951516 
6.7742285279276 12.619289272133 
7.8486322470571 8.3244945749252 
7.3126749592888 10.86085606407 
10.846957928996 12.861342079138 
10.479213506593 12.729603671354 
13.382799398982 8.4104385866697 
12.077988354844 7.7672870232812 
8.6945796844373 8.8078493732441 
9.0593737833248 7.5378389807868 
8.2309129912086 12.699998418353 
9.5072518186245 9.6232698703696 
7.3124357233005 10.062667669728 
13.605020732107 7.4721091830212 
10.029249074752 9.7484580030349 
10.333823097552 12.699061042161 
8.177425457681 16.912236563876 
11.734402210325 17.865239673574 
8.1231004318806 10.713382525564 
6.5344128199795 9.0833402246675 
7.3991195207983 10.301613318175 
7.1028896471498 8.547640133233 
14.432153363604 8.4672995717092 
8.8819818844388 16.695381923005 
15.418634067468 8.0059801621122 
12.522950954155 13.43811416489 
7.5793344720837 20.14573058523 
6.6224766714956 8.7679771284373 
7.8650508456857 13.808175612596 
17.036818659212 7.9954883555272 
19.554412332986 7.3939996959485 
8.7729055285223 15.709306735309 
7.0036876929782 8.5002529820105 
8.1727832492946 9.5463852347202 
8.793962930904 9.8146167607318 
6.8071037730261 13.110206825677 
18.414863323001 10.53730758937 
9.4420485950134 7.9017495398578 
11.139147338691 11.201807883316 
7.0254666381417 7.769461991161 
11.011179224549 7.7184126424802 
15.394135335043 15.227259558629 
14.306305187609 7.724568964738 
7.3673225547627 7.9777420267771 
7.8764103703868 9.6685368454767 
10.640534581331 8.4429885350388 
18.351641727121 8.200750527914 
7.3666488094676 8.5734369088752 
7.744097631679 7.5027673239987 
9.6024633091622 8.9320172952964 
10.052252659234 11.302890855553 
7.0769153836808 8.4004354045462 
8.3240631295286 8.1823229603306 
7.3577208818356 12.80415468297 
18.323289250119 8.7072051227787 
8.7520134582785 9.0223626194142 
10.967513785086 13.499049768359 
13.086922175864 8.3999874248246 
13.917346610368 13.218576031755 
10.076221487579 8.9205955792077 
7.552275585661 8.5724450517863 
11.464854039688 8.4937936529634 
6.6217463036351 7.9180822110547 
16.845206969353 8.0304913862706 
10.927381799765 8.2272372235165 
12.669927094005 8.1632823205854 
8.596924559438 7.9247306350319 
6.804938667465 8.8542016496633 
13.468508845877 12.700775433375 
10.874996918548 10.3486655756 
8.2222038445782 13.897201104237 
11.311036087319 7.8301481871659 
8.3754153178351 7.7504359499631 
15.127930573045 8.8362215494766 
9.139041726197 10.181793449762 
7.8667342871004 14.171852191872 
8.2158080407689 8.036439440424 
9.5351181631703 12.074470713258 
10.565211956632 10.092225605429 
12.484228656724 9.4801865478073 
14.67198949794 13.609624526543 
8.8060396482923 13.097589935746 
7.2457220202186 7.957640684971 
15.741104851401 13.490239136593 
9.0161214925145 7.7732374370578 
7.9358387395683 8.0844920525566 
9.4064901025848 16.434801285755 
9.5890842092538 12.752701620831 
9.2325752499581 9.2382702217882 
16.265036558946 12.348530968343 
7.3542124509541 9.5610903305357 
7.2070779843454 11.082086717296 
9.1350114241917 12.206347113536 
8.2476371919571 9.3649826431995 
16.792929028726 11.510280372662 
6.4487183262985 11.817283965221 
10.775175565221 7.5668762099703 
16.693514616481 7.6806349553121 
10.83193880375 11.958525097866 
6.4947547752212 7.7751906377427 
8.8618281434878 8.1154638001318 
11.579338474391 9.9873752155289 
8.3352097668522 8.5470983628552 
10.984013329828 8.8425426099093 
15.843801212805 9.236406418647 
15.991910673788 7.7041570204019 
7.5425085861962 9.8233339493652 
7.1585700958512 17.27284342852 
10.536571899388 11.654089371137 
7.3695577196565 7.9336302100069 
7.9231226570268 8.6542086449532 
11.174416907299 7.9202920298818 
12.755623292794 13.96002419806 
7.2949247618276 11.733760266008 
8.3594059817648 14.536376263576 
10.202283379559 7.9269222932701 
10.345467138623 9.0941053233668 
10.645383246641 9.3191394536415 
12.393748067149 8.1207230455055 
7.0515303721902 9.1980588062211 
14.461100187868 8.9915031533164 
6.7570742277452 13.758273470631 
7.4345187866812 12.323777559195 
7.0939910362412 11.419515768866 
7.1537273927831 7.339562060827 
8.4012045280214 10.847039488355 
14.529380360261 10.590422048297 
7.1568618092039 9.2140823827903 
6.3883538542003 10.578860182947 
7.8671854831855 7.3590578519304 
10.646461038456 7.7785240000155 
10.361098367593 7.5499619190828 
9.142869271748 15.582194083705 
13.432065152025 8.6366551435715 
12.38882010221 9.2798569616506 
8.0398452457862 15.083704311928 
8.5594751420841 8.4661521473412 
8.4176057220945 7.4002776748708 
9.708135155795 9.6429337821684 
15.168131046491 9.3506562864106 
8.632737371191 9.2384056587871 
7.5206389499376 9.7607026016538 
13.759035691502 7.3089864643802 
6.677313650451 7.6194612928335 
9.5223001147095 7.6803524835929 
7.8739359221754 9.1160614159183 
7.8471885902476 10.769645197881 
19.369663243691 7.5480779067454 
10.083645603507 7.7348568595137 
7.2624761826049 10.400555480943 
11.437265912893 8.1915793305312 
8.8974780928117 9.4172779663979 
7.7136752163504 7.7759356870512 
6.7123955344449 7.8704792171693 
12.882050011336 11.517482761454 
8.3160612237963 8.1446737738588 
10.50544845362 10.872186886002 
8.1517412552831 11.68974651335 
7.653448098373 9.6085535171829 
8.3983952707893 8.472343407192 
10.980556244208 12.387331888384 
12.535788001572 8.7849396771723 
11.856921402802 9.2300361790705 
10.968881075589 17.757548538381 
7.0384509579702 9.9635942175408 
8.3004782375426 7.9378760042525 
14.07126677484 7.4240769062494 
16.904808490898 8.5182767029862 
11.675155866146 7.9148797092579 
9.6942488847739 8.2088311409783 
11.18853957545 10.370615259623 
8.7793409568813 15.196655394472 
11.491861416472 7.9624238849818 
10.11380534414 14.647850989819 
14.143113023681 10.150249048799 
7.6949009099394 8.5889110380704 
13.156361224405 8.9295012833181 
6.626799552976 8.4713469398384 
11.76730339714 7.878576190179 
9.5318218034318 11.703674354705 
13.190922253404 10.528916423737 
8.0116401127746 7.3281671329171 
10.778379877767 12.163345265974 
9.6012890727211 8.1917301407163 
11.413127160984 11.566743850735 
10.724033365025 16.517742056573 
7.3911998846391 8.2823836748951 
12.041869857537 10.960595524967 
12.171088594732 8.4246044154365 
14.196649126257 7.9782418425811 
17.25811881016 9.485512189076 
8.8117174555112 7.6210283685416 
7.2306442518312 19.23811415061 
9.8215242905399 7.933094789043 
7.1673514908375 8.342302141347 
8.0790175288721 12.070268341931 
8.1365634875825 7.8611896153527 
10.123996756827 8.2568422252422 
11.338407950268 11.394536748996 
19.412919587721 11.435855243779 
15.04571310428 11.689101429066 
10.633951991768 7.4837351093412 
8.6991873389662 19.648011956657 
6.8919313044731 10.722348936755 
8.9055639955772 7.7937438088641 
20.996227508628 8.1127762838413 
6.6233731511765 12.08739585326 
11.834665865332 7.7272342716906 
13.672496838683 12.376476486382 
10.753969613014 9.227101189021 
7.5956529749909 8.5728873274578 
7.5903088783251 10.875966689796 
13.50454629745 13.71347492686 
12.758543013204 10.784682564148 
11.077512239924 16.861419695265 
8.4667439638544 14.82586126356 
8.3393828823293 11.318252131936 
15.068029923176 7.5675726925807 
8.3219293693599 14.01214698581 
11.747439005137 7.8657085267724 
9.9595280001009 8.6896897560486 
18.810351281974 10.400383782924 
13.876341015389 10.2528844812 
8.0861946201564 7.4303369294156 
11.836513777977 16.612694590186 
7.0960121920046 7.3042490386858 
10.933015600973 10.409205818448 
7.9212437835076 11.60993827685 
13.013432033988 14.822361210817 
6.6041163283514 13.296036698005 
8.533905671924 17.876646258811 
11.003956753126 10.254181835401 
8.2662187432999 7.8278743437381 
8.3257054668229 9.6183808430618 
9.1445629428454 10.131907330385 
12.714761151199 7.4767178422402 
7.8320714212403 8.770643245515 
6.4753181585181 9.711253182536 
7.8614167022648 21.367522796728 
8.663745334426 17.084985536257 
12.588509074167 9.8834801936859 
10.358624327971 9.234523131516 
7.7123809154069 13.045987444238 
13.641812269002 7.8839687140326 
6.8867271987509 8.2589097616764 
11.584718995078 8.520964567626 
7.8679379235797 8.1378669973093 
7.1380026750496 8.537649417752 
7.2509760916343 7.9536743580348 
14.224948390963 9.2633125611552 
9.6202396161343 13.933600229225 
8.8134693268499 7.4111308897868 
11.555059504505 11.424024826957 
10.130061153797 10.630983558667 
7.3274051554341 8.4258113590412 
16.858960654231 9.1297573343884 
9.8002078665522 11.499258563666 
8.644960698534 8.9198145002566 
15.85342079522 10.675180303426 
7.3649760567891 12.833629912319 
21.804263300902 8.2024256233785 
11.386420127702 11.281415976898 
6.9884942050194 15.836617554593 
7.0843843767252 7.8134397700382 
16.618827320987 8.1913638696016 
12.847341599921 10.894177470363 
7.0753708286445 8.6056212818303 
9.5925153462067 7.4469396691328 
14.029225435173 9.1531612096232 
9.7527172632018 11.347932668004 
9.9909953619707 8.0527293268408 
13.762011289594 8.0374253439688 
7.8050103840269 8.220731227796 
6.409657769882 8.825663029467 
9.0540508093466 9.2260325641371 
10.345044698897 13.998213389945 
14.768236487552 8.1321234089562 
6.4185991348914 14.687678485035 
13.310406749519 14.624619033036 
7.7709524112721 12.589773092257 
14.006006274041 11.575968378654 
14.218080310614 8.1149511053146 
12.630328795024 9.4466938568164 
12.091763099914 11.036989328053 
10.814505653491 12.670417593174 
8.5884999739583 11.465336648321 
17.046515114186 14.260300594402 
8.3569616863727 11.907423457769 
13.276329632168 11.621737413128 
7.5309395945284 8.388991716644 
9.6649031443476 10.291104275256 
12.06660555962 14.230319065263 
6.5421689228452 12.216267497131 
11.109888296919 13.847255538658 
7.1282047077222 13.099009184626 
16.941434905576 9.9957270252998 
11.308388805523 8.5394529205137 
12.890732258513 9.9651253238678 
6.9350903469269 8.8587358236259 
6.4273497465368 10.045061384847 
7.1867391181861 14.27649950758 
14.131130405824 10.014233457973 
11.255803782758 8.1824791711252 
10.589001215666 16.617419033377 
10.319515584187 7.8528423622195 
9.2129385249859 10.582661362902 
10.793363965739 10.313595693766 
12.986980178842 11.082719090569 
12.793690418073 17.662825065419 
6.462754868923 15.410874084907 
9.927448177209 16.233161854091 
12.362766022503 8.1847213741403 
10.070358714398 10.884575827259 
12.241688523328 14.267752804397 
8.6570892795442 8.0531916964909 
6.4748721452682 8.3489089541021 
9.1475959306358 8.4685814739341 
6.7417186532331 9.1826105692552 
11.781216972327 7.5001230285526 
13.377519801128 11.241535954281 
6.7961196175852 12.651447352924 
16.123744322393 8.0262855007244 
9.4456976110154 8.2275992639509 
11.663300097778 8.219973777809 
14.828629535165 7.3346380083192 
8.4075371327759 12.159415155117 
7.785754315294 13.831009575861 
7.473555559484 7.5870177509142 
6.8676328452488 13.6566337773 
9.2959286140387 16.957543105241 
11.611809295022 8.3205447613779 
6.7814126825948 8.8932676555506 
13.282323071651 8.6691635493998 
7.9608499428861 16.553718711491 
12.286714613619 11.840669712652 
10.29057706559 9.3086961551252 
17.354694675108 7.9106583889761 
9.4347304033585 7.7572079212215 
7.5842583852092 8.0272496890177 
13.227186721553 10.009316932657 
8.1451225705675 7.4747156458356 
10.422206027893 8.4826752950025 
8.2006805907194 16.088405541494 
7.3080181170524 10.302404797151 
17.573758781473 9.015364761976 
13.495698125322 9.9579703111657 
14.015356705153 11.815372862071 
7.1973650040749 10.460755121223 
14.762538771413 11.312193372538 
8.9627664530301 7.987418990665 
14.944894855979 9.0168384915637 
6.4670496476566 13.68055192638 
8.0464882687114 11.229722701829 
7.1790655158652 12.416395421649 
6.622205654546 15.085898667414 
8.4167133406648 10.447417584013 
11.083402072678 9.3789724980337 
14.884042958611 9.3119662710172 
10.222136260868 9.3119251692289 
17.873609572201 9.0259854239533 
7.5486162151653 11.17658816303 
11.211734126092 8.9362083389418 
6.6851746168789 9.6228185620119 
10.777497050209 9.9833048811446 
17.551560942874 7.6098551911501 
8.5662178143639 10.671525610557 
9.0478034133153 8.5736380679036 
8.050055731898 9.6613399954589 
7.0588872038534 11.008829430223 
9.7269200294812 17.546056310611 
8.0412354394309 10.46514690746 
9.6325424927519 10.877249322634 
8.3449760164064 10.747064614453 
15.834260554655 7.5417684567062 
10.401845503265 13.474885109142 
11.791342345075 12.250516890399 
8.1508146608083 7.7597853476627 
6.6730354920639 11.706495350838 
16.90698439773 8.1146995261051 
14.046763190319 7.8754304504439 
7.9471197754388 8.0231424881125 
8.1456832547578 9.0391349485487 
9.5804107799737 7.3447232815526 
6.4788695393035 10.345935638316 
13.748192067802 10.717742426035 
7.6689836030055 8.8403250881324 
18.476892395726 8.4867323593672 
10.306706915696 7.3449292901146 
11.914312823717 7.8225714967968 
16.212060670036 12.350681195873 
12.127161205236 8.2514913419024 
10.92525196107 10.964990769713 
7.5060699207172 21.21018495374 
7.0324581714371 7.5817980445414 
9.9165635456005 15.825081501969 
12.339801598415 9.5248858600554 
15.632319602109 13.785925576646 
14.207004300074 11.216933433203 
7.8613282756947 12.359212151519 
6.9202072208051 10.818989832994 
11.289396657058 8.2603132587173 
13.66082529128 13.97728536241 
9.4729461237943 8.3837097906055 
10.003280506419 10.033784555381 
