-4.349662593805 1.1895033436922 
-4.2103198494921 1.0019710660377 
-5.282135011202 1.8452757046211 
-4.2335922963513 2.1777553053009 
-5.1174244066672 1.5785432189504 
-3.7571894582425 1.366476868301 
-5.3681419907233 2.1179041284461 
-3.917364689307 1.4375780598151 
-5.8722882397397 1.2259026814142 
-5.7449721700211 1.6552806752598 
-4.9612607468499 1.6958599287196 
-3.3254911715333 2.383979697983 
-5.7216207873568 2.1804239147522 
-4.3665728851556 0.80123173125607 
-4.6842570871726 1.883388822007 
-3.2512677931133 1.0588695287171 
-5.8173327620881 2.4586439469102 
-4.5495254332605 2.4293536493884 
-4.884144102424 0.82078051509448 
-4.9170658115354 2.229792944685 
-3.3836669759256 1.1019403457988 
-4.7146181836851 0.95545564447921 
-5.6873733361047 1.8714527239031 
-5.6022783088749 1.4069060224701 
-4.1627393648537 1.522882530897 
-5.8812370200643 1.9176180452338 
-4.4926108695413 1.1741219619198 
-4.9557655779282 2.4722718981088 
-4.8198827935103 1.7230991934307 
-4.7574816548734 1.0836288463796 
-5.6091903747004 1.1465551141779 
-4.44310018617 1.4274759763027 
-5.2711259936063 1.15443188259 
-5.0358188628748 1.0756569123176 
-5.0977481502766 1.2769165090902 
-4.8174089960931 1.0523956410756 
-5.858306041792 1.160834332582 
-5.326725805719 0.9910458659902 
-4.5655141969816 1.4613736138417 
-5.5772226172325 2.1883335865761 
-5.416845238028 1.3736820782554 
-3.331976664764 1.2853647613327 
-4.8418780781217 1.4005516421914 
-4.0961685665774 1.9798427069719 
-5.1237390896415 0.91697937472343 
-3.7570659906556 2.0321899047839 
-3.6847844683444 1.7348032667189 
-4.6215188088058 1.2994741615183 
-3.7943150180247 2.3202594736922 
-5.792438546747 2.3417962715236 
-5.2719226022396 2.1923002902608 
-4.6951954219194 0.91105849830218 
-3.6089931304625 1.4074954863833 
-3.9091620004376 2.0680758024628 
-4.0865775737627 1.090298335265 
-5.8374865496302 0.98906923147566 
-4.0110999193559 0.83021670940976 
-4.8442943338308 1.6565556173147 
-4.5148892601418 1.9552819064504 
-4.4537496174917 1.6979382627222 
-5.3956071807172 1.0009019946065 
-5.3547734018763 1.7231311468185 
-5.1182780294266 1.0255299830728 
-4.7300761983629 1.5398895965734 
-3.2874517899639 2.1157428294723 
-4.6115534395346 1.435673008437 
-5.5083962342383 1.9203473816854 
-5.4173307406426 0.81767693795809 
-3.6823006838307 1.8572647260668 
-3.5987884852906 0.754860918764 
-3.6711319746103 1.3647677627043 
-3.5080105693958 1.9446633349058 
-3.984293593421 1.3050278096392 
-3.2674869765084 1.2898628925826 
-3.7331935408641 2.3971741420811 
-5.5607839937188 1.9215297708834 
-4.1175954563147 1.128655151131 
-3.5227182588198 0.91915396303841 
-5.6234730850122 2.2175673880397 
-5.6393992346062 1.9637014058418 
-4.9954889835694 1.9169319389636 
-3.3154806900186 2.2498675923576 
-5.3270089726112 2.0504006878609 
-3.8311338264793 1.9038457339699 
-5.7983933163239 1.9869045168657 
-5.7054683402847 1.1364049965446 
-5.6783635098436 2.1696019133397 
-3.2312278438181 1.6741137896176 
-4.1835756175722 1.2837994288778 
-4.8792653325499 0.7893370080352 
-3.6662314077313 1.4583754644358 
-4.9306383913903 1.6759821178424 
-3.5993539827801 2.35470470905 
-4.7240923856934 1.8109815975064 
-3.6060388096613 2.0035378190015 
-4.4145037067505 1.615052955579 
-5.7763332725145 2.1888306973252 
-3.6641117748155 1.1055678856672 
-3.2101076814972 1.7331332620085 
-3.8555606338424 1.4791683721637 
-5.8822406363878 1.595080502065 
-4.2419967226869 1.7183509003873 
-3.9926163052498 2.018965492623 
-3.2651931797142 1.7763821865697 
-3.9137651082869 1.5914297654308 
-4.9399118860712 1.9361493879774 
-5.5654179287883 1.158321790629 
-5.4804048470057 2.0916188319086 
-3.5584516276175 2.1897981469894 
-5.311353303344 1.2106517204791 
-5.3972671126561 1.1145946685582 
-4.7740968612215 0.79400421419332 
-4.3116419349859 1.2121883045194 
-5.0195878767607 1.1197492843998 
-5.4754937692025 2.3957733056977 
-4.5053482552319 1.9670143564244 
-3.8645739107061 2.1355909071026 
-4.3668452471445 1.5122723768229 
-4.7081540035052 1.7517750034345 
-4.4742837435997 0.75941589537568 
-4.6839470484408 1.8622574948296 
-4.8836545017056 0.77184469450375 
-5.683804828866 2.210995689875 
-4.7376630949311 0.98555635205741 
-3.7686082024886 1.7884239316983 
-5.5798405685507 0.78589376955683 
-4.7867114963684 0.81881060242418 
-5.1760938699661 2.0398102430494 
-3.5571297910951 0.9568577192538 
-3.7003489821819 2.2358173305867 
-4.95774965018 0.83263428755675 
-3.5744946084499 1.098422209154 
-5.7829371476631 1.5899268541026 
-4.3351048120796 2.5021795714258 
-4.8979256296819 2.2029210094187 
-4.5208372404218 1.7215325018675 
-4.7604824125787 1.3659828733803 
-4.6078326499795 2.1079181769403 
-4.5660361624216 1.4401994507441 
-4.539067719925 1.4364665366196 
-3.4668933603107 0.79945004505526 
-5.8928462276514 1.3029173517179 
-4.9944668329594 1.981365191925 
-4.5863983952143 1.9714211944998 
-5.866049786342 1.0305870613981 
-3.4202013581282 0.98720576881762 
-4.0361116823656 2.4758704807448 
-3.7630401729212 1.3716297557253 
-3.8885717971217 0.93027878000275 
-4.5254266977256 1.3372911300028 
-4.0131991564806 2.2789527031652 
-4.9915962756865 0.99391293097196 
-4.6506558651273 2.1241606024412 
-4.045782026332 2.3897048356063 
-3.4744363442104 1.2780595411828 
-4.2424884750202 1.6476124050544 
-5.0571921253723 0.87529730993769 
-4.7377812198611 1.1841564095178 
-4.5773537035164 1.6364944653082 
-4.7233964635607 1.9882800703756 
-3.9744030604112 2.4598641827128 
-5.5293105120314 1.9671108254429 
-3.7394260753501 1.583188934846 
-5.5456721405844 0.83065027051233 
-5.8877073109983 1.1120666384319 
-5.0019928502331 1.0002802306964 
-5.2336468093576 1.6017299827548 
-4.5124694061491 1.0269043949584 
-4.9521481990436 0.86621560681533 
-3.8585560436539 1.9179306261845 
-4.4670365638996 2.431519580826 
-5.1275766295609 2.3151115311219 
-4.6123223120185 1.1181881172701 
-4.1105306579634 1.1825852843955 
-4.2910657156248 1.7191813497948 
-4.1551980321599 2.2436403678493 
-4.9118415015149 1.3616574269788 
-3.7413304929393 2.2507173738279 
-5.271087571617 2.04831748992 
-4.267346217513 1.6597462893841 
-4.7566263700283 2.4088788662206 
-4.2511085930767 1.3521525165988 
-3.4239440872318 1.582558309887 
-5.8334692663928 1.7342728525305 
-5.8886654488575 1.7390117379384 
-5.0376793378225 1.4268115876718 
-4.2607307992709 0.92881013415116 
-5.1416163246929 2.3883665262249 
-4.04521896405 2.0453143724332 
-3.7289493001341 0.93301929107923 
-3.7905533910614 1.4371369316735 
-3.7524849387348 1.7722606533959 
-5.8007084152392 0.99773034454481 
-3.7108916835762 1.1078081632618 
-4.7934238543358 2.0078520293512 
-5.8594525054647 1.7543380037626 
-3.9788710507065 1.54379147264 
-5.6545903207943 2.1249216089712 
-3.729067491162 1.107942835975 
-5.0825415998036 1.2620282271583 
-3.6936435354587 1.9294258633114 
-4.3493919464149 1.2844633258459 
-4.5977588518919 1.3378888230981 
-5.1296574807103 1.985182014398 
-5.7537236262427 1.2005324357147 
-3.7923583519796 2.1759831408705 
-5.1294496224504 1.9060399273686 
-3.8605953700905 1.3653779416895 
-3.36632423178 1.3065176877618 
-4.203894376595 2.1146695104351 
-5.4810823429207 1.0374381692439 
-5.2280263326388 0.85706983112775 
-3.852394854587 2.4529505922188 
-4.0384516341173 1.5647664650635 
-4.0995228548931 1.9142182649355 
-4.2636419455332 1.7097331759462 
-3.3125720092986 1.1735913735797 
-5.5693938515808 1.6931691613588 
-4.4953236477283 2.0056674799868 
-3.722505145048 1.4152066360592 
-5.6702841785375 1.6645845618536 
-3.4409217370287 2.119861376212 
-5.6119842947187 1.5351480052381 
-3.3275179254186 1.3687139619081 
-5.6374295055286 1.317768658399 
-4.8781333438968 1.7297915388355 
-3.5622592820156 0.92652663607414 
-3.3632765055357 0.94581871969842 
-4.4964557191046 1.5260419672338 
-3.3839990093432 1.1208877650614 
-4.0528450388563 1.3693094225244 
-3.5928295638909 1.7072053260221 
-3.6778204195298 1.8548026749812 
-5.7939156363484 0.81763990470116 
-5.1391080646618 2.2181975319781 
-5.6426834315324 1.6266685471877 
-5.5249041423724 1.609004548185 
-4.35894481219 1.7167605201156 
-5.5639151739959 1.764354808593 
-4.7093259408124 0.93917917543862 
-3.3255536296108 1.3801714566487 
-3.5782208060318 2.405676900741 
-4.9334904298395 1.1788907405599 
-5.736331842208 1.000593546336 
-5.5590288462127 2.3639600046057 
-3.3281065697901 1.3638661274073 
-5.5612551090875 1.6407648318914 
-4.0083166733656 1.623111507462 
-5.1855663147877 1.0810337169098 
-3.6707238884915 1.9454391053207 
-3.4651333485233 2.318779156941 
-5.1312155986554 2.0180267836638 
-3.5771615255232 1.1027881987418 
-5.5856246598584 1.9118576260719 
-5.0272799100824 2.113362473971 
-4.4058537947798 1.1663830628707 
-3.7372427981963 1.4915924567433 
-4.3559373286518 1.3115035967657 
-4.0581894157143 1.045087376813 
-3.980048988651 1.8229724564794 
-3.9120189470494 2.0891640262086 
-5.7389857440242 1.6025680200143 
-4.8149660829549 0.84358282128417 
-5.2381613315924 1.8040782776931 
-5.8536165634194 2.0247548422723 
-5.2918670970653 2.1582888705082 
-5.0474402619461 1.6526400400863 
-5.3068768726739 1.3436240892358 
-3.2429360137944 0.78682589157054 
-5.3807932024327 2.2653766120315 
-5.4619472028847 2.2187103963245 
-4.8903401191787 2.4742753071714 
-5.352786652658 1.9057400788024 
-3.6674058726521 1.9806024329984 
-3.4607288034283 1.5335888578643 
-5.6329127320048 1.2070127327873 
-3.6170593644512 2.253872059916 
-4.9414587423746 2.285636906802 
-4.8269590227593 2.19748138035 
-3.3489795656753 1.3979037313591 
-5.2640397531736 1.4309156071007 
-5.3743479934429 1.0858795368364 
-3.8694442821131 1.1994451509371 
-4.7868300647874 2.3474314598168 
-5.8248267933129 0.88872171402569 
-4.8434460780456 1.8786119096747 
-4.4601536659336 1.8064787536875 
-5.5941253044896 1.235686760897 
-5.4262092997483 1.9118011884135 
-5.5821408549963 1.3405694713076 
-4.8675327449622 2.0513678468507 
-5.8986447965821 1.8504113732485 
-3.5444883524666 1.5783879464205 
-4.2549157405433 2.4143941422081 
-5.7387475941267 2.1080843723122 
-5.2708268902145 1.598347160923 
-5.857520159318 1.3277094107283 
-5.5587722103237 2.1688707833582 
-5.6629491850754 1.0533085070114 
-4.929955750883 0.78809668757724 
-4.7728885817947 2.3976274512631 
-3.6549742095882 1.521119253062 
-4.7399309354249 2.485459857404 
-5.115599975051 1.8938187000494 
-5.3619510633611 1.2237098909376 
-5.2004413329361 1.4751939583411 
-5.4595165145435 2.3780456395677 
-5.3445657425714 1.3720829225287 
-4.9875029278459 1.4770315534372 
-3.4707683247248 1.6415115530493 
-3.2942546442658 1.3004619785546 
-3.2659800595483 1.2622347367317 
-3.5600893573053 1.6330667756785 
-5.2096275351435 2.236216957153 
-3.5947638757737 0.84501784833351 
-4.6079988447842 1.8255696680076 
-4.7196508963874 1.3551580145117 
-4.6849122804705 2.1206835033273 
-3.2971588923801 2.2819228451509 
-4.7701919898731 1.296455378227 
-5.0568696857953 1.8391516852528 
-3.3372400476383 1.7242825551963 
-4.3819004057162 0.86568118504321 
-5.3386000362201 0.82329770462258 
-5.2734467893805 1.4169939449113 
-5.299862246097 1.3122275675214 
-5.240319769979 2.1028212982415 
-4.8145386475051 0.94047741286653 
-5.13815774011 1.2628240780417 
-4.2034784252792 1.2832994552848 
-3.953639938857 2.0421259251574 
-4.8912815967838 2.0977375503092 
-3.4548733240197 2.0826226533083 
-3.5650123644363 1.2303857768661 
-5.1301495202594 1.2430656682645 
-5.5036413451024 1.6335112971403 
-3.3598171480913 2.3871566061791 
-3.5282695418812 0.81472381059728 
-4.3998087990144 2.4824889495172 
-3.7614489725291 2.0532877547705 
-4.2332107730369 1.99737096511 
-5.1856839924304 1.1201693224309 
-5.4294921832285 2.3836173215082 
-5.3652550299854 1.0639823535273 
-4.5656948834286 1.0642092299047 
-5.191846540599 1.0009681552499 
-4.1134975618333 2.1630334663278 
-3.2336025290918 1.2315503084555 
-5.1779861994875 1.5065363551671 
-5.0679610676998 1.2267401865712 
-5.4616642279881 0.91492076869469 
-3.7795635557209 1.8785911537045 
-4.8479164757458 1.3390631601958 
-4.9954491532442 2.3598882401673 
-4.0472041739723 1.3936755443371 
-3.2784438758065 1.7842927977422 
-4.0703827755282 1.9140665863354 
-4.5209277415798 1.2087734436319 
-5.2861419232616 1.724081328928 
-3.4888394482289 0.83528436998262 
-3.8905324583401 2.2615217869035 
-4.8379938939885 2.0479369854965 
-5.8766562615073 0.76584596704187 
-5.4553994067781 1.9688871691985 
-3.3754888349424 1.1964056223053 
-5.3088693227369 1.2088334785222 
-4.5843610547492 1.3931435154834 
-3.5141649178514 2.0195493905483 
-5.5233223822001 0.96016387290445 
-4.6515317363598 2.4409983063746 
-4.2746440561722 1.8911893207504 
-5.485354745066 1.5608581341305 
-3.258883035585 1.8494851030444 
-4.5356784994629 1.9219672526216 
-5.5731273047825 1.6625930300083 
-4.3067381481767 2.077234067901 
-4.683061162941 0.99062669788679 
-3.5824747235902 1.5108145954401 
-3.3618097699576 1.2219189561905 
-5.539813291705 1.4711364563596 
-4.1044845198666 2.3891803982423 
-5.4981542214262 1.1287897736148 
-4.5052845910363 1.3998973986326 
-4.7541028502157 1.2918303504058 
-4.1538340260277 2.0012904422333 
-5.8963441835414 1.5532254632011 
-4.4306904223642 1.1217434749425 
-5.6322612397071 1.2609598221302 
-5.6277815427728 0.9483205242031 
-4.9237143193138 1.1937699291935 
-4.2090786168172 1.0182741122874 
-5.3667395522945 1.6337757327722 
-5.7066622808613 0.77295575689153 
-3.385787011878 1.0690044992255 
-4.0295535172339 2.0217519057159 
-5.5024256724453 1.7976258939846 
-4.6516434915572 2.435823492062 
-4.0963619504391 1.6041475060894 
-3.2298350642402 1.4892968524062 
-3.2753237317838 2.4097977084645 
-4.7652526399233 2.350716188992 
-5.5065320732166 0.77084877961785 
-3.7494648347747 1.9215496228366 
-3.4780329217644 1.2993488606786 
-5.69131255333 2.2237118719836 
-3.5131239263022 1.775282143195 
-5.3483604838447 1.107452686601 
-3.5747825031189 1.9896818097263 
-3.4300438563905 2.4334840308012 
-4.0047835808334 2.0089515535631 
-3.2113874799918 1.3835606407236 
-3.7374209571877 2.4193178927593 
-4.842838470399 2.1516906298751 
-4.2605004509448 1.1331879264141 
-3.2313027767958 1.8650415959558 
-5.2891128563236 1.5603930528392 
-5.633910050482 1.7452300908788 
-4.5036996793274 1.5510012681583 
-3.7764268566142 2.2288893567774 
-5.0911397595652 0.95738219969467 
-4.3555308452395 1.8968164067597 
-4.8687398180616 0.91031780048076 
-5.1540101669253 2.1602652926119 
-4.5473588441628 0.7737309028461 
-5.084204884596 0.87945697116418 
-4.413698653007 1.6045593115172 
-4.7444167420152 0.98789203376132 
-3.4796692652398 0.90775504011455 
-4.7233269288039 0.91679128654415 
-3.89161289223 1.1964670141831 
-3.4188179262031 1.6421392298132 
-4.9862023684837 1.9938841467033 
-3.5358896718903 2.4506470586661 
-4.7067988404579 1.5110127555448 
-3.8588727844869 1.2048053136475 
-3.8080217715369 1.3554128531505 
-4.1858118372312 1.8094876816711 
-5.5530697066121 1.6733666116934 
-5.0905333314058 1.0233072642855 
-4.2161816656139 2.3724427667961 
-5.8268049288318 2.3073273669647 
-5.7331625252454 0.93494784706874 
-3.380980608208 2.130464267305 
-4.9268329878691 2.2927127383311 
-5.0427317456579 0.93557114733961 
-3.9297947444728 2.0313540581803 
-4.471273103281 1.7722088745502 
-5.1509843399711 1.0991356199417 
-4.8370373185542 1.778301850528 
-3.2545869209812 1.3138671622375 
-3.2032731752501 2.3658902896069 
-4.1427404033814 2.2997085070654 
-4.9850160235845 1.2132100104632 
-4.5695175097783 1.0162188250712 
-5.7139491997626 1.6492375131368 
-3.8401023181813 0.94517550995993 
-4.1169544956397 1.5981601402497 
-4.8089952098784 2.2533063331247 
-4.8968325952059 1.9612373788937 
-4.4920342365026 2.3068847448863 
-3.5091013140314 1.1262001921828 
-4.4431638774326 1.7971819398232 
-4.8658925599307 1.2817132133383 
-4.2947294652814 1.9583998345762 
-3.299470894402 1.8584466379333 
-3.9427946079606 1.0766013127768 
-5.7457952388007 2.2539335571356 
-5.1586773981821 1.4066730601319 
-4.0744014260686 2.2670562117948 
-4.6874640117981 1.825746831229 
-3.5679164277572 2.2614360574093 
-3.5359840962526 2.2687334791569 
-3.818043923309 2.0984718501446 
-5.6150146503846 1.0475730261919 
-3.2824844666921 1.2121314635364 
-4.7473028090317 2.1412269321189 
-5.1560856171201 1.4148555452698 
-4.690180739503 1.5845402453865 
-5.7515809470534 2.3132280008601 
-4.5423237694821 0.79689780880596 
-3.8815901798533 0.8350960602126 
-4.2814523163957 1.5520078627653 
-5.2017809373539 1.4922951979198 
-4.8807218551395 1.3612735146653 
-3.3721235072053 1.9323001574296 
-4.25614921645 2.0693658974867 
-3.9416033253752 0.76677398061501 
-5.3734987707293 1.6882447040418 
-4.2813043689228 1.8628519522557 
-5.6450752592397 0.76698432677698 
-4.9717797787655 2.4205734809993 
-3.5219464060732 2.4622506873179 
-3.235165185551 1.6606352271088 
-5.1512892231452 1.4242396846841 
-3.2147386202715 0.88263946266735 
-5.0339630047091 1.7745372208057 
-4.7999484541719 2.0987057545951 
-3.7324192124458 2.3118242620017 
-3.8974221038544 1.4769874411887 
-4.2360036345976 1.7829047907478 
-3.5071496909241 1.3318282298172 
-5.8499513779616 2.1275082835179 
-4.3298578171007 0.91740081552321 
-5.2856328979538 1.6082516771728 
-4.5056819220745 1.6720568132534 
-3.6930040889279 2.3467925292078 
-4.8121754806511 1.2007090517886 
-5.0542224512314 2.2639279323187 
-5.8675571385751 2.0301395518925 
-4.7889296346982 1.2754781128007 
-4.3941978838362 1.5671419530118 
-3.7455229554293 1.4881140441533 
-4.8963259895389 1.5170639575598 
-4.7008759203205 2.2882762972939 
-4.4549204641983 1.2607961286611 
-5.4663659549954 1.0081395926016 
-3.9810826692825 2.1541107409703 
-4.7168394479574 1.464769764726 
-4.696896193369 0.94330448985788 
-4.4624081119483 2.2942526462791 
-5.8196316240293 0.93544605275897 
-5.1869556047309 1.4183099239315 
-3.5374225713158 1.362147829118 
-4.6561271593323 1.8062446663943 
-5.8802032269088 1.5075859099684 
-3.9105332500374 1.4638923113155 
-5.6730455371864 2.4209945963523 
-5.62261124336 1.7837498491315 
-3.7153433422809 1.5065354654966 
-3.4576617721045 1.2756938584062 
-3.7897274209431 1.843284550677 
-3.6288441864528 1.7683195995845 
-3.6083371402249 1.8049095792988 
-5.1956951407552 2.0488056683497 
-3.5722373198499 1.5372433012018 
-5.0348660034371 2.4249996881328 
-5.1881659657021 1.7296570784493 
-4.4637242711431 2.3054010585444 
-4.0015924530897 1.0251667261587 
-4.6105220715892 2.4550152309402 
-3.5359327325015 2.4182380485076 
-3.6122313998842 0.94710783177866 
-3.7246532434227 1.6510949349449 
-5.2964610643622 1.7889705389006 
-5.4494718059439 1.7889425271191 
-4.5220599916686 1.2448817252875 
-4.8812979042332 2.2025582579754 
-4.9045493328676 1.4906840391853 
-3.5154694129769 1.1149711694128 
-5.2767340156173 2.209783972739 
-5.3967919257768 0.80421021994477 
-3.2345133799249 1.8610467689319 
-4.8717162122861 1.0277676661701 
-4.9860134965914 1.327516643367 
-4.1888069938452 1.3825442512845 
-4.8230931310136 0.75547204554748 
-4.0387395415563 1.553705485052 
-4.478811987212 1.3999228357686 
-5.2506627869553 1.1308626695813 
-4.1172899905765 1.7729257521931 
-3.2917896639638 0.8508723127583 
-3.7191952760246 2.3530548672536 
-5.8570627075587 1.1862162399418 
-4.3698982504405 2.0975317348683 
-3.9819613433317 1.2090777786579 
-3.6092975830133 0.82857379691317 
-4.481580307515 1.4567387696483 
-3.6603155320968 1.7522927936637 
-4.3480536437446 2.4571228714246 
-5.3641340572024 1.7644208358881 
-4.6505894867729 1.5661792476815 
-4.2561735089025 1.2603742534194 
-3.7317233261197 2.2295214682 
-5.8650788149067 0.87038130715836 
-4.554261788887 2.0154927632872 
-5.1536454704142 1.9612276690058 
-5.5110336971338 1.3845641021409 
-4.9159830189708 1.6054148946619 
-4.2021056452881 2.1677219597529 
-5.2115619098362 0.86560309973228 
-5.6109701759726 2.0351719348188 
-3.456914476673 1.9648903762096 
-5.4891126606885 0.8992125670095 
-4.162850658857 2.3874964098223 
-5.2578943532315 0.8123769368443 
-5.2013324854423 1.1096424107845 
-4.7259284343963 1.6720446966178 
-5.552077660458 1.3210846594889 
-3.8464681949251 1.6614369394484 
-3.9339693068121 1.3238624574205 
-5.2873476542683 0.95461987467022 
-3.708214075013 1.8788850173734 
-3.6091981379439 1.2939962080349 
-4.436542334603 1.5935756273429 
-3.9217986441107 2.2474728148138 
-3.4193842583923 0.95101131914455 
-5.069924863321 1.1210291334947 
-3.9888196304831 1.7174823407839 
-4.1903275133502 0.95244790992395 
-5.4468408256703 1.7038979377421 
-3.6718545180568 2.3526017179191 
-4.5915940237658 1.6239939788172 
-4.5845645289247 1.1133583084292 
-5.6053289640809 2.2767546039751 
-4.7243251248464 1.0758897912298 
-4.5390060901704 2.084841874494 
-4.3242875530456 2.045296660985 
-4.5698672089571 1.7538056049178 
-3.4815041725704 0.89579978250288 
-4.20459056405 1.7172123198369 
-5.4459198373548 1.8092690131538 
-3.3057198660286 1.8973090301977 
-5.1985342031032 0.90859687536576 
-5.2306240596036 2.501892943769 
-5.1104400891433 1.2224352629469 
-4.4389607793577 1.6899663442008 
-5.8655392474645 2.3104173477589 
-5.5902644466341 1.3357639537871 
-4.9318206958683 1.3043445812341 
-5.9053335497179 1.15697847251 
-3.8894883101829 2.0957615093508 
-3.8961035881015 1.0019129562173 
-5.4094570551289 1.6866435609943 
-5.1416075289022 0.76240210635198 
-3.3875555924178 2.2299242481625 
-5.0398251476976 1.2221643895074 
-4.7066239623168 2.2044810010201 
-3.4534710931344 2.318494783938 
-3.734971604259 1.7676482357521 
-3.5497099799129 2.4819363160957 
-4.8189991327733 1.327425115887 
-3.6326439458555 1.1169742659571 
-3.5170781643434 0.79676822830128 
-4.1452918424108 2.0771793359254 
-4.1288871797404 0.8516609898662 
-3.7437960775887 1.5560043373611 
-5.1499781222239 1.5677649038992 
-3.4927821267172 1.3160619222887 
-4.3904068779342 2.4899865019794 
-5.019541502119 0.93536646120855 
-3.8523298922525 1.0538006152607 
-4.169658279143 0.76366739282789 
-5.8116283368748 1.3425263863098 
-4.0561458371019 0.84081457964804 
-4.4606527738404 1.5756152219851 
-3.2547785132996 1.606319767537 
-3.2433804745219 2.3601113549792 
-5.7577124522368 1.1170022591272 
-3.2399546118971 2.0723527939552 
-3.604539228102 0.82392091862384 
-4.3751218432934 1.9687923248468 
-5.4322096909482 1.5534911759977 
-4.8945552163292 2.2497513448873 
-4.0054901345248 1.1032926996728 
-5.2103114996697 1.3491574305744 
-4.1776459513535 2.1082858467 
-4.006476460987 0.97747520206074 
-3.451284636594 1.6289573542666 
-5.1072714471848 2.0665937843876 
-4.3798441797203 1.6413495233825 
-4.6865072757122 1.6608439750351 
-4.1171129897811 1.3015561367548 
-5.7102584356824 1.7340320975512 
-4.6963301270964 1.5146455156396 
-3.4410789668079 1.6988772541274 
-3.2060126720903 0.84844564214382 
-3.7207461427781 1.1628166825443 
-5.5866153563115 1.6655762800175 
-5.5231911388036 1.7825262373074 
-4.0879377687347 2.2894547392072 
-3.9222195976691 1.1600405681286 
-5.8769454665725 0.88980652103056 
-5.3870419171498 1.3146347335075 
-5.8915815563276 1.5460857698703 
-3.918325361797 1.0776074492714 
-3.6472369469156 2.3001795803439 
-3.328000334954 2.198359124437 
-5.581650854274 0.90310229084457 
-3.218137437144 1.1192398923465 
-3.8977839573316 1.7359601134026 
-5.5162482019242 1.1212272473085 
-5.0390652690184 0.79597560624284 
-3.8195069229409 1.6729637839657 
-4.2270296721982 2.0646121298307 
-5.8577389788249 2.2740350170517 
-4.6082161591654 1.2066118989675 
-5.4750689129564 1.3258445986868 
-4.6812846975998 1.0619696022051 
-5.0747491817434 2.2582821653548 
-5.9039550198144 1.0738620848184 
-4.1991130077096 1.7492897961627 
-3.7779743761962 1.2795002608239 
-3.8465596934219 1.2746422327388 
-3.774485303869 2.4717568556848 
-3.9905991454712 1.2431289607903 
-5.8481446127375 2.2193929958193 
-5.7975322459059 2.1669938517934 
-4.2667993896294 1.6009118013236 
-4.8808284619097 0.84160585039507 
-3.2484310237343 1.4140600387473 
-5.1441415326878 1.4364845563594 
-5.3878486139507 1.3372433409728 
-5.8856492490278 1.7733380690283 
-4.2540319868441 1.568967877899 
-3.6820895884525 2.1643045676127 
-4.5697014465555 0.89389960439243 
-4.5433568191828 1.46628330444 
-4.2593267444415 2.3960826915841 
-5.8864885536643 2.3209381355011 
-4.494562655352 1.8917047570411 
-4.4271979521884 1.753822745224 
-5.3198821670647 1.7392372737487 
-3.9420963792707 1.0639340472313 
-5.6370769923727 1.4805196964216 
-5.3654825418512 1.9275198348048 
-3.627261169869 2.4005602894549 
-5.3326960069158 1.3128748678141 
-4.6957638877384 1.6848704550709 
-3.7255177524134 1.7985909525168 
-4.6161140685645 1.2708507206012 
-4.0970625379187 1.9328175054427 
-4.9705275257235 1.4986082756033 
-4.304654868671 2.4843203055691 
-4.5633598833435 1.6497437863712 
-5.8656204125876 1.5647583428682 
-3.234531895129 2.3668890778734 
-4.592610890377 2.3945810923779 
-3.8849361452161 1.5729694102777 
-4.5073707333852 1.1758272009178 
-4.7244189271774 1.0895632603348 
-5.6692704740907 2.2532129133016 
-5.0407941421193 0.83293742870761 
-4.7569641167312 1.9577405868045 
-3.7545834417289 1.4677332793822 
-3.8373149673362 1.5162530159783 
-4.0758572891943 2.3972135872355 
-5.0212238159396 0.8297835500607 
-3.8004579261414 1.1165048443125 
-5.1584821677006 1.0150862590079 
-3.8658699669965 1.3733322568317 
-5.5893690474069 2.3993839799698 
-5.5302051147603 1.4225534235207 
-3.7163059537914 0.95253447996881 
-3.5591100372124 0.9883461800057 
-3.9742670322938 2.082215325796 
-4.4726117626604 2.1311466173582 
-5.2466114717331 1.4539805411774 
-4.3881522981256 1.9626669958342 
-4.8311029003303 1.8275476663511 
-5.5328920579406 1.2943037720118 
-4.6890758292072 0.86936727637768 
-4.3555870570396 1.8034632518583 
-3.3505550853985 2.4658849564399 
-5.2129347674411 2.4854261296846 
-4.3237031398545 0.75851651143413 
-3.3690880354069 2.4056121689705 
-5.6537712415189 1.6905751650512 
-4.5891529056246 1.0930830881939 
-3.5906678880652 1.9023306509606 
-4.0074105011733 1.8548264258567 
-3.3511983640169 1.982537146714 
-3.5286457011029 2.1696744042005 
-5.3812416861831 1.1891869289535 
-4.008173567179 0.99981349371374 
-3.8817304563186 1.5945284493528 
-5.2631686868423 1.932933910476 
-4.7023676880717 1.8869982978548 
-3.7894997875016 2.3893154082923 
-4.344098934917 1.4536223048719 
-5.6359385222436 1.4016735799439 
-4.2569006378469 2.2765769102794 
-5.8790529846994 1.0929205700017 
-5.0109058786216 1.6777993884584 
-5.2174528492648 0.87731792226493 
-4.1223869812449 1.5772927270147 
-5.2452482182511 1.7184369616355 
-4.5913495162328 2.1398423901497 
-4.6200079025234 1.5987416898894 
-3.4488727194532 2.2438492774903 
-5.0541302690439 1.4052060293002 
-3.6124724020614 1.9372329970726 
-4.4596083205916 2.331927822799 
-4.4347893810003 1.9873390521728 
-5.7324770325212 0.8124495238397 
-4.7866095797446 1.1171324321105 
-4.5282154108017 1.1792814925531 
-4.3549810935419 1.6449714001296 
-5.1090404872863 0.9735283952008 
-4.3633004519947 1.0800799226047 
-5.1784048918986 2.160776170369 
-3.2630451221764 1.9446479913711 
-4.7896200507643 2.3865545720102 
-4.2818781835233 0.78594848070406 
-3.9493107272924 0.92005719012729 
-5.496063052073 2.3879982411488 
-3.5949645246288 1.9380718966643 
-4.217851948584 0.98916594536899 
-4.9711380112529 1.022811964967 
-4.3860852651112 1.5897108983167 
-4.9553749607939 2.4966797542917 
-5.7957704629608 1.0297569504039 
-4.7704852322461 0.9054393050028 
-4.8278565850122 1.7426911682566 
-4.4386979378798 1.3551889881217 
-5.1561814897953 1.5269575162188 
-5.2143684556895 1.7607683844239 
-5.4061988399938 1.4096489570286 
-5.6658076556521 2.3764970158721 
-4.6712710428047 1.5434538600272 
-4.7636190025327 1.6686779763466 
-4.7763799641296 1.4009558131588 
-5.2679767995716 1.0456273364522 
-5.2446759381339 1.4344529416777 
-3.8447873106687 2.3907990002052 
-3.643825477692 1.2584327688865 
-3.7507637944424 0.98782835516762 
-4.0184726430298 2.4484638217463 
-5.2969301193532 1.5105368374882 
-4.5654358691879 0.95518933725214 
-5.4538813643226 1.2222946863013 
-3.8900476685168 1.3695408833431 
-3.9182077337764 1.1589221679704 
-3.7863538651374 0.82585088503707 
-3.4066922209739 1.2740271797459 
-5.3041162933539 1.5653118070956 
-5.5797308781762 0.93122979173278 
-4.7390789519343 0.79156802185072 
-4.9800351206636 1.4082663262944 
-3.2929189911365 1.3315989748443 
-5.4606163535684 1.0335415631929 
-4.9582967495595 2.1859952817584 
-3.3466245284941 0.91380521119416 
-3.8220622647995 2.2968383029453 
-4.4188373732052 2.0281751249927 
-4.4801607776669 2.3406385327888 
-4.7032037111626 1.756883032822 
-3.6706511084845 1.6371531539826 
-3.4200203459512 0.89997763138034 
-4.9202593948899 1.3973936312922 
-4.3763268094183 2.3594883996099 
-4.8083042583501 1.6060184647615 
-5.480715628937 1.6278543770596 
-4.0873596525852 0.91792546747337 
-5.1318903925793 1.1075640821116 
-5.1698058341084 1.5287049105094 
-4.3349213948712 1.9831653776244 
-4.0647966574393 2.5000026802311 
-5.1584766051827 0.87988110066829 
-4.3489558241339 2.2875569967066 
-4.0961113458949 2.407844999185 
-5.7171360310236 1.9035110393606 
-5.4732374317219 1.9751830505696 
-4.5256878863091 1.7900558122068 
-4.2595840463086 2.3847350305898 
-5.4876215678413 1.7472656626089 
-5.6836650895944 1.5125437840756 
-4.2890742353144 0.97905471684079 
-5.1251908454076 0.80909767885795 
-5.533021338271 2.1396163468551 
-5.6544818593174 0.89318163904142 
-4.8603039352803 0.92757423633091 
-5.4028538178221 1.2739168158659 
-3.6450357070676 1.2517645266764 
-5.6717753421468 2.501725932142 
-3.6764133173771 2.0713153831389 
-3.8643072378133 0.801894932543 
-3.434597336623 1.0004331414002 
-3.7200244678798 1.483235113419 
-4.2269563479014 2.0851205283771 
-5.1495081521394 1.1425049874165 
-3.7687973544019 0.93360305554021 
-5.3020499421285 1.7750370688579 
-3.8270541613247 2.2319703084485 
-4.3026547477716 2.2564766294951 
-4.1111636476506 0.8112374503395 
-5.2046544334207 0.78228122117424 
-3.339707105962 1.9182070519729 
-4.7508502042642 1.7245697338023 
-3.9343170614358 0.7890874770043 
-3.5443691341614 1.083437036532 
-5.6079292054407 0.80446404431482 
-4.9962382155282 2.1162737200969 
-4.021924820866 1.9131930756321 
-3.6788046020076 0.85692417574511 
-5.2100616256545 2.3457516787271 
-5.1494835999187 1.6942287024035 
-5.0797862961144 1.9180265327203 
-4.0003224296313 2.3493029274148 
-4.5954242130894 1.2667805758605 
-3.6034403464282 2.0614592682592 
-5.3383040884087 2.0674007156119 
-5.6638656726562 1.6509091412833 
-5.188816615514 0.85164306172119 
-3.2757462720132 0.80465688131242 
-3.9120233367944 1.3838355635842 
-3.946518260479 1.1888955396988 
-4.5242640938833 1.2330597998077 
-3.7291057970809 1.1023426507162 
-5.6635094215503 1.3419539513412 
-3.5523672693697 2.0329336915192 
-5.2871948197535 1.3258685894079 
-5.3024859101124 2.2257215121066 
-3.3566574760316 1.8143721755435 
-4.1237182166062 1.2931146136677 
-3.9587645081759 1.4066898861847 
-4.5866565284989 2.3916017868564 
-4.9138956729303 1.8342225950577 
-4.3291699233517 1.0616123439427 
-5.2593414915021 1.0294407517426 
-3.3725110872966 2.187915530061 
-3.7160683989823 1.1211319748877 
-3.5312910168456 2.4034466739757 
-4.402603287006 2.258950500899 
-5.434960388602 2.3259686739929 
-4.4861413627259 1.2257371272273 
-4.8534259495866 0.79008410528939 
-3.4659497637855 2.0464865663877 
-5.2629104591281 1.8635125228222 
-4.1655755695259 1.2438863471625 
-5.4526149433252 0.89279178060205 
-5.6837374363162 1.4871165769897 
-3.7992791001619 1.4064207573187 
-3.8613641801949 1.5244004281868 
-3.6239636489164 2.2139713217234 
-3.5903105970478 1.6739193562982 
-3.27474293025 2.0766739566222 
-3.2364621234738 1.4146050857147 
-3.4513667449223 1.8197692295457 
-3.2786944505919 2.3825010512641 
-5.4928186729673 0.7962665436724 
-5.8915342797017 2.2940854437493 
-4.877970380447 0.82312846936653 
-5.0447366478511 1.224280459832 
-3.3374924866412 1.8791210916026 
-4.3431952600181 2.3678227860367 
-4.2667108033072 1.7605973067537 
-5.7048521047753 2.1725569744803 
-5.2159295404417 1.0970506057277 
-5.5707182323457 0.91070782898448 
-3.383217029964 0.78642639946985 
-5.8281719093595 1.5453353144367 
-5.2484935893206 2.1213284609983 
-4.036669060277 1.9188021053964 
-5.3161989312634 2.4826266456121 
-5.8586723410144 1.9024075197371 
-4.2483556947151 1.0680157160084 
-4.7021053616117 2.1204177697156 
-3.4606771107372 1.0155393843252 
-4.9626385203292 1.1234234663361 
-5.479356474981 1.508265057738 
-4.9474217203681 2.0351124474978 
-3.9836599469387 1.0688511274933 
-5.6050112554885 1.6179153346658 
-3.6320397825437 1.7242701507489 
-3.4256172343522 1.0344477038207 
-4.7924518003853 2.3119992275213 
-3.766893646831 1.8875213597852 
-5.6822012759201 2.4151877321861 
-3.3606975716452 2.2670506018519 
-3.5009086609009 1.5642132593115 
-3.3937634264865 2.1298383363268 
-5.2139953169662 0.89055117923543 
-3.3654503660491 2.4870388587944 
-4.6469390645239 1.8871804939927 
-5.2662112951956 0.89552255525612 
-4.9615607994637 0.80854066112509 
-3.8844013904914 2.0274221784145 
-3.2039712338494 1.8227800851612 
-3.2541245339961 1.094441679083 
-5.4622461480174 1.4119670887942 
-5.1136801123289 2.384909329537 
-4.0041377532353 1.7703583194363 
-4.5026169197661 1.3899479892817 
-4.3792144567326 1.4726124579165 
-4.487205282523 1.9166241765336 
-3.4996042248279 2.3644356313091 
-5.4854791498897 2.3213019608578 
-5.0708133682557 2.3712653915018 
-5.4992989727785 2.1677224317802 
-4.702104129643 0.92940417986341 
-4.4268209554885 1.6801588945227 
-5.25810461314 2.0540443898865 
-5.5209294097738 1.1295307886256 
-4.4548054607514 2.0125344459924 
-4.2956039580811 1.030574355852 
-4.8229876396344 0.84041454927783 
-4.5440305042083 2.3457521886535 
-5.2289107074854 1.8011571902787 
-5.8689930574648 1.4845162994894 
-5.4992544974311 2.1015239595967 
-3.7319632245673 1.6390239747959 
-5.7194620839494 2.4468879392215 
-4.9863224144255 2.3899328387208 
-5.0313774309679 1.1711970398987 
-3.6706868700191 1.3022654270946 
-5.7989990360014 2.2638058508506 
-3.7944767372444 1.0939987557831 
-3.2447248561939 1.1582601482861 
-5.4059866233705 1.5817260834906 
-3.3804250476854 1.1943998457492 
-3.6412717821334 1.4340964055968 
-3.4457707225996 2.5016301214401 
-3.4678188120182 1.0589176300332 
-3.5469859166569 2.2040131487479 
-5.6318494981225 1.1700460225599 
-5.3555491342165 1.5828938662048 
-3.363733969986 1.6383770466132 
-4.7297622419727 0.8753756889958 
-5.7658153161314 2.2077079590915 
-4.810467715041 0.78012602370335 
-4.871415446966 2.4444425793219 
-4.7953011363667 1.0028501440462 
-5.2185353403782 2.4141267042266 
-5.0086181632864 0.76303670304406 
-5.3061797355381 2.0081040019048 
-3.2853346399566 0.87294476489476 
-4.7018467043534 1.590025540094 
-5.2227926863056 1.3488699240479 
-4.4409711061543 2.4481923868908 
-4.5135198261354 2.3296763102352 
-5.6906780007162 1.657071465341 
-5.3006294602396 2.4985338720352 
-5.8348157250787 2.4926313134116 
-5.6759863852869 2.0436858361638 
-3.240026288026 1.292687491333 
-5.0633106530954 0.8399107094685 
-3.9017638929939 2.080387098553 
-3.2352376513414 2.007558829832 
-3.244851375456 1.9028925869937 
-3.9897119316091 0.8659372891656 
-5.1576336603861 1.5039848291087 
-5.4350105321816 2.1543322257896 
-5.2040868470942 1.6121195640816 
-3.3850594736815 0.89881582113243 
-5.2734368635238 1.2300280237283 
-4.7394788186839 1.1764565886247 
-4.3127390849696 0.87101041213473 
-3.4808895708351 1.1831620871065 
-4.7028465796824 0.89978583156396 
-4.970327768192 0.84755796503942 
-3.365818054072 2.4538556627494 
-3.6137987979725 1.9665034506467 
-5.3140170004033 1.2576723184184 
-5.3358232188684 1.2551628135622 
-5.3386482501282 2.0973063818437 
-3.2911763353033 1.0350605481461 
-4.3600899079384 1.0704642954995 
-5.7428236911793 2.2195752635306 
-3.5923891779527 2.1974815318484 
-5.6947775115489 1.9134728200511 
-3.648150871814 2.0626109895744 
-4.7833257372797 2.2583827391401 
-4.1133534974294 1.3219742002235 
-5.4642093639987 0.83910002652001 
-5.4617838662357 1.3232367790107 
-3.4465092327727 1.9849406556256 
-5.722792499812 1.3089466289713 
-5.2705534509045 2.3296293709471 
-5.3098999932282 1.1130797812458 
-4.5344524684343 2.3521048006194 
-4.6045645095185 1.2299256311801 
-5.9061008228348 1.9606211613931 
-3.99264655186 2.1871733434081 
-3.250712762108 1.0074971260514 
-4.2736293044719 2.4156136539183 
-4.2130530912542 2.3034293320218 
-5.2309782876861 2.2851618577374 
-5.3038654620888 2.0162626123324 
-4.9809503264944 1.7099747130179 
-3.7248678341902 2.173544032425 
-3.7128411082973 2.3103345714758 
-5.5651788219909 0.98094724353703 
-5.3133192723215 1.7291554639224 
-4.6722589329172 2.3338891551967 
-5.9017276071527 2.2443175295287 
-4.6030673609844 1.1269649381377 
-3.2534721059367 1.2325003562086 
-3.9681917394195 2.0455679511196 
-4.4777275594069 2.2825821282277 
-5.455405837281 1.5902901968388 
-3.7249859722458 2.2270163993576 
-4.4682842576665 1.7669691913841 
-4.4562749101996 0.7695594697518 
-4.9806339038222 2.4082247506879 
-5.4462801175064 0.76765730577412 
-4.8156272686961 0.84595738418235 
-5.5899945080666 2.4735038943985 
-3.530044768509 2.2333010301154 
-5.1824638816142 1.4857892799658 
-4.8749516678578 2.4793880322792 
-5.7681181857569 2.421627760696 
-4.1836168575708 1.9904061212001 
-5.9001714391407 0.9580935596766 
-3.5977962209538 1.4207829880873 
-3.6395531755695 1.5657721466461 
-5.403278644153 1.3200140136945 
-5.0644226676075 2.448362888425 
-4.7303836281679 1.6342487196813 
-5.4656703878006 1.9798175420192 
-3.4508226384336 2.0217465533976 
-5.2059734946778 1.4381123902601 
-5.6892232031595 2.0947170900039 
-5.7414103106292 1.4756974115801 
-4.0526679136592 1.9011091045309 
-3.8309086014125 0.81724423675722 
-5.4401736339718 1.2683122538177 
-4.8760705474999 1.2120360866315 
-4.9005168371439 1.6412805865212 
-5.5529149240813 1.1339080650213 
-5.8309703692726 2.2750697842099 
-4.827502924031 0.95917332291653 
-4.3606198604975 1.6244817789279 
-5.1960245638361 2.1810036639563 
-3.2481846140828 2.401993501488 
-4.543848126111 1.4506393631281 
-3.6572679543723 1.9953009638115 
-5.1930117801456 2.3148866183585 
-4.489523181437 1.4437894285279 
-5.1425051314019 1.3807322317359 
-4.9718924588263 1.9713429340844 
-3.5445272821427 2.2138826307716 
-3.7519082059053 1.5011266645732 
-3.9533430852529 1.580616057733 
-5.7676456203879 2.4931240611548 
-5.6256488055719 2.3639762886457 
-3.3832909135505 1.9419213431843 
-3.6539150406023 0.95645566189296 
-5.7685249302308 2.4859674228725 
-3.4099302964511 1.6148142286249 
-4.0298359259958 1.1200377261225 
-5.2301573969025 1.471863839596 
-3.9883953469147 2.1816783725489 
-3.767446452854 1.6239669539205 
-5.4819691307571 1.2520763249493 
-3.2662570214367 2.0635978149489 
-5.2750801764566 1.404122267498 
-4.1549986384536 1.1844618076928 
-5.4486790635294 1.1378862659369 
-4.0811320785765 1.7389804505289 
-3.2177541545487 0.77639547940854 
-4.1779887271496 1.3281925056998 
-3.8813294169972 2.4786601217815 
-4.4937754272003 2.0560582190684 
-4.6900032394023 2.1850024151719 
-5.645624422396 1.5687584878461 
-5.5405476920244 1.1497036738019 
