1.5968328167697 -2.3419226804426 
-0.28489575625689 -4.3942265860997 
-0.022920217790345 -2.4393481975526 
1.6768692046767 -3.9127049456269 
-0.34259038942517 -4.1288160558024 
1.2936542853676 -2.3547831881146 
1.3153885449421 -3.8589053288154 
-0.11756117375541 -2.2014025971565 
-0.4193297214676 -3.2472163247694 
0.23464141804619 -3.0401952824675 
-0.74929038939017 -3.2289281947592 
1.3802202342798 -3.4324456048957 
0.330006217921 -3.4444693070154 
1.6418023725526 -2.8494230245741 
1.1026169254553 -3.5410277057728 
-0.20745650380072 -3.3260655938283 
0.31185157570543 -3.4682580184637 
0.28038960407005 -3.4104241804659 
0.86890531642496 -2.375843229524 
0.94342386336888 -2.8859736925941 
1.3159780788702 -3.2447304840341 
1.1592404646892 -4.0800768380762 
-0.16636018606178 -4.1106163990186 
1.1764488613904 -3.905170803198 
0.062571753260065 -3.9762217383339 
-0.35052451664696 -3.1228659931696 
1.5554294770297 -2.2024479654302 
1.0031235257875 -4.3463604399896 
1.687671890193 -3.4705989336835 
0.18217358381555 -3.2639021352427 
-0.049580594573574 -2.180762533367 
-0.55175615417408 -3.8328631493372 
1.7168853639146 -2.5945884722027 
1.5298221011306 -3.8672973057885 
-0.16531324598276 -3.9157598659395 
1.6266401278829 -4.1087484618539 
-0.17222066833773 -2.9116024344545 
-0.8137867861973 -2.1842336398609 
1.4676928813178 -2.302210217268 
0.78318394067961 -2.542295129476 
-0.75266235048783 -2.694683047947 
1.3012683234214 -3.2136504841855 
0.71768598261414 -4.4123102201427 
1.1640403313649 -4.0844568384644 
-0.1144891883404 -2.4530962539102 
1.1456362757293 -3.8047351650996 
-0.21665163567795 -3.763505596607 
1.2306159402318 -2.4936816859241 
1.4355129610092 -3.3202007441983 
-0.28056796850866 -3.2938555712324 
-0.74650113754341 -3.0838623247203 
0.25559391007177 -4.600213248585 
0.82446160306003 -2.5246548853292 
1.3324955446979 -3.0871427214036 
0.12215981083913 -3.648130805507 
1.0015206629753 -2.2608194458948 
0.98447548841412 -3.6972800053392 
-0.13146248524902 -3.5587150460596 
1.0549542486404 -3.6236583243081 
1.1268959657834 -2.256134148392 
1.1753604402525 -2.5513843827412 
-0.34819972479211 -2.6069309693797 
0.76111769396861 -4.5331581551692 
0.10598555140296 -3.667485786545 
-0.34652497566541 -3.5662108801165 
-0.26599198070074 -3.659245847606 
-0.57862544532402 -3.5979042157076 
1.3353932151808 -2.2021721711669 
-0.6646723281048 -3.5008144941811 
1.2776911737317 -4.6042768263476 
-0.074829325753272 -4.2904906736523 
0.0071554714767481 -2.5341854302203 
-0.74628225748461 -3.8660774983033 
0.9473401598501 -4.2557328514089 
0.15215704544661 -3.387839043709 
0.60752015611038 -3.2292786864084 
1.4533857830498 -4.6023361721222 
-0.26637838249034 -4.111049115212 
0.95965248207321 -2.2119499500005 
-0.27760112945399 -3.567787673527 
-0.16613988099651 -2.9981063654473 
0.21775741702731 -3.6191444237117 
0.47808121923577 -2.8343326879927 
0.57274194375549 -2.3079990577795 
0.30429629596903 -2.8301027746156 
1.042788817609 -4.170763108774 
0.47135857261581 -3.5065548210376 
0.02083122221653 -3.8283961284616 
1.6120393513311 -2.8506562558767 
-0.4117956424899 -4.0393426729095 
0.2370034468957 -3.4733292707561 
-0.65614136292093 -2.3929805758035 
-0.13942563299293 -2.5259864448878 
1.2739318383664 -3.4089426952601 
-0.30831348856243 -2.3452336777208 
-0.2377689837466 -3.8104877208725 
-0.56891500224689 -2.9876567153299 
1.0905976472053 -4.2044982414129 
0.47760400335546 -3.7854357577726 
0.67109274951207 -4.196301501318 
-0.57409247185259 -4.6130878057677 
0.67287591543832 -2.2162462644464 
1.4439694651236 -4.4515185804467 
0.86550193852226 -2.1652770675831 
-0.20981555200891 -4.569229874349 
-0.10372170731277 -3.5579461763197 
1.2324398165477 -3.2510352777139 
0.069362958028202 -2.5757640443141 
1.4263131138374 -2.4285378228769 
1.1567381288943 -3.3055590220797 
1.2769317831002 -3.950437829317 
-0.1441647064033 -2.7648454707272 
1.7362185559793 -2.2491737636216 
-0.74349589531408 -4.0656208287844 
-0.53918631367454 -3.3045312294152 
0.27795578222383 -2.7260481792458 
0.71688090303125 -3.8155436929181 
0.34926746492453 -2.3301860759418 
-0.12222401547601 -2.4973300600068 
0.48561819640786 -4.5610436546863 
0.075855009229822 -2.7961976929466 
1.4792029837123 -4.1897064770014 
1.6702187177037 -4.0013484958269 
-0.60238523268025 -4.5397652378505 
0.78818761251467 -3.03838243796 
1.6562332247887 -2.7633134643736 
0.29467789409931 -4.4538859545631 
-0.82958866184455 -2.3040209873998 
1.3768572031341 -2.7990700176908 
0.51842261864651 -4.1927428551987 
1.3735961846895 -3.5059279775604 
1.0721867263786 -2.9409835108184 
-0.12251566555529 -3.1715446673979 
0.14569329354849 -2.9412771363601 
-0.21644387631861 -2.525715862218 
-0.52842004267436 -2.2367936383824 
-0.44750429723215 -3.5976414621054 
-0.061230988737498 -4.537105163591 
1.3610934371045 -4.4501902825803 
-0.70071722172029 -3.2254094684637 
0.72562002570156 -3.5375231345623 
0.7131616053027 -3.8605472590095 
-0.31347292942579 -3.6191254824318 
0.18604253465394 -2.8537623472418 
1.1542339369101 -2.5684764366721 
0.3042540320529 -4.538283515815 
-0.12184025593697 -2.4376763918367 
0.45345102144517 -4.4098497324654 
-0.72836788684824 -2.546765995487 
1.5313228000409 -2.6541127790813 
-0.26202558503897 -3.7226350752598 
1.263450337235 -3.1486952239034 
-0.010521522093664 -4.3691758093001 
-0.8173051574778 -2.8471159733066 
-0.34457413513726 -4.1590284989407 
0.062305464273831 -3.7440614551816 
-0.67411634225101 -2.4749306008238 
-0.40968819665089 -3.4682453690575 
0.27248609969311 -2.2477956927626 
1.7354591305933 -2.3306319317087 
-0.14205624190021 -4.168633898901 
-0.670620906637 -2.8696428084121 
-0.74568945089341 -3.2226934577956 
-0.044065378207997 -4.3078820408237 
1.0325681654555 -2.4152202161595 
-0.70600985512365 -2.5116629856681 
0.61148033400952 -3.7448334832015 
0.58695695061298 -2.3092191659728 
0.37116752271555 -3.1421767681817 
0.29973372389738 -3.2054706866762 
0.20451433607998 -2.5284466523454 
1.5328858952111 -3.0528319084856 
0.60430264284666 -2.4619738163491 
0.2033585223825 -2.7629602577338 
1.4071548429758 -2.5934984716952 
0.73214948045917 -3.0659847233284 
1.580425509115 -3.6819755329615 
1.6972295051098 -3.6140468923672 
1.6846980334709 -3.6823952661432 
-0.39407352334806 -2.7767725347122 
1.6772853540555 -3.3904697005915 
0.086179677803157 -4.0523620576616 
0.83735146290053 -3.1595958781521 
-0.31101844700546 -3.792081225703 
-0.65197894227741 -2.6652614507164 
0.08460430592638 -4.0063906874153 
1.2536584628142 -2.602778648762 
1.1393515816801 -4.0717972480321 
0.2554749618226 -3.7795096696256 
-0.84602179931913 -2.6333638700605 
0.57546628014299 -4.067732026648 
-0.031518009788946 -2.5247716919615 
-0.56614242119616 -3.8944224543876 
-0.48715147767285 -4.446310493799 
1.0031198058155 -3.3076999081662 
0.095004662250726 -4.1345665873168 
0.07167680424306 -4.1070076701709 
-0.47580977603989 -3.8197521587896 
0.91751647667592 -2.8231723074397 
1.4901573059073 -3.4391042951052 
-0.52635486653009 -4.5038109625373 
-0.63201054058967 -3.1057817902446 
-0.78426532341535 -3.4303667592674 
-0.13317048769775 -3.8965321107662 
1.7581941031835 -2.8470371499764 
0.22671102083788 -2.4456680481824 
0.29684400004668 -3.776465721809 
0.5934595972868 -3.9842440332198 
0.54231626673783 -4.3652195095602 
1.0516202949865 -2.6175669517169 
-0.68464041119029 -2.9971317325598 
0.23794491426885 -3.4370825708287 
0.39340087161104 -2.5340728046579 
-0.43950885177293 -2.8715237648438 
1.1894171625752 -2.6023164494407 
1.3391088342072 -3.9024175855929 
0.067641624220211 -3.0008124445758 
-0.10122719596637 -2.2737652002632 
1.0943797825846 -4.1407440728566 
1.0898422464416 -3.5063083544591 
-0.7829761425475 -4.2509928177048 
-0.7650602791732 -2.5467904436155 
-0.13611929734137 -3.1103048775465 
-0.018313887707833 -3.7886789589485 
-0.6268236565932 -4.3090972134826 
-0.10546803455474 -2.7640256485129 
1.2279204799043 -3.69289188084 
0.84942011308674 -3.7364885309802 
-0.46684131405474 -2.4589560651798 
0.43287031983079 -2.8043362120394 
0.27213810511651 -2.5215278347793 
-0.68929851975981 -3.9864122599005 
1.7564638351726 -3.2422428538991 
-0.045697229957575 -3.3930579631706 
1.463615654647 -4.4674816845995 
0.89968152621721 -3.6628713710551 
1.0772397509692 -3.2438456586369 
-0.32784146823241 -3.6589519919095 
-0.2199641982333 -3.7023274057773 
1.3321263643981 -2.3025901482856 
0.63547410971359 -4.0014094122821 
-0.18848296800064 -3.1102718293711 
-0.1162178062987 -2.2434244165345 
-0.20941982687586 -4.1831763236921 
0.72237442299071 -2.5806325152463 
1.164466028563 -2.8521180054257 
0.16326017374778 -4.3982626464892 
1.2827560463904 -4.3152313507186 
-0.1223632326497 -3.6581336044454 
-0.18677362303835 -4.1505826271149 
1.0524211668623 -3.133897601106 
-0.38508303601493 -2.1652642061072 
-0.57171661003105 -3.7013992930268 
1.6716542072827 -4.623640590288 
0.72093833906007 -3.1154173328615 
1.4689623632502 -3.364530018945 
-0.024394612555169 -3.2583610177067 
1.1216284972811 -3.1623408659071 
-0.020454519340022 -2.6442359625474 
-0.12730341030146 -3.1560001611534 
1.4556856970165 -2.8996099266187 
1.6299081834889 -2.2271254606664 
0.89162079837776 -4.266053683766 
0.88748562931428 -3.5421788445951 
0.26069961061769 -2.4388030293606 
-0.5545596867653 -4.1195657508942 
0.48745921677863 -3.6387782307112 
1.252562894715 -2.217678547588 
-0.63254515736694 -3.1853364630086 
0.95199307432216 -4.5956278691202 
0.23748627190043 -3.5449436078972 
-0.40142653815245 -2.4343348842108 
1.7900164671059 -2.522861520479 
-0.8140759589828 -2.5771159932295 
0.73311338981518 -2.4073227046173 
-0.83295965428642 -4.4079523479362 
0.67591416760744 -3.0486439964516 
0.76222447633232 -4.0263918281473 
0.7451813919961 -3.3624980525656 
-0.3004427973046 -3.4319950520676 
-0.23648445908374 -3.5299946040868 
0.77089866865966 -4.4996566617997 
1.3073755925169 -3.8966939712793 
0.15228818429881 -4.5210839552032 
1.4454977254301 -4.3047509234287 
-0.55980032312707 -3.4044252659469 
0.039418233781254 -2.9957327701431 
1.4245700023176 -2.8775861498722 
0.54451379048637 -4.1677338920414 
1.5534436316906 -3.3923004684482 
0.93799482722148 -3.8876777939248 
1.2324986886947 -2.632426407256 
-0.62377824584836 -3.402852024068 
-0.52454405232448 -3.225605472392 
-0.74569561603875 -3.7402074956857 
0.46126623651356 -2.8512759094611 
-0.38057415914996 -3.6237751310833 
0.57669595607025 -2.617486704152 
0.71286805312925 -3.6049931143317 
0.96305480677206 -4.2359289059156 
0.38976303284732 -4.2617841835146 
0.42560583628062 -3.1207968638525 
0.54957639633349 -2.751229709757 
-0.60802619249925 -3.4620494375298 
0.82590409707647 -2.5210147250221 
1.4341940241516 -2.7966631733062 
1.4786992087746 -4.428653800817 
0.94578808878201 -2.9585571450959 
1.6623462003224 -2.9621075165477 
-0.21436692717416 -2.356001765906 
0.99358761401938 -2.3479672119707 
0.12447047991985 -3.2213643528696 
1.1398012835088 -3.121686261443 
-0.37657057883586 -3.7577413194606 
0.65005288018643 -3.8802998633793 
0.013189079023508 -4.1441337358699 
1.6546226293078 -2.9918157160181 
-0.76599721180958 -3.582967374212 
-0.39613246615886 -2.9924236261981 
1.7348835213489 -2.2824079717322 
1.3778589729489 -3.7043836188192 
0.60645249722315 -3.7059251954681 
0.79856039144861 -3.8504317681579 
0.77662555050803 -2.9018563652405 
0.10940535405151 -4.0347439300792 
-0.65492514626288 -3.0349966269465 
0.011382444734376 -2.7785484814532 
-0.14927901671005 -4.2925369092556 
-0.33703124803413 -2.1990293477035 
-0.67925342543744 -3.7256851404498 
1.5064882339283 -3.7681487419562 
1.5954615619724 -4.3167452157064 
-0.15775573115664 -3.8864925351564 
1.0828758911529 -3.3886455606317 
1.4156018893171 -2.6824977115689 
1.7513240032868 -3.3318902602569 
1.2536142910545 -2.5254720044553 
1.5793840860887 -2.330640609144 
1.7487653046301 -3.8503874126916 
-0.19043981712019 -2.5814146245355 
-0.75078870445323 -2.7163003229085 
0.48347334065214 -2.9993561541027 
-0.51044769488246 -3.7535417823689 
1.0853170034957 -4.0199767142104 
1.0806954379839 -2.660631636009 
0.044008871692071 -2.753368297789 
1.4622539155206 -2.6901598556007 
0.79393805150364 -2.8203769532601 
-0.079733318359123 -2.4955894893896 
-0.53178016666112 -2.844845612059 
0.5922837829473 -3.3453020954046 
0.82428154464613 -3.2496786300461 
0.95758867070039 -4.4585860593443 
0.85859127776806 -2.361380676735 
0.073944392599508 -3.412011519289 
-0.70880812924603 -3.5713670570621 
0.11308775864657 -4.275168741078 
0.85449289914951 -4.1979012985046 
0.65590231751905 -3.0246068515361 
-0.16827058345442 -4.2216940931701 
0.027752365846997 -3.2436930402588 
-0.42890803086223 -2.6468527504601 
-0.82138747269873 -3.7553815445529 
-0.0063445551200474 -2.5455176091658 
-0.49048082611311 -3.2098063812628 
1.0206297420903 -3.9996048489144 
0.19090119832716 -3.836590066502 
0.69885150034954 -3.9827295275999 
0.96037757043396 -3.3372543219951 
-0.68054695529703 -2.9728518833636 
0.99085921192072 -3.3300263149913 
1.0123901898792 -3.0645890945852 
-0.28111210828184 -3.937987100769 
0.23772658265732 -3.5523424428816 
0.61239011964471 -4.4359732307139 
1.4200288719191 -2.5341072096199 
-0.42901571512121 -2.1590591831349 
-0.30829473734116 -2.4471200104313 
-0.40572009248218 -2.2442587947568 
-0.56043682802476 -2.361428459605 
-0.44120107784835 -3.0829765450272 
0.28171954244042 -3.3958741235089 
0.53845194416523 -3.9711395216674 
0.29295988387585 -3.7912446616015 
0.68166078098388 -3.2914399050163 
-0.3174704920658 -3.3367624451253 
1.3500268215492 -4.4966392753899 
1.5295193236683 -4.3105119617774 
-0.43282320294474 -2.3131775227639 
1.1587875507393 -2.798024969434 
0.28120029409198 -3.9875216369071 
-0.4520190749069 -3.0972645997653 
0.68976219472573 -2.4907691049266 
-0.28016714848534 -3.3352952615125 
1.7788280408998 -2.9799143714393 
0.26728627459636 -3.8288036839988 
-0.16207278425468 -4.0534194130662 
1.1604005340432 -3.872868436285 
1.6799881480708 -3.0024081311666 
-0.57221158952025 -2.4799512558102 
1.526921078539 -2.23958069414 
1.4747053995018 -3.0669363402991 
0.087568917196886 -2.4506050561568 
1.5548383432631 -2.5930183813681 
-0.51654444613042 -3.3206471222192 
1.4969202566421 -3.80059366836 
0.1767390634921 -4.1187751540158 
-0.74867342637838 -3.4974421388834 
-0.37067082146395 -4.0016995796725 
1.6290780873881 -3.6560995149589 
0.59066076960978 -2.8868455481394 
0.45412410223879 -3.4332645367068 
-0.054009341552502 -3.1364892651449 
0.35713195723365 -3.168067485546 
0.94749860160238 -4.0006480378721 
1.2981291927248 -3.919036313243 
0.15460156627851 -2.1979233037509 
-0.64921779742794 -4.5298818568364 
-0.49544727960607 -2.4516079883313 
-0.098817477769531 -2.3069923700166 
-0.30843744296632 -3.6170099410454 
-0.52330639024934 -2.814123149791 
1.4323898191631 -4.5439152838721 
0.51830014722937 -2.4033871055994 
-0.6871080555824 -3.4514182905185 
0.39754998823483 -2.653393710204 
-0.53106620453439 -3.4913397381333 
-0.49949097880858 -2.3340828087326 
0.6249296239653 -3.4340069699584 
1.504885751804 -2.7642272752841 
1.4396910466702 -3.328423608031 
1.6069289473629 -2.3336617699804 
0.22281871162202 -3.917526293286 
0.06643098434945 -3.1038041579713 
-0.090249038546401 -4.6060473197713 
-0.13894051813971 -2.5490925124339 
-0.52728656715993 -4.3011318628033 
0.074166058765102 -4.595062157742 
-0.55942119598763 -2.1720907544126 
0.89057444777135 -2.5255413918558 
1.5848436282834 -2.9923610591685 
1.3761518233537 -4.2425570651326 
0.60103750274992 -3.0182711301046 
1.6680663274128 -2.3398230877442 
0.97526280470688 -3.4878108134822 
0.97689230821456 -3.3412495040233 
1.1797944850674 -3.5407456736967 
0.83910620818421 -2.5884196568271 
0.15432688850651 -3.1283752392339 
-0.19158907186643 -4.2001158065165 
1.2318247693377 -3.7081115098667 
-0.45731829071148 -3.0570578717104 
-0.63321061800007 -3.3016327362173 
0.017313679161933 -2.8442190833521 
1.5380183073376 -2.9184164552146 
-0.10871332919775 -3.9948627224493 
0.024738923785422 -3.0875097991406 
0.78343173738517 -4.3593104956485 
-0.24922167019272 -2.2070536420613 
0.90832406362627 -3.8314160369923 
-0.36679612435879 -4.3967499565971 
0.62668749970054 -2.952649623555 
-0.49049421004266 -4.4937835495636 
-0.79216209290071 -4.4449032477919 
0.49427177482615 -3.2861600379287 
1.6648725968204 -2.6263263732554 
1.4745316704648 -3.7259690618101 
1.4039338913019 -4.1756457608325 
-0.48801247007158 -3.2168285016285 
0.28822377395301 -2.9414534286277 
-0.7073652142951 -3.5650048647537 
-0.16241652972637 -3.5800529383627 
-0.80278122839146 -4.0399954799302 
0.30581059607398 -3.3245864929208 
-0.72408833761075 -3.5405241100089 
1.6437052465893 -3.6522272104648 
0.14464155599745 -4.2779553746008 
0.57568321915672 -3.0867778918767 
1.7764723465181 -3.4146521101083 
-0.18317179760078 -2.94274271392 
0.75208744721209 -3.868306227191 
-0.048219349684043 -2.5190231348536 
1.2275350021205 -4.5914072725248 
0.75540440933815 -2.5548331917347 
1.1296649252093 -2.9159209032283 
0.11423202542405 -2.3191884843193 
0.46722108158222 -3.372087924209 
-0.4482760071394 -2.8803689824046 
-0.26275782558164 -2.3874674116391 
-0.17653185694851 -3.7201176704055 
0.17020972474938 -3.6602648934707 
-0.099216100086132 -2.9939493387501 
0.82907623143631 -3.6160924143577 
-0.59759609644849 -3.1052742979497 
-0.73756567871577 -2.6894336847769 
-0.57294383147975 -3.5210551666778 
0.6787448093161 -3.0983533414893 
1.0424788706527 -4.1635732827402 
-0.59222831828272 -3.107898704567 
1.7521235637925 -3.1755917295085 
-0.37367267339016 -2.1709326137373 
-0.5798123225741 -3.7670089728147 
0.38148087613364 -2.5803761311769 
-0.74351253556354 -4.0915442412948 
0.1668576029304 -2.7938712719598 
-0.15704700468248 -4.0643757887832 
1.0183951633448 -3.9692451043607 
1.7705798905393 -4.099600242997 
-0.18138600410132 -2.9719373248326 
0.019532199461185 -3.5733376070591 
-0.20417498464998 -3.0178781747781 
-0.41215503959138 -2.473410968299 
1.0414495393828 -3.3476961423106 
0.076759266846122 -2.5226331723389 
-0.77644227347825 -4.4953752107899 
-0.34130947280268 -2.7276035261437 
-0.57767896043588 -2.5084605721259 
0.584439679623 -3.7541758233937 
0.23538370968622 -3.4907794888971 
1.6974995780006 -2.8151429291016 
0.91755638738162 -3.057928591489 
0.96734661634763 -4.3351772126479 
-0.69509071126877 -3.256693136764 
1.189897389811 -3.0571922785802 
1.0932268892271 -2.8262778414411 
1.4816820765479 -2.7927251352598 
-0.72022213465847 -2.7545228620353 
0.97874785986007 -3.4930211760459 
-0.506480813895 -3.0801372944747 
0.54906244006162 -2.9043226560933 
1.0926571502016 -2.5625653143117 
1.2893535251185 -4.3041844911873 
-0.27613313986494 -3.3865954049931 
1.5583307557002 -3.1675114318241 
1.4761461541469 -3.9765763009225 
0.52240461410818 -4.0941491410648 
1.1517127213837 -4.0447068898254 
-0.29200497303406 -2.6134596933744 
1.0078104817293 -4.5593103671964 
-0.26172261214753 -2.3891620722116 
-0.057862755808856 -2.5952838040759 
1.3976438550836 -2.3178508548218 
0.68026272586394 -3.7210020668784 
0.35789483789781 -3.2206840747911 
1.3543218127215 -3.4547271328126 
1.7017582185109 -4.0763352303395 
0.88607895426772 -3.6675622882308 
1.0902722070332 -4.104044579815 
0.86498943622718 -2.6191437223755 
-0.53362606590137 -4.5052081179809 
1.2228445748135 -2.8187604479774 
0.13869525338689 -4.1203603237446 
-0.15522498600874 -2.6839096288327 
1.2814201957438 -3.1144714835543 
0.83036169708252 -2.9092457934316 
-0.43324049577429 -4.4811406244331 
0.65614738515054 -3.6678555292364 
0.77392142008793 -2.7294379489408 
1.2209766374999 -3.6416325090373 
-0.10513903737715 -3.7597801677032 
1.2321713953531 -2.8565602819428 
1.6025845395892 -2.6580006924982 
1.4694008708203 -2.2630962827138 
-0.60345871234873 -2.7276697468609 
1.2654916748398 -3.1102249957106 
1.5553082328464 -4.0766541155664 
0.40724673508316 -3.0476150906007 
-0.54758616368656 -2.9574098366511 
1.2438287664983 -3.0387118670354 
0.25265298861822 -3.1590608721781 
-0.51375152872932 -3.0181823790321 
1.3463744245746 -2.7113516708108 
0.18644748257164 -4.5627604505534 
1.4862595608691 -3.6589291171865 
0.67098369346723 -2.5201630553458 
1.0683690570368 -3.9757151694649 
-0.16352368419272 -2.1833584195903 
-0.022193972756691 -3.1879158710592 
1.5241329753587 -3.9953890375164 
1.4223994304722 -2.8517433497498 
-0.4335754344535 -2.2771543913559 
0.28223030488649 -3.3631852112974 
0.79049248674168 -3.1012696620586 
0.15880733903377 -4.4384925442624 
-0.42434035744121 -2.6775618877655 
0.091002765549264 -2.4451011519391 
0.42490873759885 -4.1576363007555 
0.043780291070058 -4.3231254724379 
0.24444243953918 -3.9386020229154 
0.20335356783287 -4.0425364996002 
0.795936555511 -3.3672336936055 
1.4679449020807 -2.4410908040601 
1.7377616954405 -4.0256668541084 
0.63456726291838 -3.5857321213642 
-0.17917161508509 -2.9762691976489 
0.2839389278268 -3.187234631934 
1.7571762363548 -4.6223074035937 
-0.35057387621483 -3.9016489496911 
0.81244457162791 -3.4780611015335 
0.53501509217699 -3.0915432278031 
-0.51413082209057 -4.5209040790416 
0.82954263766179 -3.1020702318982 
-0.25970214869937 -3.7666048869622 
0.31179616158354 -2.5553744400428 
-0.83838486250685 -2.6504128306183 
0.01265567472696 -2.2800407909445 
1.2699819994245 -4.5006305879572 
0.35501490434017 -3.1831473658218 
-0.22827618225209 -2.2857492439453 
0.97483700935772 -4.2583944380886 
-0.21178242417627 -3.7468696386865 
1.6781366710594 -4.3124115193593 
1.2089147357248 -2.2150091499465 
-0.80654421186784 -3.5009603157674 
-0.45772946303407 -4.4567062445656 
-0.054501124842987 -2.224627756772 
-0.25257471199385 -2.8405664949747 
-0.82716239856104 -2.6740969182774 
-0.21236756853596 -4.1718694147709 
1.1239852649837 -3.1062855099109 
0.25698957156179 -3.282044642177 
0.59951147845849 -3.9065061118769 
-0.4434442065181 -2.1667445583159 
-0.71943110795853 -2.3473392290172 
0.16907140185264 -2.7660260472259 
0.48471216238778 -2.283233399083 
0.22177807044551 -2.9947010926748 
1.2661524734783 -3.8365324991972 
0.15094066772129 -4.0123286617829 
0.49677033693619 -3.3962902030022 
0.32445087997079 -2.2263031766839 
-0.82849576880873 -2.4890788206327 
0.28604143219643 -3.8277623479767 
1.2813091172027 -3.8590886449238 
0.84934591030893 -2.8410901272136 
1.3181148061769 -3.5483620129163 
1.7761995343214 -2.651252114536 
0.95194685034704 -3.3522802999803 
-0.49331679142925 -2.1976801367522 
-0.63584874650798 -2.3269161472143 
1.6223151589177 -3.3240739010477 
1.3996201805346 -2.1770249794513 
-0.092598883951568 -4.5445559906842 
1.4482466121284 -2.2113926492573 
0.43289002387137 -4.1842866660799 
-0.56954061590491 -2.5856248154641 
1.6572365484828 -2.2073654418596 
0.25266707272428 -2.570286348692 
0.61856660040556 -4.455150324685 
-0.53781446623225 -3.073505730665 
1.370888252002 -3.3576539331831 
-0.8002546117611 -3.7358010973865 
1.4501473925475 -2.505140667694 
0.7460974255381 -4.6014650241673 
-0.49404226217381 -2.9204590153305 
-0.44411470292369 -2.4084264855163 
1.4621358917946 -3.3600504351893 
0.28393823773017 -3.513540057411 
0.57802738937089 -3.7691086698727 
-0.66501653861385 -3.5186654947919 
0.78492613031721 -3.2117291197729 
-0.82438903573678 -3.6573323112768 
1.7899184116852 -2.7136022831972 
0.77825054540834 -3.6846326387435 
-0.52135573232348 -2.2363624095035 
-0.32813023119283 -2.9265813144113 
0.77814941832549 -3.313890618272 
0.47768129329379 -2.8699640251608 
-0.64671892735617 -3.5607712059481 
-0.76426464910407 -2.6660568650946 
1.2646144969328 -3.1349082421042 
-0.0276138309261 -3.8430512135973 
0.065515477727957 -3.755991671353 
1.0937263819256 -2.8074694128054 
0.98499832662562 -3.9769618308183 
-0.23799010021263 -3.5612572398027 
0.96684353774501 -4.5016059219754 
0.54998907854743 -4.1229177360899 
0.041604976641628 -3.6360860418231 
-0.10868546228622 -3.1851742152077 
1.5993227859298 -4.1900646694592 
0.11884807410709 -2.4925684495047 
0.90606951872956 -4.56214583408 
-0.25606371494715 -3.8852018727189 
1.1967915487256 -3.1305431179277 
0.42638285921961 -4.5509448271292 
1.4493138972081 -3.1751932302748 
-0.25684050623389 -3.0940746380375 
0.1455010282798 -2.7390893860279 
0.84320115059977 -3.9416933690171 
0.77807145986767 -2.6006888171748 
0.94889434283102 -3.7659744737469 
1.5462954601757 -2.6593727194957 
-0.75813843244115 -4.5094855194046 
-0.23147068234055 -3.1504619089229 
-0.22350148848473 -3.4096118304596 
1.3502546669355 -2.8682739237068 
-0.77586699152796 -2.5231385440534 
-0.16623042192604 -2.3030990220556 
-0.48520928599447 -2.3150444355876 
0.33620723136353 -3.4932903132523 
1.232227127536 -2.3920559597626 
0.45947234938698 -2.4220903446704 
1.5197011440482 -4.0365057083294 
0.35613760770297 -4.3670563510416 
0.52735482969733 -2.3347043621923 
0.9223494438078 -2.938458292662 
-0.28363303786376 -3.5565900872111 
-0.69264467764794 -3.43284494682 
1.7672550852804 -2.2534109876548 
1.5617097643094 -4.3255091946646 
1.7601293962053 -2.6889974218236 
1.293180753117 -4.3784964728534 
1.5624352983022 -2.4902038384099 
1.0198250570753 -2.4119433081951 
-0.49745101420182 -2.7137514893013 
0.177345339384 -2.3251280923409 
0.57646895101625 -2.6442885687557 
0.54619851945417 -4.2226764334959 
1.5385193473554 -3.376354295173 
-0.57417422220283 -3.7327755162582 
1.5812451968981 -3.008021028036 
-0.088752467629177 -2.4382782024672 
-0.56057282166548 -3.4614371051148 
1.2510977859659 -3.2766093981268 
1.0224821109006 -2.2012800454511 
0.24243253895584 -2.2181493068638 
-0.63703352417282 -4.5648038232101 
0.29077875435148 -4.519770313638 
0.14391204686954 -3.2240299853909 
1.591241868606 -3.4750874005221 
0.0090449540165404 -3.4603486981458 
0.45962707173614 -4.2894674536274 
0.3718152531516 -2.5114779113301 
-0.038237085307516 -4.4977933766771 
0.080199192927873 -2.2245660472698 
1.0192135628982 -2.281104964665 
0.63823324846436 -2.2930289123615 
1.3006129696829 -3.940726134881 
0.12235347726675 -3.8494909279566 
0.39523853194722 -3.8566130858342 
1.7810511845767 -2.4816379974832 
0.43122660443087 -4.1725194460894 
1.6556118357004 -2.8346150943679 
-0.72647980010684 -3.9820067222163 
-0.60152601103671 -2.3986211365814 
-0.78048544140736 -2.6157461471018 
1.6950997490491 -3.2911009256523 
-0.40468225501788 -3.3232659100142 
0.52571346624753 -2.9402777743711 
0.023567784245784 -3.5098737854608 
0.55808635808398 -3.0314235799057 
0.78646006014167 -4.4274609877863 
-0.51693162865148 -3.1634493158392 
0.24218712814425 -2.5520037753271 
1.2888953396658 -2.2603334054987 
0.56161284643723 -3.9305443846044 
0.87781062558635 -2.4641935119476 
0.32192227784905 -3.5224060668684 
1.5742440662407 -3.209588651284 
1.2092298529515 -2.6025993320392 
0.17211019622444 -3.3540906028049 
-0.32681109613105 -3.4447234220795 
0.65533412962787 -4.2755968304694 
0.3343709494196 -2.9896918155309 
0.65388833241462 -4.4319812896668 
0.25809039581135 -3.3928709471005 
1.4221070627522 -2.2658167515844 
-0.21667297407471 -2.6879348178015 
1.4826126509264 -4.4752418165203 
0.30914167868841 -4.2382470347753 
-0.20453843497945 -2.7247433342657 
-0.32038382124392 -4.1673820006401 
-0.53833304251156 -2.8577089762278 
-0.70016560640889 -3.2990024879565 
-0.58825554205353 -3.0194210524525 
-0.260645453309 -2.9533186401646 
1.6513031586189 -2.675839769068 
-0.088850735868362 -3.9574895191912 
-0.31814649312396 -2.6311704550755 
1.6314560667052 -2.9303900017969 
0.56139577934076 -2.234998498431 
-0.74011347975926 -4.4801459756443 
0.82482235144914 -3.7022415862365 
1.1085265690953 -2.9223589286577 
0.36090181029841 -3.2996263007519 
1.7389983369986 -4.3805088204455 
1.6399111106588 -3.8899038484977 
0.95529443095968 -3.4587086290574 
-0.49249090434194 -2.8623299047497 
0.7622803354603 -4.2448946936418 
0.43906785018234 -4.1632380341427 
-0.25335965302438 -2.5750745667877 
-0.75293217041599 -4.4284087944871 
1.5268947704464 -4.443472724428 
0.67376750393768 -2.6463021953504 
1.4491448143054 -3.9875282238583 
-0.7710344855121 -2.8353716180454 
0.44309377091125 -2.2498225195627 
0.40257848612522 -3.6381570515604 
1.1803408152111 -2.4628330231391 
0.40550765970535 -4.2145098730819 
0.87883456871418 -4.1707791727833 
1.4331551161554 -3.0713038789269 
1.7699414722367 -2.4864531472999 
1.561763099241 -3.9744854992113 
-0.13275129267639 -4.2966703628372 
0.93086971131975 -3.2654350881105 
-0.10235787972198 -4.059364183908 
0.32502624918703 -3.6431361091022 
-0.57144921384678 -3.1869322519813 
0.27209462368666 -3.5839577250119 
-0.19801503365459 -3.4312500230319 
1.206238105042 -2.4629167797533 
0.22313356944561 -2.1791658245995 
1.39730096025 -4.0982799465717 
0.84637115423765 -3.0292265615965 
0.57062049512444 -2.4490398410632 
0.43252016227301 -4.2587266427491 
1.6850338003403 -2.9962485032427 
1.191456740876 -2.6592749036334 
-0.81071222990427 -2.4497536213286 
-0.81280583180057 -2.9973994251948 
1.1300430061946 -4.5035627653034 
-0.57240826482196 -2.231674441579 
-0.27641792022817 -2.8959731856907 
-0.50742247313796 -2.9137913545187 
0.89081269347361 -3.5364164649865 
-0.31156319787397 -3.1189753839543 
0.3506210082971 -4.0296999439584 
1.1593383761055 -2.9017756021193 
0.41970322227165 -4.3497755958309 
0.16884580940918 -3.017315396783 
1.0642779353196 -3.159161715596 
0.866233293046 -2.1661450596603 
-0.088309168385905 -4.0041004574613 
-0.7767938513519 -3.459626997217 
-0.39289436710052 -4.0725874530885 
-0.80608547902157 -2.7229557298712 
1.0482521098784 -3.8489387848553 
0.62729845393361 -3.7146340104341 
1.4095522801908 -3.6906898068353 
0.078228282858556 -2.3408218852775 
1.030621658124 -3.9271763315388 
1.1444844970825 -4.0419027108577 
1.5574322256141 -3.1598176905136 
0.17666375508478 -2.9176006679708 
0.44710250639891 -2.9800701446916 
0.83216541441731 -3.559804889081 
1.1078925737017 -3.8563319494739 
0.87218411291287 -3.3339298181914 
0.049461178059944 -2.4405671963366 
-0.36679213546163 -3.0277666165221 
1.0333743484502 -4.4311838777003 
1.201631570004 -2.3273016911418 
0.68762698375604 -4.3203503300541 
0.99586132569064 -4.5392226918015 
0.38511007613485 -4.325102351615 
-0.38177731471083 -3.1376521256009 
0.013363881459482 -3.4591262862276 
0.96154807848155 -2.4752838230171 
-0.034046179533995 -2.2968962292189 
0.13903448819901 -3.1536227603969 
1.4766133754906 -3.1610076120108 
-0.5108859305518 -2.523353782591 
1.5980199301336 -2.7179965166658 
0.20664768411622 -3.3842490593518 
1.125021427521 -3.8359266200604 
-0.73887402125568 -3.9167952021292 
0.89000273774493 -3.7097866944897 
0.66837428151786 -3.4396802136871 
0.093077526642094 -2.7354083028276 
0.82943668642972 -3.1743387538942 
1.0754498928742 -3.2604549849034 
1.4381586291329 -3.8533729339523 
0.81147294525986 -3.9164611746089 
1.7794798933599 -2.5120978353082 
-0.72818869834232 -2.5555357209515 
1.5551486795816 -4.6202304204216 
-0.30519009507211 -3.6740786169431 
0.69233187990181 -2.9932758401749 
-0.56288358906319 -3.6578202064692 
1.6825000100275 -2.4515884611575 
-0.35181596202442 -2.9152475825062 
0.093110212009874 -4.0742602386481 
0.3810048331767 -2.2581037652838 
1.4660480914389 -2.5612199163064 
-0.33165887745704 -2.337481356701 
1.146980158263 -3.9311119859886 
1.6964488084947 -3.2996494619017 
0.26093150009175 -3.873222918439 
-0.48349625884038 -2.7438905597241 
0.64923197160658 -3.3269706760116 
-0.38425422743254 -2.1901677633491 
0.88915534982426 -2.838380881435 
-0.55270638764813 -3.9355703907533 
-0.22153335447776 -2.6408125341236 
0.13471198242286 -4.2295254529521 
-0.74272118808796 -4.5307559538526 
1.0714331602906 -3.7019335035019 
0.95993439899697 -2.7448952567398 
1.2022768667181 -4.3669589768057 
1.5564721951338 -3.1032574431912 
0.65530964342851 -4.5665571769788 
0.63705819199387 -4.346459240662 
-0.019036201129356 -3.2209354640549 
1.4773594631123 -3.2570925991589 
-0.12816580107812 -2.6059555818791 
0.41821798935901 -3.5741033658697 
-0.27173110212335 -2.8702718955169 
-0.45528102249033 -2.343293810635 
-0.73186098754196 -2.7684529704025 
0.96157740369502 -2.8440446343564 
0.094117598071092 -2.5565874664153 
0.52314107355112 -2.9879128104413 
-0.54731107545165 -4.4728979338441 
-0.59101307201976 -3.6136669244303 
-0.34689139410366 -2.9082881601762 
1.1973822190586 -3.0472591438683 
-0.49981804633827 -3.1342987374665 
-0.00406798060855 -3.6172367406011 
1.7041853907096 -3.8904439072574 
0.27030747155602 -4.6204881031687 
0.039734305961882 -3.896393437475 
-0.83968997431768 -4.227254734039 
-0.020791633739701 -2.4896889060139 
0.47960345798683 -3.6690799966531 
0.834818065796 -3.5335556564348 
0.62285600597955 -4.5499711677863 
1.3420337317263 -3.7804210332052 
-0.25826451762077 -2.9936016252091 
0.2646852764956 -3.83003516251 
-0.38656588578103 -3.1954313590034 
0.81007840958317 -4.2846238345631 
0.6728885752233 -2.5057326083886 
-0.09885462776499 -3.1132052372201 
-0.45212887905207 -3.7421658532032 
1.3714293471135 -3.2071541230539 
-0.34344187930271 -3.9385641148829 
-0.76350460380417 -3.0036344099405 
0.073357591356175 -3.5262280080934 
0.25208698024159 -3.453428762796 
1.6418985522241 -3.5830338422206 
1.5005372947028 -4.3748181645609 
-0.73752050259523 -4.2560901932036 
0.70894813289782 -3.0556015343316 
1.5406277938441 -3.085722247763 
0.55409265488953 -2.5758303956385 
-0.15098050551557 -2.7387602643126 
1.418133933375 -4.4159854327127 
1.1680309972541 -4.257491684309 
1.6288168103305 -2.5598491185992 
0.14347611337449 -3.6593708504121 
0.86428201308947 -3.0502743035094 
-0.83339179069913 -2.2971722286348 
0.49788067413332 -4.0177262472593 
0.97243532924462 -3.7955572550965 
1.731865591928 -3.6799689092328 
-0.10197850822059 -4.4689017398612 
-0.28153779801637 -3.4152004242243 
0.24055559137344 -4.4781880789459 
-0.38557507980848 -3.4635933927123 
1.2641338789659 -2.2626597732255 
-0.029809993248185 -2.6169177577163 
0.64547048258272 -2.5615576200853 
0.54287832786952 -3.0953938491512 
0.92973534621385 -2.4145280039753 
1.6079588640063 -2.3715651006838 
1.4284150515886 -3.0408851688681 
0.83500494285828 -2.2954231185561 
1.6251062732372 -3.2541879588555 
1.2598679747284 -3.6720983125123 
1.32834251207 -3.0378026471297 
-0.00061336395281053 -2.181687592969 
0.3357693951737 -4.4594875555035 
0.020219490437788 -2.6888687404681 
-0.64700275272969 -3.3873711967134 
0.29004444838125 -3.1392199069274 
0.90299305930845 -3.0428096046202 
-0.009072402325284 -4.0441949780175 
1.224181690796 -3.8724023716035 
0.4396835617936 -2.3439794009263 
0.30796564855947 -2.8107610072635 
0.56793151413904 -3.8819882666166 
1.3806405589393 -3.0346254898679 
0.5116734475637 -3.6808566760016 
0.30763319617262 -2.8161738446073 
0.7973630196768 -2.3175813907116 
0.79669239729437 -2.499043143811 
-0.13354079158147 -2.3932180783554 
0.18487447651207 -3.2358828675694 
0.9906409531875 -4.0209354192654 
1.0251041858165 -3.2299251584952 
0.97853007941347 -2.8432377378635 
0.18013486649702 -2.3235075095299 
1.1174569868318 -4.3705628304286 
-0.23090785361357 -2.3370159735839 
0.21544397292337 -2.2203575681098 
-0.31491951616447 -3.543742982745 
-0.60648238985142 -4.4094708194564 
0.861964245302 -2.2091209166926 
-0.29639051543431 -3.7505706137153 
0.97001880832999 -4.0188903584591 
-0.47157098338989 -2.5021386252283 
-0.17824264444788 -4.330672950962 
-0.67213739137338 -4.0383006569101 
1.0200046818454 -3.7838175148087 
0.74843989788842 -3.8574109903942 
1.2546305703204 -2.9210387893205 
1.7756478157561 -3.4664288034549 
0.58361727609523 -3.3470708338815 
1.1002963211675 -2.6386698090592 
1.1734654839848 -3.8107370331423 
1.2686272770962 -4.4876113452653 
1.0003579518639 -4.5261845044942 
0.86741360189321 -3.6465239468352 
-0.12965338693051 -2.3207260533197 
0.75973422403405 -3.5451814970481 
0.67048824664764 -2.3541210806787 
1.4631624976127 -3.7131998423201 
0.25047237862235 -3.2923255599627 
0.19534888868117 -4.3869998783612 
1.1460506633594 -2.7399920580984 
-0.25341780047691 -2.3689398190125 
0.91200888837076 -2.4066891390258 
1.2450573119941 -2.8743631375041 
-0.5881890398866 -2.7355351422791 
1.7310733535337 -3.5156689472381 
-0.37184933814162 -2.6026195154502 
0.50867654426673 -3.7172933908936 
0.34428150964231 -2.3427951462084 
1.4365865730523 -2.9795858506715 
-0.001373199941663 -2.6028548191279 
1.6265713498745 -4.5075350399538 
-0.82256840652384 -3.1639202864154 
1.6537841583886 -2.4299198834022 
1.6831730430629 -2.8040099602587 
-0.071360101114295 -3.8454860654651 
0.65925355682131 -2.8882419350545 
1.3800298023366 -3.3601486759572 
1.6531129116113 -2.6776862051266 
1.388249625621 -3.8245015444401 
-0.51451914543697 -3.4589674154711 
0.70983960346914 -3.8707314227859 
-0.53402230872869 -2.7204195695714 
-0.44575792323668 -4.4279860014074 
0.71410751172266 -2.327418731081 
-0.76195971994247 -3.6967678070026 
1.0822614914311 -2.3017825530378 
-0.72668195111071 -2.1780450126576 
1.4199224355933 -3.3284791397687 
-0.085960079884773 -2.7896857862619 
0.56726743686583 -3.7439065477062 
1.7791941024879 -3.6141755926036 
1.235215346811 -3.5352311992953 
0.96625800073136 -4.1191390953199 
0.78496338438338 -3.0177520343331 
-0.63367673273661 -2.3677244843737 
-0.34132270414172 -2.4556695727825 
0.71873165879172 -2.2401626236103 
1.6500467908523 -3.5767597849476 
0.52293606381477 -2.7920604924677 
-0.17309523679196 -3.0636596690931 
0.29491511356695 -2.350672542286 
0.69422481245439 -4.3866519108086 
-0.24549833662019 -2.2730942810932 
0.96749667728188 -4.4233754435983 
0.21730983478334 -2.5661951388696 
-0.36109160700077 -3.900489046685 
1.2646652456904 -3.7095413786893 
0.84352132661485 -3.1479518657774 
-0.31697771655566 -3.1173913425661 
0.11169722076022 -2.5884558709634 
1.6293336620295 -3.6107424063627 
1.0123969205407 -2.2095714444117 
1.1352939704919 -3.2899284505603 
0.58696886659572 -4.3694077269426 
-0.17323530254788 -4.163748056458 
-0.059541960329176 -2.8153890833258 
-0.66341713057107 -2.9565367116787 
0.71943835523549 -3.0112299043403 
-0.038811042243863 -2.9543449176486 
-0.39599099938399 -4.309550830996 
0.26876066301516 -4.425124970261 
-0.1636855584179 -4.0141171039901 
-0.1312934675555 -4.0548875397763 
1.2767795776008 -3.3630769552625 
0.93174649844585 -3.5043771593656 
0.91718166003434 -3.8782419427408 
0.68068465568125 -2.2704770889085 
0.61728761619181 -3.7886208648248 
1.5248332418065 -4.4334509812247 
0.23871474828188 -4.5633477822652 
1.6289467376983 -2.2654696755208 
1.3239855734291 -4.0357311455141 
-0.75036742976657 -2.9268236626883 
-0.38146735753587 -3.2538227302187 
0.87296551213363 -4.5905127571775 
0.29180357626665 -4.3537292846506 
0.80628025710097 -2.798764137921 
-0.7620986373185 -4.1596320374159 
-0.3561359504732 -2.495187661652 
0.85356231859889 -2.5587045000858 
1.7358965675532 -2.206272375715 
-0.42251700903836 -4.6155787956503 
0.14066913151259 -2.8586901274209 
1.6327102696682 -3.335072556982 
-0.17986682566431 -4.2801825609891 
0.86955891913099 -2.3113475133335 
1.3493078086911 -2.5777999570073 
0.29631502182117 -3.8498023501892 
0.5910476692352 -4.1149413287291 
1.7716527943794 -2.7463393968046 
-0.36051804381818 -4.0096386566346 
0.97932934879245 -3.7547197982564 
0.59321257502846 -3.1445896890254 
0.5258653007326 -3.6738365341742 
0.59343263679776 -3.3156635465168 
1.1952122202263 -3.996136653013 
0.45242586240897 -3.8397954941678 
1.675271469924 -3.4837069242238 
0.12164970188363 -3.7865679045393 
0.57673060776855 -3.819989589557 
1.2300182552712 -4.4830860603904 
0.60573110255145 -3.889091905795 
0.46496709003912 -4.4734131362022 
0.86775048436248 -2.8094384304804 
0.50918487567237 -3.0095899350123 
-0.49372586710125 -2.5103996270132 
-0.17959492759827 -2.9146615960083 
-0.56432554931551 -3.4344480100567 
1.2662716721962 -2.9349335090349 
1.1670912060931 -4.2256917449267 
1.2048724241087 -3.6930364375025 
0.82089520493567 -3.1747895883956 
-0.83086292285658 -3.2493636173212 
0.64027958502794 -4.594243335035 
0.15000441115984 -2.2385438446195 
1.4748238476831 -3.7654138966342 
-0.40651808153809 -4.078316842032 
-0.22433505438362 -2.6058719636008 
0.13385632473313 -3.2963924675231 
1.1943208914886 -4.2536410120999 
-0.62311639321721 -3.4708604679927 
0.99720027356191 -2.4313326256147 
