3.8176411036071 -5.9467404291051 
3.3367838573826 -13.89422378491 
2.5017726720868 -5.4518052087917 
2.9170999938874 -12.042523368997 
4.0315498653148 -11.962993533877 
5.1786284399119 -5.5380696916349 
4.5781226218257 -7.9002025333067 
2.910601265144 -5.3838618363332 
3.3018324819053 -5.5005371695857 
3.3297886700996 -4.9943674810344 
2.0295329279832 -5.4217025089021 
3.5631150742312 -12.931722510235 
5.0598735741776 -7.720751579975 
3.4538115468087 -6.0305206992184 
3.6443703559065 -4.933309467957 
3.1952683213495 -5.1873409317227 
4.0512026819227 -5.807966102647 
3.5528822529858 -4.6010656185257 
3.0614364053267 -4.9328982829699 
2.8258693500636 -4.9487847090486 
3.1479054549832 -7.0560787768277 
3.3988310126933 -17.046436875286 
2.2397672686207 -8.0122028382483 
2.9955408586758 -6.3012967065019 
4.0455895167793 -5.3153087374516 
3.5668430906077 -4.8554184732936 
2.3904259694681 -10.023767584222 
2.6726734237362 -6.6228158226197 
2.073248071683 -6.3462517423832 
4.8489048385522 -7.9310708240226 
3.0486556499472 -9.8200941617685 
4.2615471105026 -5.8800564086569 
4.5972614490397 -5.6622106178853 
1.795265954287 -6.1048021447736 
3.3434933713927 -5.6116742456785 
2.305520197585 -5.4305001484051 
2.7818670660525 -4.6739932527355 
3.5080044964546 -10.857390807791 
2.8244653675867 -9.1986799215255 
2.6750607426494 -4.9868505596897 
3.6245086434395 -5.9787623166932 
2.9862525376498 -6.9683816385207 
2.5847817514744 -4.770093319813 
3.4480438941792 -4.9940698272 
3.7361936331888 -5.5299750486674 
2.4428704194052 -5.0631439273002 
1.8856087894323 -9.9787907530918 
4.2494421509411 -4.6601285126809 
2.5945341632649 -7.5845299726719 
1.9151410135654 -5.4765646888103 
3.8866646012025 -8.046799237063 
4.6939974575815 -6.2699459286156 
3.9197852605465 -5.428548819431 
5.2423552729539 -9.4566071771769 
4.5058561629876 -7.6750889529062 
2.5685426310774 -8.5869088816479 
2.5639052365528 -7.8456223175291 
2.7071590778536 -4.9160490235418 
2.623692450165 -9.7963894737588 
3.0161593609641 -8.4920240519018 
4.4035747226915 -6.1264488614365 
2.5966945189774 -6.7234791308043 
3.2367936353332 -6.4740658341225 
2.2033419576427 -4.7777986091665 
1.7910691357499 -6.4373274277925 
5.1016822189523 -6.4389755665565 
4.0957710190783 -5.1441599302628 
3.8630672858928 -6.1649960353415 
3.1672564082081 -5.7329826373996 
5.1035610571918 -5.4759962158084 
2.6418087359446 -10.041913058691 
1.9054665959241 -5.1487971117335 
3.225360454217 -5.7427892077799 
5.1238518145144 -6.6074914686901 
2.9332147654061 -5.1683618021753 
1.844985247319 -5.1137990765398 
2.4714114153678 -4.8445683146461 
2.0544245380054 -11.335162570352 
4.8627828392132 -9.2599044918121 
2.3244918349768 -13.283772525098 
4.5971442682764 -13.260306943303 
5.2820482559043 -6.8920754839243 
4.6832263529311 -6.6576056986047 
4.6350596721767 -7.515803257013 
1.9956201860307 -4.7535973750322 
3.1919802965015 -5.2615547547485 
3.1746156827416 -11.392595300938 
5.2772503891496 -8.5269847450848 
3.6552079498975 -4.6857598339678 
3.6884082075657 -5.1124155721357 
4.4277804775083 -7.4931728927445 
5.2179141365116 -11.174528912228 
4.189457920565 -4.9772496177418 
3.0879723242345 -5.1723472788847 
5.1331046117159 -7.94624244889 
2.6711091594431 -6.1223694982318 
2.7382161596597 -8.666299228817 
2.119969100205 -9.579948629439 
4.9836406147662 -5.0928281851594 
4.1360943781422 -11.418016113343 
1.9101543537657 -9.1317993099904 
2.3190173020185 -6.1452713365264 
5.1075624427106 -11.857447330121 
3.5686887444228 -7.4111807381207 
5.1234335198086 -6.7598079175017 
4.6078980961507 -5.0984102192629 
4.4106154941019 -8.7183566603092 
4.7763453471365 -7.4224999418416 
5.1612868116218 -5.7205242214513 
3.1894868572636 -5.5894433021687 
3.0053623444751 -10.551709551161 
3.6318736206122 -8.6743183538996 
2.7596735011117 -5.1752506162439 
4.1742052785361 -7.6891589383304 
3.968327888834 -4.7603062745998 
5.1269099057515 -7.0842786343409 
2.4010611988009 -15.106860731813 
1.8536076942412 -7.9236866077545 
3.2017222476044 -4.6846531440655 
2.0452130618248 -6.6735072672173 
3.0575346846482 -10.068788385367 
3.0773190629172 -8.276220738424 
3.4039445408795 -4.9133190770014 
3.4630422766605 -5.5977815176494 
4.6036390414046 -13.922305337895 
2.9096004083907 -5.2569724189412 
3.7283738021543 -4.9096485902574 
2.3593630035923 -9.346064361005 
4.5326859298621 -7.2842810321455 
2.8986186340136 -7.1073272251261 
3.4566438181757 -6.2830251955709 
4.1466340178305 -7.8575308879983 
2.8540893103407 -5.8573942036931 
2.4379575622565 -5.5062972253522 
4.0682948335189 -4.5823856261201 
3.2387974040532 -4.9746004320041 
3.0904585991939 -10.241238378552 
4.104603019129 -5.5949389030308 
4.9327461380526 -5.9633549617876 
2.8249359094442 -12.077633263496 
2.9049921358422 -4.699831839168 
2.6559509176055 -15.238306879104 
3.9609233816643 -6.5536145658106 
3.2758322373403 -6.0421170154585 
2.8229985971284 -7.9414492151856 
3.1900612985248 -18.539841634016 
4.745821492126 -6.2141586760881 
3.7634388036331 -7.7990121914778 
1.7962189032474 -9.8903605911099 
3.6068736866138 -5.0709732371399 
3.7574793074345 -5.586564246758 
2.382273486433 -5.9036549149907 
1.9424175931394 -12.066799111449 
4.4480134245715 -6.9548207551199 
3.3021790204346 -7.3384346702229 
4.0991104495679 -8.323441007992 
4.3177211576998 -8.0553492618493 
3.5105468624444 -5.4267544537986 
3.2447610300311 -11.124691925494 
3.8111856520664 -10.175867589015 
4.0316681546673 -10.362066640024 
2.9999717277202 -8.7607033178427 
3.5557401496326 -6.7774215412486 
2.0409078777667 -5.2802332274851 
2.8529980920654 -9.9446111541872 
2.0394961414434 -4.5647229965103 
3.4015556080661 -4.7330887121255 
3.0757332976045 -6.2490667670208 
1.9162949709496 -6.311994090791 
5.2917237592484 -7.5552345113652 
5.0885441344348 -9.5665443924957 
4.4296246026661 -6.2148213705113 
2.7812562944643 -8.4383801316981 
2.2970607273366 -9.459587801436 
2.3154461644348 -13.757024858706 
1.8216596274862 -8.7278008823025 
2.0760944350374 -7.3960306793626 
2.5958732459799 -5.6533142483204 
3.7877435552259 -13.770739159288 
3.1616176146716 -4.661440461169 
3.3750367818229 -7.412559299323 
2.0625164278381 -6.1619177766103 
2.2656539147579 -4.7861339735031 
2.5526707515782 -7.736321668216 
5.2699989586064 -9.8710539037588 
2.6337251287806 -10.243002394669 
3.3597805918693 -9.1547821840439 
4.7857941902712 -16.447232812619 
4.6150996463283 -10.22104443023 
3.656422972805 -5.7323033164966 
5.2009363468599 -5.80250073945 
3.974276377748 -5.7990471016523 
5.1722664250205 -4.7297681199069 
2.4066121414819 -9.2457333843015 
3.8014212449236 -8.3744865604136 
2.5697020961022 -8.4971650732106 
2.3505568520945 -6.1313177096366 
3.4354393586716 -5.4270093179681 
3.2402302917585 -5.0546204227626 
2.0131048843695 -7.3695788070711 
3.7855895434827 -10.832660219529 
2.04431212435 -9.3470114903996 
2.8804541327912 -5.9016266717261 
4.8090139406807 -13.387515344408 
2.5759183184061 -5.6127615735579 
2.338533766625 -9.9555978027005 
1.7994129463331 -11.285251340681 
3.7282683339969 -9.0893164034585 
2.3684766547917 -5.1159095552975 
4.9122049398602 -5.0818982801132 
3.5809865647742 -12.866708945077 
5.2993712457746 -8.8328094842391 
3.0009252100352 -4.6332857289302 
4.3885725272292 -5.8663961793162 
4.337898727113 -9.4895884835836 
2.8732989881357 -5.2505087925678 
2.168028412514 -6.7222431407542 
3.4948330053011 -8.0361527435793 
3.733751641626 -17.132720440535 
2.595630913533 -12.82297368981 
4.9602712801765 -7.7315130682405 
4.1227287726331 -9.276618097927 
2.8278627430688 -9.3622583035732 
2.6075653920962 -5.5640518427922 
2.1177092032826 -5.8291823794654 
1.9519761332724 -9.1039213158742 
2.4120925724139 -5.073262715404 
1.8521940800349 -6.7684674056956 
3.3328561790175 -6.624723236059 
5.1741446159083 -11.159542934176 
3.8696021533986 -6.5097779277178 
3.7130294795214 -5.5547027349486 
3.1023879069321 -9.6468157786096 
1.986918237226 -5.7115931022499 
3.8474006740762 -6.4826586457986 
2.2407151735841 -5.7316466506287 
3.7783957095023 -6.5673681512441 
3.8373516120239 -5.79741440111 
2.0267421080668 -5.396220080338 
3.7387814049585 -17.139867986639 
2.1764847904517 -9.5112727833745 
4.9574413846593 -8.6049488047685 
3.9498166298574 -14.743625114479 
4.9607556203919 -6.7637914914412 
1.8808504662833 -19.544593983784 
4.0762349584912 -6.9010390647284 
2.8289309280087 -4.557784183267 
3.1380087047446 -6.2349221436025 
5.2215818758072 -6.5488328292667 
2.0755468080374 -5.3432328410502 
4.749563791577 -6.1706128858899 
4.1269575438132 -5.513250668195 
4.10509836945 -11.403787826959 
3.2590532641864 -12.714069739184 
2.3406789948829 -13.70171907686 
2.4850115587223 -5.7325061705953 
2.3535688327163 -7.1899237764387 
3.7078063859487 -8.7879390132936 
4.1296244347748 -5.6522902578501 
2.5787755313498 -6.7098924833445 
2.5178889294952 -5.2273472939821 
3.5949342632567 -5.6581149676128 
5.074831770375 -7.4512200497653 
3.2997669160199 -6.2295684201095 
2.2509746230076 -4.6168927405866 
3.8496040385722 -9.4462275420966 
4.4044657512913 -9.4800897652966 
1.8275130587661 -6.228921838031 
3.0033598672003 -15.095575255832 
3.651488760549 -6.082371439774 
3.6871471869807 -6.6942805827875 
3.6759053711452 -7.6390690580926 
2.4525718830476 -10.240993463804 
5.0895440686837 -5.7181671653199 
2.1406104237802 -8.4988033103023 
2.112048665759 -5.3745113685492 
2.3859315243853 -7.0897197439356 
2.7204423521529 -6.2270666574806 
3.1789401957355 -7.6847698908002 
1.9801838304643 -4.7243215640998 
5.2139025684906 -14.828952592162 
2.2290123022503 -5.4556111426458 
4.3217045667636 -12.686327927303 
2.9167450487797 -4.7373588461671 
3.2097729469036 -10.281358277164 
2.6727994589411 -6.0242989614843 
2.6166116590192 -7.7290407754274 
3.5515060676804 -6.9061912660436 
2.6298214088886 -10.891455534695 
2.8196559246916 -6.396454008061 
3.6109342593473 -8.8517288963374 
2.2487842677417 -8.0629466611809 
5.1567183511968 -6.27994771099 
3.1307398718071 -5.4130167432394 
3.9282160752325 -10.415802131731 
3.8463500344274 -6.0327509505719 
5.1038129842315 -6.0428223721552 
1.8795794047612 -6.5278484442011 
2.620050738185 -6.1586075507478 
5.1133742827185 -6.4355209012353 
1.8618116241032 -5.4746938552468 
2.8858003011578 -6.5988926580574 
1.9074855379137 -6.20523126352 
1.8383118957288 -6.9601274884225 
2.2016778551615 -7.8437971391749 
3.3512201033364 -8.8685985831449 
3.2389369027766 -8.7961235433706 
4.6316206712259 -8.1490121963426 
2.2528041536824 -6.8697663784136 
2.8878716972312 -11.58061966086 
1.9071967553472 -6.0275417890731 
3.0178453486759 -17.397443592286 
4.7360011281149 -10.676920416686 
1.9744499157069 -4.7101719175343 
3.7424056041052 -14.553446985002 
5.1478843808513 -6.055813418384 
4.2737888603896 -6.3261879816944 
5.176170929329 -6.0235348990468 
4.1090014693147 -5.6630421496695 
1.9292628947326 -5.4121671207152 
3.1288397143282 -6.0598532973337 
4.8076255565245 -8.8003928850876 
2.9473475048716 -4.7208209725752 
5.0022625248097 -9.1071688075456 
4.1205885751532 -7.892917124529 
2.0125048711962 -10.565843681432 
3.776192761716 -5.7741022797909 
3.1006354266996 -6.7386752927126 
3.3048295488813 -5.4815380481657 
1.8101712501882 -6.3579618869144 
2.2032614793378 -5.3512606386079 
1.8549717538949 -7.0172805668034 
2.5439280535091 -4.6542061081231 
5.0681200651956 -5.2394859438744 
2.0532197712994 -10.439642516756 
1.7986427353094 -4.8051731974069 
3.9193389875518 -10.287841086683 
2.9064647909191 -8.0576174178652 
2.6714094336952 -13.323468863726 
3.2113328527376 -9.1095851652393 
2.9094623826224 -10.427958672688 
4.2401519383497 -10.899432248877 
5.245789136872 -5.5794069358445 
3.1614285292166 -6.7206806240321 
2.2057632176968 -11.691788624352 
4.2940553520193 -7.293250111478 
2.3255880216365 -7.8464551253485 
4.5062513179698 -4.6383026349005 
4.3577583791979 -7.0558793191556 
4.7384179287553 -5.1292375542088 
1.890260926082 -4.7638794747029 
2.1881532039267 -6.6947085857775 
3.0117169065155 -8.3738942502478 
5.2140409850463 -4.7524665857162 
2.8025020220866 -14.787234185324 
3.5666211827613 -4.7017626914359 
4.0247371489738 -15.324107557659 
2.8225313180602 -4.5578661893242 
4.4762691867071 -6.1841154927575 
4.8265118554943 -6.7120753940793 
4.328414177816 -4.5661868937637 
4.7984344028695 -9.0228453649611 
5.1582679430693 -6.7202550266386 
2.3582613655689 -10.34971688842 
3.8362562203379 -5.4390473360647 
2.2086283578645 -5.1115435208044 
3.9610218119862 -11.314712964895 
3.7116904132877 -7.3631922251686 
2.8507547836116 -5.3121956427928 
2.9322182138223 -7.9107852769358 
4.3511527696514 -6.029522512251 
2.4551109951736 -5.2928336509816 
4.0340521343928 -5.9113871072825 
4.905803730163 -5.2469010704739 
2.857006361078 -9.7796792529487 
2.4797478886391 -5.602164458452 
4.040200210771 -10.17884835203 
2.5274832055974 -16.663293241311 
5.135247815177 -6.9910428974321 
1.8995903102299 -5.6542065270883 
2.0124698865621 -9.906860879125 
3.1039554398986 -7.9441447674279 
4.3790337245647 -6.0825965864528 
4.6003772976491 -6.2847589075494 
4.4028473745895 -7.2733836151241 
2.0263383993848 -5.097846550525 
2.3270734911179 -7.3872605156406 
1.8628624917788 -4.8879043726728 
2.5007737467015 -4.7202067640909 
2.756845558903 -11.176207429236 
2.2520212122899 -6.0503556877829 
2.2534519343012 -5.1530737199944 
3.5728773840656 -8.1662236258436 
2.6370354008503 -5.1084415530405 
3.2815616326451 -10.038111521998 
3.7752906595386 -4.9430101429917 
4.8597787693553 -6.2919754567238 
3.2071841697091 -9.1435819818085 
3.6434170074285 -5.4144506052837 
4.4672914422751 -12.008545605639 
3.3543692361351 -4.6625352577175 
2.0271136331179 -5.3063712727373 
4.1360453492348 -9.3153405400721 
1.8882110983417 -5.6450163106422 
2.3609908909934 -5.0541558956161 
4.7806570804283 -5.706784492611 
4.3792223817455 -10.875941289184 
2.8189285349724 -6.420409213431 
3.1175792301354 -8.2126059039671 
2.6789244087833 -10.352523623669 
1.8629449883551 -7.7826741622771 
3.0224928078065 -12.948635006117 
2.1412968228007 -9.9491597877609 
3.3391551185849 -5.5217185854955 
4.2789828004389 -5.1101997863646 
3.6931940798625 -5.2259388805181 
3.3455597500031 -8.0986643077857 
2.2994839359881 -13.404877165229 
4.1524807834783 -11.900229314339 
1.9965045792472 -6.3894757285153 
2.1896500442406 -6.2580652757821 
4.0138872854601 -6.8555419922885 
3.8138594446732 -7.0974422740294 
1.9985793382849 -7.802721375131 
2.8895657842929 -5.3198329129352 
2.0074750412552 -5.6691837776098 
2.2703294876487 -6.7470914189762 
3.3971811272948 -5.9778192511932 
3.3641786786475 -9.1733980210162 
4.7728673499351 -8.8946723931341 
4.5094518961281 -5.4592863110886 
3.4055316328825 -7.6498373547512 
4.3146918787438 -4.5716648089277 
2.7274308956069 -4.8071399591824 
2.8890559254394 -7.5272555479378 
2.3762000604098 -10.808882646882 
3.854250800068 -14.98275554837 
3.5218810473698 -11.220176338776 
3.5120775767259 -7.1158099215752 
4.3224900179158 -11.118013007275 
2.7093220514865 -7.108719797258 
3.6839132547321 -7.6921445774225 
3.3638712143124 -5.3185771468715 
3.1018620557427 -11.701382506223 
3.5797942022438 -6.7361904450338 
5.068703743726 -6.3179704441847 
3.2913234835568 -6.6593605547548 
2.8147204281851 -12.833065555763 
2.4200397691807 -4.9617496738548 
4.1658091373958 -4.9377850646522 
3.8489951373419 -8.3620395660351 
4.2763201912084 -5.2052570804135 
2.0517433220932 -5.793863734069 
4.8033431851024 -6.6608088523621 
3.3234912463937 -4.5470216969675 
2.9563370492347 -5.9252618483382 
3.8388452301649 -4.5707281177952 
2.2071406523367 -4.8094418805333 
1.9483471436116 -11.486014087679 
2.8548626884792 -7.6427422527228 
2.8261762030918 -9.1137556779985 
2.0760200585103 -5.4200968157381 
3.1001559045308 -8.1551179426734 
2.3924145201515 -5.6062017785264 
4.6182500515353 -4.5276017930515 
5.159582045468 -8.2829377943888 
4.7376389942838 -6.1602920537848 
3.569068015151 -6.4125713849355 
2.0020634352822 -13.568150891726 
2.1263420460349 -5.9182569929667 
2.9870924042433 -5.3487719992529 
3.2943007570639 -8.0518493819849 
2.2142848112699 -5.2889245946854 
2.7731126903845 -5.4804560249039 
2.1689305359623 -7.9830866413025 
2.7188089548318 -5.8588255668037 
2.0279265151758 -10.416677494182 
2.2818069194338 -13.169128526554 
4.1063923223066 -4.8894272262338 
2.4453779397889 -5.0021981425109 
3.0953450941287 -10.756078915934 
2.1174165715057 -8.1201756848817 
4.2117822616231 -7.4033417205291 
5.189885244507 -4.5816201217787 
3.845775823332 -4.5938600018214 
4.9482225845768 -5.4412304834392 
4.0357345846496 -5.3890842373791 
2.4057639715413 -7.0902285653065 
5.0166060562443 -4.6218098489137 
1.8038803932623 -10.330615627332 
3.2084762380079 -4.8516790285881 
3.5333120113706 -7.9514309550439 
4.5730832295953 -7.1946069249613 
3.3727297787129 -6.327592680167 
3.4977940081441 -5.7181111513997 
2.4834716921408 -6.3638953502908 
4.9104096231615 -9.3136599294953 
3.7484504644876 -4.7594446540685 
3.3066720510122 -5.6390911921693 
3.3292445475196 -5.4257598919089 
2.6876612856474 -5.2744208660393 
2.2730571151265 -7.6629591036872 
1.8272753122839 -5.607346103967 
4.7253180358792 -6.9159715204401 
3.1149927980349 -9.3396956741641 
2.1086917516294 -5.4539171221178 
4.5988677095892 -5.26487067748 
3.3469253669944 -12.284776594628 
2.8570810653141 -5.862774923655 
2.6031941382639 -8.6737066812614 
4.6974363493106 -9.622350567843 
4.3559689986071 -11.101568078737 
4.1863832942328 -9.9475940489 
3.2228130610823 -5.2216789148683 
2.5818339496221 -6.0472332149078 
4.9430867646143 -11.41381265001 
4.0060466059798 -4.7110074075561 
4.1389417008541 -4.6138168053505 
3.724617698634 -5.7889740193465 
4.9079539798959 -6.0200269558399 
2.2175080236265 -4.7352372351623 
3.3076743771276 -6.7916708048607 
4.1616535840321 -5.8265986317566 
2.6412282817852 -13.339388973962 
4.4172527197395 -7.9503290172418 
2.4254969977141 -5.8852451384067 
3.3037332531957 -14.616927385817 
1.9239687836136 -7.3992649911592 
3.0646128163042 -6.4978777960541 
2.8317520846822 -4.6643180125444 
2.0608479810555 -12.955716782616 
5.0452481041445 -13.827543148089 
2.4913323226038 -4.9874676028152 
2.61788623749 -8.3600815166359 
3.0258587336612 -5.2767002603434 
1.7922935556924 -4.634058365795 
4.7615844529094 -5.9048968248242 
3.1116227414641 -16.839618079085 
2.8589371524105 -5.4700487391769 
3.7597145879204 -8.3299074741841 
5.0260832356968 -6.088058526585 
4.0795307960905 -7.2973103698423 
3.9995102222164 -6.2476160665496 
3.1930592617174 -14.499026227611 
2.3429339344876 -6.148741686365 
4.1837006149629 -7.552300214697 
2.5054139607955 -8.2876847317201 
4.9977811874127 -10.02530635908 
3.2852141149222 -4.9754693219628 
1.8073795532538 -4.5326546127047 
1.9676768278412 -4.7957177958963 
2.5878168535272 -4.8752383503681 
3.3888763310753 -5.1361696729653 
3.471729669408 -8.2830155818335 
2.3184258464427 -5.9225185948694 
2.6890836393233 -7.2130471120073 
4.8495482291062 -10.984199826742 
3.1704500408902 -5.9453166102962 
2.6347692665012 -9.9585717650922 
4.9935467986317 -7.9308553394365 
4.750099929134 -6.4396373902216 
2.4506244503126 -15.660795752549 
4.6579086931346 -6.8594408423128 
3.7365098566641 -7.8752020407161 
3.2619826346641 -8.7688759734783 
4.3997787264726 -15.450741457098 
2.7431804645221 -7.3473779888583 
5.1703437330227 -5.2492360133691 
3.1842595709275 -6.9414108344561 
4.5428469096446 -7.1136777081435 
4.8642553060948 -5.0994099248115 
3.3920370429356 -4.5653012196229 
3.7198703688624 -6.0195892118468 
4.4636788831611 -11.266684089433 
4.7932808422498 -4.9783020697948 
2.1620408635611 -11.874621701256 
1.9838270281324 -7.3754605252303 
2.0497337271956 -5.9924673242569 
2.7681157914156 -5.8955961789756 
3.2647771836866 -5.2067417565078 
4.5033641309077 -7.1616000342921 
3.0092866466551 -5.0747654718223 
4.4331072218732 -6.9443297168314 
3.3123529772328 -4.7872936029418 
1.9270551754141 -5.9156727170763 
3.9519413891148 -8.0010953758503 
4.1761220764296 -6.2226248461241 
1.9556128122686 -11.647097327155 
3.4665080111061 -7.3987098232412 
4.8951572763186 -5.8164007202133 
2.0710056942043 -10.547541242609 
2.0186323873919 -9.6337312308078 
2.8377596785117 -6.1763054530118 
2.7330767950369 -10.206939230447 
1.8354183253382 -4.5450098673001 
3.1655307836242 -4.8278042955867 
2.2741118052415 -5.3776413956512 
3.4063550267774 -6.0942857433108 
2.7302169887751 -6.3410664979675 
4.3447077885624 -7.7786192045977 
2.6908821610149 -7.1011379353659 
4.1026849813732 -5.9660326931317 
4.0222315608589 -4.8782819330844 
1.8288449361225 -4.5397282983495 
2.0065285690841 -12.636623307512 
3.2048625066716 -11.712724745444 
4.5601213124786 -6.4117325301913 
5.1957249556672 -6.4754077179291 
2.7531094528287 -5.0351727605285 
2.0119607267084 -6.0616975326325 
3.6446599435643 -9.301099170895 
2.8088033720764 -5.8584270311809 
2.219086967862 -5.499711476297 
2.4652385119384 -6.8490038433602 
4.251173079375 -5.2496075816049 
4.6395419294757 -4.9261564430048 
4.8074425190659 -7.1732316212187 
1.8493195855923 -5.3791017549017 
4.4340542737787 -15.99786036244 
4.845977808434 -5.2367390746073 
4.8265970963561 -6.4986512957547 
3.8762341012117 -4.5358651787795 
2.4738186116851 -7.3247311318146 
3.4689094585136 -5.1429938717351 
2.9957292997541 -6.3524319376605 
1.8223509230135 -6.2300371912747 
2.3493006333602 -11.111519891749 
2.854896364471 -10.497731786102 
1.823074427274 -10.392903594263 
1.9505311878548 -9.8100736842707 
5.1308346534688 -4.7361570093789 
4.4171008355512 -10.439795243546 
4.2013924870524 -8.4047653014426 
2.8333139297044 -9.9320332489661 
2.1026911247921 -6.0851967823835 
2.064672915353 -4.9252519753755 
2.2706860036309 -8.5545866368205 
2.3433653937431 -8.6126551180514 
3.8913396741432 -12.660209918938 
2.8631603996097 -5.425381613265 
5.2163739631662 -5.2631052185047 
2.4511403049433 -7.3812297669096 
4.2087966435857 -8.1908434751127 
2.3417840486524 -5.746368209646 
4.050846278405 -5.4381724314716 
1.8612891203326 -8.5969578526329 
3.4483769133508 -6.2907580252736 
4.635113242083 -7.51411722845 
5.2477033015291 -9.4848981404742 
3.7588239280643 -7.6538032216057 
5.087717794958 -7.0321838853491 
2.3020374942594 -5.874568456022 
1.8348036859514 -5.1979403135242 
2.3365596078639 -15.972320448669 
4.0431962449632 -5.9879501895327 
2.8530889807067 -8.1515218272325 
2.7610337624185 -7.172815746951 
5.1904510922868 -7.2764225779517 
3.7250827152509 -19.369545944968 
3.468055357641 -8.4480041008551 
4.9391148760757 -14.702410780778 
3.1567106378569 -6.8187982639583 
3.735217296442 -6.7276977811034 
3.7329723035011 -5.8768663597822 
2.1718983620641 -5.5353622924259 
4.3336493336969 -10.600451366144 
2.7501977594408 -5.5731334919364 
2.9314613282822 -8.1086918705452 
4.5258398751903 -7.1295514792417 
2.1056113456074 -9.5091852725077 
2.1160966489597 -5.8960405936692 
2.8597642821614 -6.4924546062209 
4.2787037154893 -4.7104193815377 
4.0099864486204 -9.8120241596121 
1.8043752879537 -5.3325911534376 
2.8115603529263 -4.6782794626333 
2.8722236004694 -4.6207036604496 
4.8958729617758 -12.379193815443 
2.0868575649696 -6.6644127227475 
2.3312439632497 -6.2444716146271 
2.7491958664448 -10.914868278987 
1.9993005696453 -5.0337228648525 
4.2691740799766 -8.8037810963255 
3.2186172951072 -7.5318697919195 
5.2041333781027 -11.978608707505 
2.8412669243317 -13.209320493904 
4.1750023687922 -4.8402117282341 
4.5773670671044 -7.6293930005751 
3.7942398445973 -6.3266833546168 
1.85605602777 -8.2033332180925 
4.5715497718151 -7.2561297199858 
4.4271475463326 -6.1546387062511 
2.0978163180348 -15.778917224867 
3.0338608609346 -6.8924975864961 
2.5152345802798 -7.2198103685474 
3.5783340687858 -6.5242588269381 
3.3068066247557 -12.312942915333 
2.7910759654997 -5.8559819808953 
3.0689488860236 -4.9664568896095 
2.0596904905777 -9.5860200584579 
4.7577318625212 -6.8820638152958 
2.626319381773 -4.8495489452033 
2.1317106455243 -4.9373228577914 
5.2578108762254 -8.2517223395928 
3.573777904035 -5.7675185246512 
1.8019324970171 -5.0298639929936 
2.3017309775735 -5.3880337268194 
4.2218438596833 -11.870772432498 
3.6153317895097 -8.4683046532485 
4.2772292877157 -13.403189657392 
4.0622350982201 -9.3859174297118 
2.3362115927216 -4.8902545827129 
4.3321731977725 -10.350183564779 
3.3694155129457 -5.1703461131995 
2.1514750890576 -6.1236581905969 
1.8280274678771 -6.1931846356638 
2.0896427896037 -5.0549608219704 
5.2889666161684 -15.453127065745 
3.7283276548222 -10.489598480492 
2.728759614743 -5.2167505323969 
3.1904398603267 -6.1452955834317 
4.6138119141411 -11.471953373694 
2.9948108218694 -5.2705258860828 
2.170752347813 -5.6795090145128 
2.6883332299085 -4.6065230727263 
3.3934774217046 -5.6243597923572 
3.3964797131357 -5.3490710192188 
3.8473678000629 -5.0936134187323 
3.3095689545401 -10.412750556306 
4.558469719004 -7.5520714025886 
4.8093137364007 -7.6355907267487 
2.3011805678033 -5.8924193844789 
5.004189461646 -12.001388093499 
3.4358162193962 -9.4366847713913 
1.977236536694 -6.4494173155425 
3.4086964272912 -12.186458703932 
4.0585728271745 -5.502542204737 
3.7358505791081 -10.190699042827 
2.8732251773596 -8.1347129489161 
4.0297930795048 -10.091719522162 
4.9486450976706 -8.6569951838964 
4.2426740950961 -4.9011698446265 
5.1591127225768 -7.5927766448303 
2.9986160980333 -7.3267680923778 
2.5552510665231 -9.1082676473929 
3.6936552275725 -8.1680029834139 
4.6768722745228 -5.2579033267275 
2.6126190580937 -4.7916545770241 
4.4291835495921 -9.6067345214883 
4.1863120378304 -4.78138739791 
4.0823916920903 -10.285832825937 
2.993648122548 -7.3223105171774 
3.2608860714034 -10.112515886607 
5.2451010625649 -7.1093020701106 
2.2207781088945 -6.8654932261605 
2.2053157988962 -6.8708524980258 
2.7699999255377 -12.761664382841 
3.3143362952355 -4.9109529326908 
4.9277302045678 -8.0625390192753 
2.2885160004898 -8.8902115223505 
4.1508626856992 -5.16459310493 
3.1228589609159 -5.1587185413455 
2.1875803294177 -6.038755410037 
5.2255823842916 -5.1317406778535 
3.5976238609545 -9.4914796702629 
3.770390906868 -6.9755923425551 
2.8251462292732 -8.9752244314047 
5.1671522089831 -7.6011548247953 
5.1740240839825 -5.4631182675341 
3.6210288307636 -8.2687633642742 
3.4047170358762 -5.8494740803603 
4.8223150220558 -8.1426075514098 
3.3094150375658 -6.8704676484604 
3.056691370959 -4.6324129101146 
4.1570676276242 -5.7440190792357 
3.5674937673105 -9.6958158077171 
3.8542631495295 -16.000280060537 
4.1753588828674 -6.3397967369606 
5.2288532276277 -11.947647151607 
1.8748677841109 -10.745452132635 
2.3876066285985 -5.893693477031 
3.4419328130362 -5.0742551676465 
4.4564866002965 -6.8976647855647 
4.5581806981414 -8.3490653797738 
5.0397375996085 -5.4954136033849 
4.5857837655407 -7.2903670200899 
4.5308612580029 -12.099255161882 
4.6255769608498 -5.0704062513293 
4.9846472607125 -5.6425809408799 
4.103983290776 -8.9895655618074 
2.2164405238187 -5.8273478704397 
4.466617612963 -6.0501146664783 
5.1614859847248 -5.1652155023237 
2.7230955376641 -11.439864358675 
4.1428719402825 -10.067295063723 
4.9739952854143 -6.2106980339016 
2.0177137531969 -10.224873724573 
3.6726653275675 -10.093163811815 
2.0348523979611 -6.3700464252536 
2.2913815507178 -14.488657779269 
4.7645233990441 -9.9426376132971 
1.9429697307753 -8.2744536425638 
1.8313119907075 -8.1641131318142 
2.7500428108218 -5.7474781779994 
3.4467652795153 -9.1616646718053 
3.4801022981754 -4.6835759066039 
4.0967757394881 -8.9590982536572 
3.5615372197189 -5.4479265546713 
4.7982570920381 -9.619819128858 
4.9295491831412 -9.5375331347998 
4.9805809280054 -8.4973782203193 
3.5682647463919 -11.124503962119 
4.9788287083588 -7.5665426665617 
2.5655132470871 -5.39106487169 
4.5833681580149 -10.876279040245 
4.4198008553837 -5.4942227472357 
2.918732859031 -11.346401479075 
2.1834202257346 -7.3438304130285 
2.167509143928 -5.0676952075997 
3.9217556764187 -11.492400280187 
3.1080569487032 -8.0336218257844 
4.2673103881065 -5.9325309237151 
2.1754490957489 -4.9940729835296 
3.4056768719039 -10.363343414373 
4.2081801491865 -4.7474379895407 
3.1531542282742 -5.6204531389903 
2.9765371304788 -5.7083052573493 
1.9620624149274 -8.4588167277072 
5.2998292542099 -5.9921598765075 
3.3610791367692 -7.8101561389829 
2.9151124540485 -8.3761087031388 
4.8236024797093 -8.7904841358762 
2.3426579563155 -7.1735197579731 
2.6978162981406 -4.8995537253233 
4.4895656338948 -5.3185253361071 
2.8945788643136 -7.8680857725428 
4.1251727883721 -7.7983057541656 
2.9600558598824 -7.6824104370983 
2.4427294182314 -7.0377407309468 
2.4122726026982 -5.3476845987344 
4.0260328822761 -6.4557190200223 
3.1347139022977 -7.6489820708424 
2.2057719211932 -5.5918494122439 
3.9880271130722 -11.853037710108 
2.5744553851566 -5.4741057721327 
3.3790447712925 -6.0794376852049 
2.6321765740347 -6.6585874804619 
3.9657193661763 -5.3787782230137 
2.7989174026589 -12.925856846166 
2.8666664368202 -8.9125302143037 
2.1902653491533 -6.7098320296505 
4.7274940329475 -4.5376897840104 
2.1188283236389 -4.6733173447444 
2.4098729047375 -7.3561733309947 
5.1206212648142 -10.762055289386 
3.1767286860981 -7.0749527520419 
5.188427697208 -4.9609354510858 
3.7940001018853 -6.5449719924604 
1.9830516486396 -7.0578780391543 
5.1865901714445 -5.6810098334015 
2.3265846410861 -4.7908811171347 
3.466532310073 -4.9274398242369 
2.4830422010578 -4.553823012928 
3.1643740445171 -5.2690643350761 
4.0911890114432 -7.3833004226737 
3.3023365318863 -4.881530652425 
3.1190472204044 -4.5292474731085 
3.3831052724334 -5.0934987708009 
3.5248342408816 -7.0196797790616 
2.0762205523455 -9.1161799275969 
3.3630791032788 -5.3635144756486 
4.3298215773316 -4.5419834754161 
3.4824991252108 -6.9758812755022 
4.4901340477647 -5.3058963825493 
2.3421660127004 -9.3737472076708 
3.5364767817011 -5.119703064674 
4.1891789880183 -12.713938941998 
5.0818079192671 -5.4488588710864 
4.5709781769141 -4.8007562392046 
3.0928308906268 -7.7030746028899 
3.0705656886855 -6.7800345055566 
2.5810169492284 -16.079274497688 
3.7139822093145 -10.735132580567 
5.2272010468724 -6.1331564420421 
3.0660619899953 -5.6848371972607 
1.9520085297302 -6.4228442980242 
2.5366657007106 -8.8629794391209 
2.0039988317968 -4.9956088939275 
2.292664768037 -5.7170574258477 
3.6655511758471 -5.5376330356727 
2.309890427123 -8.803668900897 
5.2079722964196 -8.6870163669267 
5.1607365172284 -17.724814363292 
4.5384741900796 -5.0558645309618 
2.4016426185769 -11.304593379191 
3.678023658823 -6.9044470896078 
2.9544533487758 -5.4716237925855 
4.3793857600189 -8.3462659966041 
3.3011390563296 -7.4811631762475 
2.1500864206208 -5.8317654890321 
2.4511951882349 -8.5836678206803 
2.3086753171391 -4.9190938847893 
3.5802281541637 -5.9016193018678 
2.574937559604 -5.3601476892376 
2.955660699188 -4.610045604884 
3.8814968539684 -7.9898654625617 
4.8734357300144 -10.339479439949 
4.4480098536991 -6.727578949336 
2.2321853859324 -8.163143937103 
5.0592099025113 -6.3059759834636 
4.7638731048874 -8.8603193433581 
2.1694198921848 -10.268987215273 
2.5960331102536 -5.0106336959155 
3.7716994315009 -10.284879730869 
2.7597395896672 -5.881345991067 
2.149918032148 -7.4017954973728 
3.4916780243151 -5.4501357881379 
4.3214963035068 -4.7610402072751 
5.1614794350455 -5.4439434458861 
2.3955815569282 -8.4148893930057 
3.3309831831262 -4.5646185017396 
2.7281160834687 -6.3060857823882 
3.624817119076 -7.0115359044577 
2.5813703644931 -23.873165752043 
3.8545558711261 -4.6003633361923 
3.2047149895991 -7.0467925785825 
2.2024880971646 -4.5699046850547 
1.9078024185636 -10.687659338134 
4.458952165597 -5.8807716353975 
4.0012965591859 -6.4481776750243 
4.2148013618885 -6.8315529156959 
2.9954632341854 -8.0718603353311 
1.8554033946406 -5.3503506651287 
2.9686150778334 -21.45675882577 
4.8322500066255 -5.5308669887491 
2.7737096043731 -6.3300401563793 
3.6959712952866 -7.4214801905088 
3.5062048787613 -6.3195251338475 
3.6974169379322 -4.5879881332791 
2.1294683170238 -5.1485062508083 
3.464548181763 -9.0734266565029 
4.3527430656138 -7.6488350020015 
3.1282688065251 -9.2391556682186 
2.9050659628725 -6.7023205146071 
3.076351710994 -7.3651276489926 
2.3565140384124 -12.074698171607 
4.5067677583139 -4.619840324576 
4.8138560061745 -9.6861238349696 
4.5399800721569 -7.6026183876175 
2.2168915826705 -7.6658881927544 
3.2585339562617 -10.788735617324 
3.4580514029627 -11.14877488744 
2.685932464995 -5.0972984237629 
4.2675831354942 -9.1967293165916 
2.9746954528511 -11.065184647541 
3.4155860875595 -5.7627696721096 
5.2386283774374 -8.8204160047384 
4.5055955759507 -16.70759510657 
5.1924658254289 -4.7658401360684 
2.0471833356723 -9.7257625453676 
2.2699371981703 -9.6289816135138 
2.6277072813127 -5.1535906331073 
2.5231382307797 -9.8747999093369 
2.7222772790681 -7.7709767236353 
2.8326977089935 -4.7587984137114 
3.8486601234319 -5.5938457833464 
2.5141358665 -13.076267980031 
2.3016775572259 -10.03897165313 
3.6299149171341 -5.7693685465381 
2.7751023649023 -4.8107698147923 
4.3656509615899 -4.8650868695139 
4.532598033732 -6.5475739680822 
2.9112274250973 -5.1354943627228 
2.0150485494141 -5.7554670228199 
3.8738158046698 -5.9831868060333 
2.4563040255625 -5.4817564842149 
2.7433638038692 -6.7133586607016 
3.3137390234695 -10.200892153963 
3.3975080938888 -5.6193538518122 
4.1367359123103 -4.7336387279415 
2.606622378335 -11.061765543534 
5.0556724595268 -4.5873034187234 
2.3072029381958 -6.6104595712048 
3.2212998931606 -6.1814881007075 
5.183081895221 -5.494450970209 
4.5577367091986 -14.842949549524 
4.183545676272 -6.0549560622555 
4.7015167042881 -6.1900002024997 
3.8311611933598 -6.2018872197924 
5.1660951953453 -5.8920530551629 
4.9284315771057 -8.0579382746523 
3.9054541378431 -10.142252948035 
4.9121779268919 -5.1192903120646 
3.6128262439629 -8.2705457242283 
3.5961871695491 -6.8659423052419 
3.087774995031 -4.6061279725751 
2.1341154696106 -6.0767539169696 
3.7741193226533 -6.6549436395873 
2.9186812279373 -8.0601386954362 
1.9228372045787 -9.1320999099032 
4.7430100995951 -11.052298328592 
5.1968753686129 -9.1915102565199 
4.4419704645976 -5.3712033454811 
3.2600686065473 -6.8196102104082 
1.9129869065609 -4.9156447946046 
3.9269904115641 -6.230652135742 
4.798929040991 -6.9379259033622 
2.6341778718921 -5.4186973843945 
4.1015987192475 -4.6087598556655 
2.4483392890366 -18.549816678386 
3.9308991657539 -5.1107882553063 
2.4808996092932 -5.3486367835425 
1.8819320889536 -4.7598099269396 
2.893016279822 -4.5902549921084 
5.1712828209232 -7.1457813314932 
4.2582920440196 -6.2810252293332 
4.8428708153335 -7.418071878728 
1.9523036954071 -11.961134034213 
3.8151921089511 -17.44489566334 
4.7527322778951 -5.4873703603367 
3.2258113979345 -5.1462608191498 
2.7976409079032 -7.5836681127695 
1.9305860001779 -5.9494653503302 
4.5471787980948 -6.3489648928073 
3.5099611859065 -8.6681722956746 
2.0220663346276 -8.2791490108965 
1.8181765845527 -8.4659246773055 
3.3178966533585 -11.646223556837 
2.6701072308521 -11.550407275185 
4.593965650722 -12.867500339653 
4.7472198953175 -10.967468190897 
3.5469352641574 -4.7041072007933 
1.9319625499857 -6.8878533848167 
4.9810566798529 -5.2885939808165 
3.3715952221666 -9.0435027761202 
2.3531272577263 -5.2827778484087 
1.967207527471 -5.9785822981964 
5.156137540532 -4.5690491129078 
4.705589401887 -11.848248694835 
2.187634602262 -5.0332549130387 
2.1472797981204 -7.2239799661436 
4.3592426052373 -8.0145027283484 
4.0506471930557 -6.2625317858807 
2.8483429788458 -9.5904298234285 
5.0861657507482 -5.2188266655275 
2.2389868093675 -4.9058181263327 
2.0791557659022 -10.913867428328 
3.2429843877795 -4.720139569193 
2.2074677247167 -10.182821106886 
4.6172796878571 -8.4641043813483 
3.5155736088137 -5.0845045114552 
2.9520772817926 -13.571021557805 
3.8351740112136 -9.5511945113252 
3.9079477312642 -11.831290407882 
2.7096699394458 -7.8880205621764 
3.6553517833771 -13.338939439119 
4.093020046021 -5.1351575694067 
3.7981757053662 -8.9799496947388 
2.009614346651 -7.1030992749478 
2.7416942525363 -6.1106719319068 
3.634182716939 -5.5708177480883 
2.2318796201095 -5.5511294899965 
3.9130891254954 -5.5298279997892 
1.8017658064636 -5.7861988436337 
2.7409991258478 -4.5254122756752 
2.6856093885901 -6.3288696961975 
2.6323601266237 -6.3649984501054 
2.2076058926517 -6.1070535522935 
2.3929818777709 -7.6100814403515 
2.3520977854204 -16.494285994703 
2.0994153696244 -6.6417213108446 
3.166462363658 -4.9696005616482 
1.8067408271 -5.4216805542525 
4.4577201077791 -4.5386355489208 
2.8449946133978 -6.68264413013 
3.5463264470287 -5.3656457217965 
3.1128054865192 -6.3167547731969 
5.2962961801469 -11.075699574512 
1.8000388399052 -4.8307190390423 
1.8064351982088 -4.5436173428842 
2.7365394582063 -5.4983309761941 
2.7786832494029 -4.9522289230893 
3.9919284725942 -6.3923258478418 
3.5534247816591 -4.8887503765889 
3.9680278096789 -10.884458515099 
2.3182716294513 -9.0311554614409 
2.821917395314 -5.0479142870619 
4.5765709933744 -5.7954952798663 
3.4723341217845 -5.0491227468204 
4.7045522110493 -9.784849397493 
4.8889570271237 -5.2913868621396 
5.207630329443 -11.203840806939 
4.1292469639116 -9.0190684257334 
2.1225827707885 -5.1047569632825 
3.8981460955855 -9.7594797553816 
2.9421264512173 -4.7547678721258 
4.3567006866136 -6.3033305624385 
4.2571970767023 -10.179243273505 
1.8923223277278 -6.1025081459591 
4.4850492220645 -7.2204818225346 
3.2654840246491 -4.6398193094351 
2.8221969474916 -9.6342056107231 
2.6007504320228 -7.0974609940518 
3.714646289567 -5.0448731755172 
1.8587305863409 -12.90665272721 
4.8397525897444 -8.3748651682303 
1.7988463190051 -6.2149942770585 
2.8906933578745 -7.8940165780046 
2.0160494314581 -6.0215249442058 
2.307686302121 -9.8885847127989 
2.2228845556984 -14.491125966899 
2.0410680359058 -4.7866950514228 
4.3417019354623 -6.8940886504917 
4.2255001504239 -5.9098761036801 
3.0266448165021 -8.5722811526164 
4.344353268381 -5.6058458891109 
3.2663670810013 -9.5290914315605 
2.1818747246018 -4.6381282122912 
1.8472521136818 -6.2423198678044 
4.7060494526455 -5.741264150681 
1.9915112582523 -13.909180332446 
2.3741497855424 -9.2835376310672 
3.126125439204 -5.5700381074912 
4.7993411756639 -10.794680804117 
4.8901127626316 -6.5195460517628 
4.6497321768304 -7.739188976474 
4.0786427936953 -7.0210075832637 
3.7656149040088 -5.1511404806735 
4.0039363169298 -7.2219998229481 
3.2013942103144 -10.278655890205 
3.0262965376492 -7.2532811569439 
2.8488502434499 -4.9771525539296 
4.2159867638119 -5.8500711848781 
4.236656334921 -5.5951937121167 
2.5980975095961 -11.232247343278 
4.9553047225112 -4.843793144745 
3.7384103563953 -4.8339321486973 
4.8415060131018 -4.8309020346031 
4.9455567356749 -8.8450730120269 
2.4996830570126 -8.0847313957933 
3.8183085789243 -8.8725514118677 
1.9099997563522 -4.9389458188383 
3.9418519027008 -15.680263241466 
3.2696987062054 -9.4511652918511 
2.1194747751773 -4.7151373676975 
3.8504787564585 -4.7027417693856 
2.7730052800479 -6.7994487059226 
4.3153517929908 -7.3811657293155 
