-10.72067635095 1.9343820073158 
-14.290324972378 1.9619509039857 
-12.208377113216 0.99510812923651 
-13.833192807098 0.81828863901879 
-13.896643242761 1.2321075772025 
-10.778245063272 1.4888553103504 
-13.079387316723 1.3136922229343 
-10.847166368252 0.94373835308191 
-11.213272402678 1.6241689632259 
-10.749250678457 1.5061858545638 
-13.705578510978 2.0643876427259 
-14.631512163609 1.6400267026413 
-9.2865394095659 1.1621404800278 
-12.689179964874 1.0150881769127 
-13.605129810573 2.154652947553 
-9.8247670758602 0.94900689750269 
-10.419348084901 0.78495869767107 
-11.368514080795 0.83787598837166 
-14.401708749209 0.87273454265116 
-12.964539142509 2.0058395735102 
-10.590071345824 0.94552832300102 
-13.112177631139 0.88660890861537 
-11.051925111481 1.5873054962879 
-10.234501599304 1.4879321847497 
-12.651590381043 1.3853960291932 
-11.70719200293 1.3263592145242 
-14.700528718091 1.0677670902602 
-11.621031947143 1.3838725184297 
-13.430615806422 1.8066716228761 
-14.208958222505 1.3557765538198 
-9.81180425627 1.6955046639916 
-13.884191642308 0.95216612691051 
-12.517505976651 2.1552726606618 
-12.597260364485 0.79952624069674 
-10.519027868826 1.0047309398214 
-9.516221901074 1.9911305073919 
-9.4407445554921 2.0480305462317 
-12.752042431733 1.8198938563941 
-13.73440697888 1.5561490996901 
-9.8097252240245 1.6099191910247 
-14.098381547394 1.8204212595988 
-9.1612822830272 1.485238909669 
-9.3397750144127 1.6492160273141 
-10.974080478706 0.96657284141959 
-10.692737108144 1.3438955871794 
-9.319246573671 2.086499226264 
-11.38990629091 1.7008020547848 
-11.224859358249 0.94057157039355 
-9.8537187727511 1.3114992972001 
-11.015615649171 2.0453331841086 
-9.6160501519781 1.0223550702039 
-10.853722849863 1.4479836719344 
-13.453033087852 1.0550645535915 
-9.8141284155307 2.035309037953 
-14.12429366139 2.1480029186252 
-10.829436622384 0.9620333133267 
-13.46101252741 1.7135411585575 
-11.044812745187 1.5388878009074 
-10.583794774982 1.5259206141276 
-9.2118629822009 1.281779377623 
-14.645449572105 1.8976176202475 
-9.848659299643 1.2997361370471 
-11.197627714016 1.8320941791258 
-11.998605988025 1.0927170658034 
-14.506126944604 0.96367167295637 
-14.734671230504 1.8558593384473 
-9.5156269404069 1.3200411964465 
-12.969395130067 1.8275713751879 
-12.168106505535 0.89647496413245 
-11.185351019185 0.90547513152895 
-10.12918342102 2.075852864957 
-10.490090489924 1.5478318201314 
-11.102103803395 1.8744452005138 
-11.561824242841 1.3464397538471 
-11.744821953828 1.3309369450001 
-12.933196807465 1.7876084609102 
-9.4125207273944 1.2506837181435 
-14.515676855159 1.3408056823457 
-12.078532678433 2.1468875689733 
-10.899871234535 1.7319489107632 
-9.4779982532018 1.5287019476746 
-9.3885994786174 1.0894037911805 
-14.473096238894 1.466884672198 
-9.8341926727496 1.0081110788873 
-9.1288802563789 2.1022566798493 
-11.639811235321 1.1827221053846 
-12.824746389575 1.1396559089535 
-13.146853442038 0.81031337339966 
-11.351935287939 1.6512126352257 
-13.548656120894 1.4910818656075 
-9.2123978949124 1.0896426645306 
-10.742547808789 1.7664131490564 
-14.274713633218 1.19181685064 
-9.5313895806935 1.4779983788526 
-9.7226303617998 1.5682549187854 
-9.6158106305582 1.9489600235737 
-9.4442275272793 0.93256405548657 
-13.984288932439 0.85713902088628 
-10.360752709112 1.8900431362488 
-14.003957234535 1.0726177791073 
-12.452798937378 0.92197273444525 
-13.159037043611 2.0752423039035 
-10.412648452575 1.3385868425376 
-10.34768360975 1.3859316236056 
-12.417619281407 1.579560591831 
-11.630201299805 1.9006052042281 
-11.496381605533 1.2250263691271 
-13.833481137756 1.3022776484126 
-10.229857041321 1.2934881308456 
-9.4056645526339 1.4781501901878 
-9.6177932263178 1.1526150917667 
-14.461713427333 1.8810575877204 
-11.2673217207 1.2639897146105 
-12.474251411739 1.3586580303325 
-10.734978383503 0.93051572183614 
-11.66959679037 0.90555424606272 
-9.7770226633239 1.1076942569561 
-13.67341780287 1.3822339487975 
-9.123121778909 1.0674429562555 
-13.031895990345 1.6724451817098 
-14.079595072183 1.358725299245 
-9.9072160200568 1.7525867736892 
-10.96581876512 1.4614212703947 
-10.535815040235 1.8743122150588 
-9.3168386217409 1.3412217236585 
-12.719825613975 1.3743033326413 
-10.179751132634 1.0868381983277 
-13.909068143073 1.2647527987555 
-13.20762830381 2.1108197946823 
-11.067186960341 1.1480959010894 
-10.93258404141 2.0497067850852 
-11.482424992857 1.7888789357369 
-11.954117006844 1.5135579605145 
-9.6385602555459 1.1833333283773 
-14.194940609108 1.2464546314931 
-14.442557389576 1.5269650305493 
-11.805034849742 1.0921159431728 
-12.51210289475 1.9345171678444 
-9.580965696855 1.9937655959126 
-10.413368209591 1.6909840629041 
-11.299453758238 1.7499434107941 
-10.24255321207 1.3323065826508 
-9.6722537569496 2.0914764554585 
-13.081452748225 0.93977723171858 
-14.438773037112 1.8336593906849 
-14.574680360476 1.8507007539188 
-11.729269421029 1.7483249105697 
-11.704032992392 1.5645288927789 
-12.97020960843 1.6480702668381 
-12.38991665006 1.3980945837557 
-9.7367505515907 2.074266223045 
-13.248800702981 0.76310358988967 
-10.748313446111 1.9083538745713 
-10.019613503525 0.97909170647801 
-11.692716630956 1.9922373140122 
-9.5544505815126 1.6496700964589 
-13.76995330366 1.7470723000286 
-13.397115026176 2.0708355115853 
-11.772095859545 1.4736888608763 
-11.797699912941 1.2491550268469 
-12.442541779559 1.6075296178123 
-9.3351541253419 2.1635151495431 
-12.641676700167 1.3391179504185 
-10.38751316305 1.3410729533025 
-11.045503494276 1.9776872530018 
-11.058911406792 1.1679234075409 
-10.398578329411 2.0303680025725 
-14.618943423239 1.6149510681235 
-13.753304593052 1.8666002448378 
-9.6504835348104 1.795510356822 
-14.086735768015 1.722490003655 
-10.374432929976 1.9504111499368 
-9.2194062217341 0.99832508852442 
-11.323088277986 1.7195946578432 
-13.260827619579 2.1282167113001 
-12.664289049342 1.6721710381867 
-10.037961535197 1.0744513688154 
-13.573631083411 1.0791980603537 
-13.184247172379 1.9552790466275 
-9.6526463125255 1.5661621888392 
-10.581125086972 2.0756510722187 
-13.753450727796 1.5170808684803 
-14.266188479125 1.7559648561077 
-10.415510180334 2.0391757314645 
-9.7755688784562 1.5624316041902 
-10.494431921317 0.88529280650113 
-9.8131787828293 0.95761670076012 
-12.600046484468 1.8843229786476 
-11.22130600332 0.95314782661966 
-10.101459927927 0.78878248275961 
-13.931085235864 1.0942035515182 
-12.174123888506 1.7086190823383 
-13.102745196844 1.4617189348446 
-9.4374136380513 2.1149920620196 
-13.982660661576 1.3342008230625 
-9.9831321525994 1.6602849427517 
-14.134462613349 0.96031476970839 
-9.6367540700207 0.88834263996644 
-10.192204438981 0.99324229598723 
-9.8037073102175 1.9226088331258 
-14.231912760972 0.77699152243834 
-14.657945806615 1.8289429739091 
-9.962247435859 1.2866709781031 
-13.150023636791 1.2623231205689 
-12.69118590679 1.5702534934117 
-12.873525687029 1.1023364201399 
-13.203619030405 1.0401183194386 
-11.105258318584 0.84270323578322 
-10.807760169809 1.8031845833565 
-13.917972804815 1.1536667148412 
-10.620870378644 1.7297814158782 
-12.587904460005 0.77845874501896 
-13.67662591098 1.7902450137017 
-9.3304685950136 1.8066905114058 
-11.594297317907 1.8143473511601 
-9.7937449010319 1.6180767105536 
-11.265070329722 1.6572168110466 
-11.108845182546 1.7726721349705 
-9.9413266006903 1.9893978752867 
-10.905378219903 1.3697379844383 
-13.336644283376 1.715204553844 
-13.156589773896 1.5874632279127 
-9.8855294839011 2.0154682930166 
-12.409077884675 1.0355028896522 
-13.79997512509 1.0022709581556 
-11.835194158674 1.1364270016813 
-10.661652150225 0.98163127036034 
-11.261102385667 1.9668440720665 
-9.2721379654257 2.0566444298029 
-10.409386576353 1.3120088430983 
-10.412484170852 0.98618099519595 
-10.096527266872 1.8172617526854 
-12.606789585889 1.2854112908322 
-12.902038102948 2.0971241453435 
-10.08026950491 1.4324659010702 
-14.048622283738 1.6150311887259 
-11.233924988497 0.75644862938823 
-13.682160507553 1.6419269393106 
-9.6448497568258 1.5072861182403 
-14.417290762438 1.2898444505111 
-9.5156715852801 0.84848563297891 
-9.5443800965833 0.77710462712824 
-9.6274811155226 2.1751665425027 
-13.785330237091 1.2205093170957 
-10.808831019868 0.81520648758128 
-12.049016619001 1.008201709043 
-13.110494427913 1.0903858917928 
-12.390216558921 1.2310359695426 
-10.308404869334 0.94429610622655 
-11.183333265046 1.2606112477814 
-12.295850343474 1.7935072517876 
-9.5027069442004 1.31729348563 
-9.2504271219421 1.5909077086197 
-9.6147646006093 1.8593128672094 
-10.928773028683 1.8167205643032 
-14.077269601908 0.8494019197537 
-11.864969927581 2.0113752088409 
-13.066837254348 0.98175656630907 
-13.645854706204 1.488788334288 
-9.6952613972947 0.95743577829904 
-12.177333353086 1.4839621995838 
-11.052310750603 1.6011005364607 
-10.759459654748 0.91643742302952 
-9.8269560424881 0.93110640937976 
-10.952679659775 1.0086747545305 
-9.3223337736293 0.96944661411264 
-9.4034429687804 2.0642684039942 
-10.004694846371 1.1510584629382 
-11.269479463404 1.7467224541149 
-11.937385936808 1.0676174499003 
-12.727560711432 1.6911202664283 
-10.383445266119 1.1822280506693 
-11.33141456142 1.0239504692272 
-9.8638705842115 0.99540408291958 
-9.1622024272768 1.2577799815819 
-12.157028439653 1.0352061058463 
-10.793408195907 1.5510252501806 
-12.162271939048 1.0631121856189 
-13.07000722302 1.5885980788784 
-9.6920324934741 1.1767250963376 
-11.597239263982 0.90693307370961 
-10.256807237946 1.3191058516103 
-13.353776119927 1.5661774016148 
-14.021509811096 1.8118885340074 
-9.4828018724664 1.4680819308425 
-13.067882986963 1.2868642726163 
-12.446068945157 1.0242236835424 
-9.5896387486825 2.1342869358641 
-13.429369728572 0.84049797396159 
-10.196111134639 1.9061293421936 
-12.235928198115 0.81690577597831 
-10.899623349366 1.5477253403466 
-10.082689524054 2.0611522566262 
-12.07033386762 2.1266303519618 
-10.352286614239 1.2104387573489 
-9.921165728402 1.2897562942159 
-10.654772994527 0.77459513772718 
-10.993750517816 1.1420225390327 
-9.6752038701437 1.231780272324 
-9.4310817939621 2.1140032277716 
-14.018291385944 2.0098795895493 
-12.055791349579 1.3941964440628 
-11.64143799499 1.1620066447291 
-10.380309591704 0.87155098922911 
-14.136623523005 1.0554424113546 
-11.214166708376 1.0944820559102 
-12.96735413542 1.5652095402353 
-11.60831599597 2.0591386679433 
-9.289760146595 1.4705724112096 
-9.6317558523956 0.85972639910253 
-9.9693877168966 1.8925501983607 
-12.034623699058 2.1453331320874 
-11.453607082649 1.1408456041667 
-9.589422462119 0.88770598018716 
-12.729664369275 2.0451590210666 
-14.699540716769 1.1582165470179 
-11.736963136403 1.6623462750586 
-10.258417307118 1.2805337923491 
-14.615193533726 1.9771414576536 
-12.910068174971 1.4261176169537 
-10.80328819687 1.3229290064472 
-9.7897974042381 1.5251902884239 
-10.958355043752 1.2632732693385 
-14.093127208803 1.367500230721 
-11.096670870183 0.87297887122719 
-9.4662058531985 0.82804326694815 
-13.194936489158 1.936501549146 
-12.101249950519 2.1638622273949 
-11.965011986462 0.83104309194522 
-14.108358967204 1.9715275076841 
-11.519396996079 2.1285124848754 
-14.230705904984 1.1425729901803 
-12.370338748743 1.552070496347 
-11.044587419638 1.6213806587202 
-9.2611704850972 2.1006937801189 
-9.4288161114311 0.81053564524821 
-9.6242765355806 1.3487329937469 
-10.142819187845 0.88529863021116 
-14.042359118006 1.5146384181834 
-9.49364720394 1.4138762486326 
-9.5670830633719 1.8047206834191 
-11.978428362462 2.0575815070664 
-10.312986862719 0.88031621620097 
-10.790418128081 0.94541863842626 
-9.2256172896854 1.786603765861 
-10.126466205301 1.3584480427146 
-13.264843540333 0.75515051025601 
-13.418764546076 1.0356238543353 
-13.161967573476 1.7813488492148 
-10.529125591282 1.1853995266157 
-9.9080777690811 0.77993233444832 
-11.034020432336 0.96998485930257 
-13.968744149889 1.8338818496162 
-10.464798838657 1.9790284244118 
-11.744379841637 2.0368432390495 
-10.696676450333 1.0473256845321 
-11.228288490634 0.99647332682124 
-12.924075869229 1.0927585294184 
-12.124676716366 2.1371477348701 
-10.983669367904 1.5666277229262 
-13.545578445917 0.83305260880171 
-9.5453144984262 1.3899257790581 
-13.904642542837 1.6536197174333 
-9.2874175417403 2.0260554343212 
-11.952845543179 1.8586435342631 
-13.036717764132 0.97950392515279 
-9.1389935361261 2.0257358993531 
-9.3812722248358 2.1210342442875 
-11.927898323154 0.79006623072692 
-11.057415381421 1.0920266393652 
-13.8708139334 2.0022625757684 
-11.304800937593 1.6695749888981 
-13.537333065968 0.82976743084612 
-11.360185583404 1.4482826320105 
-11.168853994961 0.99012448455532 
-10.711703322836 1.7138217426156 
-11.089275524648 1.1086803063485 
-14.705570312925 0.86379963061938 
-13.899982740837 1.2012926578327 
-12.513692307777 1.112025007301 
-9.8297477687399 1.3637601134016 
-10.798374453225 0.82363989571327 
-10.728612223545 1.8310636395938 
-11.624132792023 1.6193748122139 
-14.594644775729 0.80943552191618 
-11.256856273688 1.2947999817634 
-9.6771184302583 1.375919012567 
-9.2646352140411 1.3611560270258 
-9.6361304507679 2.1363506060377 
-13.105628582442 1.6220965573056 
-11.11584211225 1.0447312085977 
-13.772492084228 1.2086915653164 
-10.743429310792 2.0378560677951 
-13.017680364073 1.8923083285479 
-12.117963347708 1.6043855567103 
-14.117604826845 1.4848919404277 
-13.409776605429 0.9680911087032 
-10.654170367755 1.2287032437505 
-13.765475204227 1.7946893844243 
-11.487807923841 0.86877173052148 
-13.012936903271 1.0287398656195 
-11.17408529237 2.0589785391289 
-10.401270375092 1.2237657148286 
-9.6925742770374 1.091167315696 
-9.8618718177803 0.93790358223655 
-9.6049413248011 1.1149870496573 
-9.342737055717 0.83764154718491 
-9.1262677431508 0.99346070198691 
-10.172749460616 1.9149199425205 
-11.594103367279 1.5820519093347 
-14.470895380136 1.1400728146348 
-13.920291990502 1.2724365316461 
-13.347651657637 1.4972893333726 
-11.136524296493 1.3148705247743 
-9.4370894011336 2.051309820691 
-11.089783877408 1.2329827476132 
-14.272113777711 0.83560319548524 
-11.537150314336 0.83970272078705 
-11.285584950135 1.5734756015851 
-11.406358811484 1.5969862429952 
-14.728222821006 1.0849992662173 
-10.599302326001 1.8880910848356 
-11.049243911198 1.1863499677427 
-13.408315564898 1.6408235755848 
-10.134790177281 0.89250774172555 
-14.091065249987 1.931100685298 
-9.7388127031641 1.0957047821657 
-13.261234874631 1.7493135980717 
-14.123996781008 1.0453668060414 
-11.513853655652 2.1486427283251 
-13.360687308951 0.83120005284108 
-13.56895982853 1.6930169029904 
-13.34445273297 1.7931604354885 
-10.104126596698 2.1143340513313 
-9.6067294177249 1.888032699018 
-11.041986146158 0.78634819604068 
-9.1820226788937 1.799444201325 
-10.33255610363 2.0315948432306 
-11.390634573944 1.736464028543 
-11.45412736657 1.8503692599962 
-11.552650182102 1.5747249048298 
-14.670174590507 1.0931948898329 
-13.285420416248 0.84210090253034 
-9.601235853577 1.190256465428 
-11.541118989496 1.9755818533812 
-9.5261092587585 0.89690568537799 
-11.565621186855 0.77634005635199 
-14.61166869024 1.4659433650948 
-14.348111575178 1.6447838131524 
-9.8232640321627 1.8409881931867 
-12.472864771223 1.3747702049786 
-12.383229078815 1.275051197243 
-10.601862328213 1.9102251518494 
-10.273525764994 1.5313881732904 
-11.261957931775 1.7385553020103 
-10.575251070583 1.6932635024767 
-12.996754728468 1.5543320855392 
-13.637053028574 1.9049103882977 
-13.52929763587 0.92012055976996 
-9.3886048435496 1.0904822388711 
-10.701503735365 2.1038225656124 
-13.694570798055 1.4357074188095 
-10.007324281009 1.719665159291 
-10.910097812892 1.5767340571742 
-11.758574831395 1.3751398291557 
-10.731742320692 1.6024670523275 
-13.628539797212 1.1793792837139 
-11.799218057302 1.098207815355 
-13.146164348117 2.1631977344813 
-12.016544023768 1.0438571673974 
-9.3879455975926 1.4276072971261 
-11.195299634349 1.8664025164729 
-9.7005613171354 1.8070318613751 
-11.429206727419 1.9835201139381 
-11.562221321474 2.0382204348638 
-9.9758068601701 1.3232482771948 
-9.6542849446028 0.79695675127222 
-12.611134164526 1.0261789007646 
-13.538964889058 1.5336864131171 
-9.8251835435239 1.9650622971429 
-10.724455291829 1.9067860276477 
-9.4418664992383 0.83735217720486 
-11.03586811834 1.6278590246017 
-14.336134663817 0.82529951029613 
-9.896134794847 1.7659975490334 
-12.882499921685 1.0848839298821 
-12.294445372038 1.2452009949645 
-13.711347923499 1.4649251113673 
-13.900873610958 1.7453404218274 
-10.160406902785 2.079261678045 
-14.470748194968 0.90779099455813 
-12.596778890668 1.5294202708242 
-9.1144418936 1.6565070824303 
-12.289708386536 1.7423977769992 
-10.706348547667 1.2159492805242 
-12.797905083986 2.0659760348746 
-13.636209887675 0.94987030869668 
-10.746370414978 1.4895114490213 
-11.078973800651 1.2881593522101 
-11.204052382028 1.7693399254204 
-10.300186660085 1.6059130705011 
-10.937490056533 0.89153621273638 
-9.6629879043496 1.8145387578089 
-14.713786497933 1.6675864321596 
-9.4332026178027 0.96339016956568 
-9.1411748904858 1.1862566073228 
-12.30012952672 0.92753222541307 
-9.1465502583688 1.6928333987231 
-9.4975748847721 1.8193388078756 
-13.328774196238 0.80340379876345 
-10.732449324282 0.81620818724523 
-10.449717507572 1.7196469478221 
-10.179048647358 1.8238783226447 
-9.8698252256664 1.5238765679928 
-13.283424233241 1.2702513459618 
-9.6589888329131 0.88973535721034 
-13.422254925588 2.0315285697668 
-14.167955553868 0.76462962953166 
-12.089089155375 1.1487256412724 
-12.171600839232 0.92264158580316 
-12.705566872522 1.0999027251321 
-10.457296161574 0.77924432108925 
-12.184186447203 1.4556743274343 
-14.534419854446 1.8241842645572 
-9.3508986884626 2.0426856771512 
-13.422907832248 1.9507968565836 
-13.04571979616 1.5549586058004 
-11.824377272777 1.1288223686871 
-9.3375675471634 1.8585795653307 
-13.576667472362 1.0408956743466 
-9.7585663573931 1.3535226515537 
-12.184586544487 1.735828574791 
-11.712399925985 1.1260811981118 
-13.774307411334 1.820706985249 
-10.603276310283 0.82940923634917 
-10.292256950327 1.4600487260433 
-13.534611849904 1.3738254769351 
-14.255132857131 2.1166543882654 
-9.788695975151 1.1101620469426 
-10.46835483174 1.950856423839 
-13.464035025356 1.4700432811796 
-12.372503608349 2.0218710727764 
-12.39575031219 1.358404668321 
-13.709087407641 1.1170137920171 
-14.542209782475 1.7857337993604 
-11.164902494542 1.3029343290597 
-10.884741860258 1.2894867947516 
-13.934598678178 1.5814878275953 
-10.884090034135 0.8058945014793 
-12.335647595822 1.2096353409125 
-11.001142811957 1.159385107452 
-9.303522462194 1.0775119271216 
-10.525018887321 0.76575931881186 
-13.899691728213 0.78367981888117 
-14.342739096437 0.93850137483462 
-11.430393231961 1.5242746086881 
-11.764763246071 1.0376196177851 
-10.280368999874 1.5432054209022 
-11.206630934622 2.0290734128872 
-11.816919783953 2.0825111296042 
-11.806373343244 0.95038785033671 
-10.372357081683 1.0799224456776 
-9.1782226905107 1.0782888954005 
-14.570436010351 0.84940481962838 
-11.244033222309 1.1308150895572 
-11.859952392223 2.1197429601168 
-10.584831973025 1.9324676802858 
-10.735522522696 0.87588401535153 
-14.650358423468 1.9697149264401 
-9.5457147412967 0.88920946035044 
-13.022684762673 0.83412399660462 
-12.069868771683 0.90111289767185 
-9.7334311407463 1.6482190208249 
-14.001343870381 1.8093174028269 
-11.274731348827 1.3922453122187 
-9.9925249797991 2.0313346309845 
-10.336581620734 1.5945866529417 
-10.917218514014 1.3495874422483 
-10.840149712882 1.3647249586208 
-10.379620916189 0.95769126964084 
-10.902100387447 0.79260828745651 
-13.914912651068 1.1750262715156 
-12.478361808096 1.4172448368234 
-11.30120995556 1.2179950551497 
-12.106670229206 1.0351830222724 
-11.800657389616 1.2134553260073 
-11.736478453113 2.0551476411251 
-10.384922141807 1.2023667890621 
-10.729824114934 1.2075881652169 
-12.680079737385 1.4104757473148 
-11.794900831193 1.1161954707249 
-12.995819581291 1.7937888810572 
-13.277919029052 2.0560550851776 
-9.2991131634444 1.5998518235983 
-10.63345053377 1.440524386109 
-12.783604983397 1.3490494528188 
-9.3338217646256 1.6967263334335 
-9.759876774183 1.6821733481172 
-13.209343171472 1.9645088128744 
-11.138915516692 1.4978194890014 
-9.4853020560562 1.3116623025972 
-13.862121657755 1.0614105348916 
-12.480672275178 2.0211559601022 
-13.199275389076 2.0763551698606 
-14.113682399729 1.7983540066629 
-12.874814196301 1.6031959445996 
-11.546218035683 1.9051992947858 
-13.673098013331 1.6985513126569 
-12.329523231418 0.98526042582212 
-14.404785042353 2.1281135774228 
-11.586221913162 1.2157835725631 
-13.442925809498 2.0540671900682 
-14.429692846983 1.6478324137171 
-9.6558597795019 1.1908137135594 
-10.435320308159 1.4731329362294 
-11.904624914158 1.6147989341477 
-10.28221619286 1.9218782553199 
-13.516431796416 1.8954198875227 
-9.6636725197076 1.8252686093256 
-11.043149508105 1.7464326345299 
-12.671234870677 1.0000349121504 
-13.070640493153 2.0904343045306 
-14.133832389067 1.7477449030751 
-12.881593496613 1.1108370450671 
-14.046554640254 1.4059543877134 
-12.082413540343 0.90375938141084 
-11.290315462291 1.3602543365879 
-13.579145913111 1.0277948803643 
-14.472937323411 1.035559639718 
-12.194179273205 1.4300612406425 
-13.622567054377 1.2054518380255 
-10.055156959674 1.2915490881105 
-13.716651192933 0.80202703376473 
-9.8307043577944 0.95814062067874 
-10.116829754441 1.3541919694233 
-13.972359599454 1.4057504986947 
-9.6330030815475 0.86864249645987 
-10.516218379972 1.2976213194158 
-10.376333822369 1.2497342238457 
-11.577394301285 1.0568274003498 
-10.113594068817 0.77014476572019 
-14.069553437501 1.7231180127297 
-10.135336821096 0.96463151164681 
-10.121212103734 1.8889123112716 
-9.6789671636228 1.2008585657457 
-9.7230339162089 1.1485727094105 
-12.62236143946 1.159302776271 
-11.252202592434 1.3775548494929 
-10.254627969742 1.9044811582201 
-13.17752407428 1.2976469101238 
-14.65700213342 1.8229567430888 
-9.8971231673056 1.1859439614538 
-13.512926499256 1.2657370658467 
-9.9576402517955 0.98270899090155 
-11.029925781549 0.94101026272678 
-12.377316719311 1.8518019285288 
-12.033713037885 1.8007422298554 
-10.6448762764 2.1436960180625 
-13.051121833784 2.1277179306495 
-11.38148334558 0.79289203510832 
-9.5129327362547 1.3984349568791 
-14.728420726238 1.7092000752148 
-11.909778789932 1.6515206302431 
-12.787282192978 1.4723280713883 
-10.908441888898 1.6806461303074 
-12.055833811466 1.9502747841832 
-9.396357971577 1.3726973457245 
-10.260146522152 1.2310844701799 
-11.335283868329 1.5902426387193 
-10.505682979802 1.9195407572266 
-13.114661262917 1.0595582698955 
-10.639956850151 1.0495950728527 
-13.590511917259 1.9287624063094 
-14.211694137761 0.76883539466089 
-11.275530695268 1.9880385012677 
-13.135807336871 1.23716920017 
-14.112377548022 1.5275506720039 
-13.784638355086 1.958647710854 
-11.439814623487 1.5989025322597 
-11.833536196025 2.0084323737709 
-11.854627551314 1.9531623108284 
-9.7810791357184 1.5009453198244 
-10.123374118584 0.7842900448905 
-9.2945946660851 0.99956200668509 
-11.001185247945 0.93726789117642 
-14.672448056823 1.0873966272499 
-11.196757279138 2.1543317814313 
-13.88864290287 2.0026885237385 
-12.760080152014 1.4861448324902 
-13.445716950871 1.5724816481933 
-12.705996378351 2.1041445247205 
-10.085904990674 0.87700340618078 
-14.643138434921 1.7604314805798 
-10.104061481376 1.7965451654552 
-13.761478812731 1.1096624654412 
-9.5642298943317 1.5973375253385 
-13.662168964016 1.8983014587973 
-14.657150791542 1.8709770463781 
-12.767829002328 1.4819201072929 
-13.86535480726 1.4674643388026 
-14.489025544677 1.6216192546479 
-11.572251135478 1.1147953352923 
-9.7353657932738 1.1400150661475 
-10.353755201054 1.1971304766005 
-9.207668119816 1.9639432556612 
-12.121865419907 2.1540298865011 
-12.254135485705 1.5252750861857 
-9.320879127612 1.2930419882878 
-11.804081276914 1.3517419531921 
-14.06415829793 0.82373662727769 
-11.47231361173 2.1707291011011 
-9.2607218672272 0.76728798664975 
-9.3561737507312 1.4559186630021 
-12.783968334007 1.4907081412887 
-10.632387505154 1.1110114040862 
-9.8348447017365 1.7312679055901 
-12.200630675217 1.6956544300108 
-12.007794298213 1.7296632242835 
-12.657592394101 1.0315750975085 
-13.146079091234 0.78507029857538 
-10.589786720438 1.6507349945805 
-12.310009389744 1.29199073241 
-10.050504251213 1.7382601099201 
-13.265096909945 1.5129226839106 
-11.285034675727 1.4589736304856 
-12.336528236413 1.5046016949175 
-12.725759994745 2.1319205088233 
-11.919831639575 1.4884572895629 
-10.766666545828 0.88430844336979 
-11.647361598709 1.7644560657789 
-12.736981879775 1.1888539932156 
-13.34951025221 1.395150811787 
-13.134830978308 1.3303892194631 
-11.434084966313 1.3377695833534 
-13.095107357177 1.2662254279182 
-12.030423470669 2.1683096139603 
-9.7799341642552 2.1202976542501 
-11.80336168658 0.87614627063772 
-13.915928841909 0.99246101528886 
-11.16872057797 2.1681353928621 
-12.848015797447 1.7961728245702 
-9.4899230906952 1.2419279791914 
-13.943355095717 1.4650991326844 
-11.603772686608 1.6486589486731 
-11.627345638417 1.5297826098155 
-11.373205553524 1.6535740828387 
-13.83516326542 2.053379353466 
-13.001855264754 1.3628195218295 
-14.653254785181 1.4347556404242 
-12.468771637855 1.2461320689497 
-10.528122611197 2.0804595983276 
-13.184931443071 1.6163466220373 
-13.015928221136 0.92847766514453 
-9.4194938957179 1.0509566161742 
-10.26597582007 1.7203123372628 
-10.183714113094 1.8725068183245 
-10.6764316179 1.8243924777218 
-12.678516163341 1.7066939320373 
-14.284017103764 1.8696732385794 
-13.66512858646 0.87940649473056 
-13.737718746333 1.9784321315875 
-11.586724376303 1.5102231713229 
-11.238654141782 1.527727826915 
-12.904502537268 0.77856555008266 
-9.3924844636175 1.3048099170373 
-9.9898135131916 0.80585102640109 
-11.590027076148 1.3263898058386 
-11.053386977587 1.134849647958 
-11.49202431743 1.254743087992 
-14.015061192279 2.0174335155856 
-11.8075277967 1.9431229329927 
-13.658973075293 1.5208857210285 
-10.844881732099 1.9562563215402 
-9.2983818137719 1.2657614197853 
-12.705023386266 1.6561423926764 
-9.8272701331824 1.3099846962374 
-10.19666300198 1.4913522739094 
-13.273635564601 0.79735153449483 
-11.461449526162 1.8296089787803 
-9.4596098277004 1.344191290982 
-11.419916166593 1.5378029249011 
-11.235310082105 2.0166615023528 
-12.918518708349 1.9379081767521 
-9.8079065031393 1.3827374919536 
-14.276353534998 0.86892575517168 
-9.2285749557256 1.7026357097054 
-9.4741719475555 0.98810553377146 
-14.315799981641 1.4890396979097 
-11.766737318888 2.0768208047703 
-11.93293700547 2.1429703832893 
-12.161458831395 1.873392174403 
-9.6486791585094 1.1794516364857 
-14.209344066465 0.79002430977971 
-9.2326387957821 1.9758978845551 
-14.142330357441 1.2875425738887 
-13.129815856116 1.1639206148727 
-9.403013834866 1.1070954636176 
-13.710043766093 0.90642451838429 
-10.839462265752 1.3581025158392 
-14.127713371785 1.7453191099579 
-9.5715004147064 1.9089528503884 
-10.70706332574 1.3784109896892 
-10.490511625704 1.2134401867184 
-10.581183290872 1.0651281437489 
-12.994326529477 1.8231839915507 
-13.43748451547 2.1611956472245 
-13.793323793493 1.042127961234 
-10.095932289016 1.1347420857271 
-9.1921563693866 1.9498162626722 
-10.593636966139 1.9130885279744 
-10.529508913168 1.7582711714721 
-11.147808615642 0.79686262576418 
-10.403303479361 0.90689166207583 
-14.194635741505 1.7000676511127 
-13.1351257114 2.1101062459242 
-10.894536513108 1.515701720771 
-12.263870985528 0.81495385584364 
-14.725702666405 1.3301521269463 
-13.064598343793 1.296493466408 
-11.365823220335 1.3628255292386 
-11.409665315623 1.9629222973788 
-11.535666956257 2.0674898933795 
-9.9047939835269 1.4890271718946 
-9.4817075264124 1.7293166044503 
-11.271644044726 0.95196988316315 
-11.939068149838 1.0305534034629 
-9.6732864684365 1.269294552296 
-10.976307793495 1.5861169493428 
-9.9035002249388 0.85439440208851 
-11.000273908296 1.5299173630629 
-9.3209867064643 1.940552481276 
-11.415794994035 1.3550336049438 
-11.494791771517 0.89871530389329 
-10.154761409108 1.3147006080332 
-12.009014485783 1.2647913512062 
-11.744948690118 1.4051276896968 
-12.339115361263 1.0866210112833 
-10.55840235854 1.5768231634948 
-10.283409785075 2.0106307741306 
-11.42345336198 1.2690205033501 
-9.6112026606656 1.9847845485257 
-10.559112130047 1.33687259243 
-10.27994315308 1.429866222047 
-14.653728423758 1.1939693842975 
-12.942514501999 1.3707391890559 
-13.946952141682 1.5789318314136 
-13.678259137278 1.0191894578391 
-13.983043526471 1.9231649975069 
-10.815601167101 0.78859453951041 
-10.318491306434 0.89622151156313 
-9.1926732178696 2.0819784347308 
-11.346756581202 0.92315245453914 
-11.797953837191 1.0141572702072 
-14.025016420913 1.6953962970201 
-13.157219367281 0.93537468426195 
-12.086620798262 1.4405438276963 
-12.704110894318 1.8453282883668 
-14.089844085854 1.4695956981609 
-14.127612108775 1.2537368821614 
-9.7983951645121 1.3786024599634 
-11.413278516534 1.3578052327177 
-13.018180360991 0.97120674540709 
-13.292311809232 1.2990591524468 
-11.436670666812 1.1006366692552 
-9.9702328866195 1.8567221642945 
-11.933050764102 1.8218497799865 
-13.650989993169 1.5757398035065 
-10.85711469649 1.7270455506224 
-11.278580223576 2.0169977269563 
-9.1725009147076 1.7250014862879 
-12.473479657813 1.481737626468 
-11.234626251111 1.6641764483013 
-11.192682795783 1.2400739706468 
-9.3661096916568 0.87912687878595 
-14.695975248963 1.7804819091621 
-12.5394654337 0.78039813368248 
-13.321977090585 0.88522673754913 
-11.362250748989 0.90498554470526 
-12.194789438803 1.7161873630388 
-11.665715297037 1.8927793912772 
-12.569766666497 1.5545836367168 
-12.884803628916 1.0535670982357 
-12.621362403447 1.5599815399262 
-9.7043265831413 0.75906272598766 
-13.694169632266 1.8757528362901 
-13.3647160341 1.4872429769645 
-13.979738647519 0.90738894386146 
-9.312691660908 1.5635574609678 
-11.677952513334 1.6674398447108 
-12.082372090961 1.2347478514096 
-10.540688271472 1.8606810451852 
-12.594479799676 1.9685267086927 
-10.409191398208 1.9076435649763 
-9.9665190527139 2.0990848245474 
-14.685691258759 1.2194846584881 
-12.283877733706 2.131259922493 
-9.8924201554755 0.94002152515857 
-10.861427236509 1.4516511499272 
-11.733067915502 1.4524593880073 
-9.3261211374671 1.3033132053047 
-10.630511586687 0.9956567022022 
-13.340658289986 0.9448538560805 
-10.754217067653 0.97654930171312 
-13.618944829692 0.88824427683192 
-12.532526545955 0.89010461436831 
-10.674522779927 1.2492979884153 
-9.658079446637 1.9116737802924 
-14.22171271684 1.5830169511391 
-10.251660638811 1.2511480224629 
-12.732585669132 1.0695913969745 
-14.366990709194 1.3497963590425 
-13.632625074278 1.7990743131661 
-9.2623128361558 1.6118120789706 
-10.596443377035 1.1369830461505 
-10.866840885982 1.8442618191723 
-14.673201560581 1.2921969174675 
-9.2363675864653 1.1781343036246 
-9.3790189064632 1.6415866303342 
-12.174011910099 1.061018530449 
-13.845271921352 2.0243012623927 
-9.7201069835949 1.9407151416522 
-10.18679724357 0.94312392096149 
-11.211448578727 1.1770486503889 
-11.882628664994 1.9575185255745 
-14.472067751267 1.4027604056053 
-14.260908459641 1.2433700548303 
-13.583694430086 1.6792127417608 
-10.040656742026 2.1170962515 
-9.8626029931779 1.6769322139255 
-11.731566942857 1.3749791420917 
-11.09102837641 0.94716979104848 
-12.149598354686 2.0780164863984 
-11.986721640351 1.3424484949728 
-13.336885964492 1.3186978874699 
-9.3674287998053 0.87689754154984 
-14.646850391404 1.5232952067224 
-12.973415030992 1.6031498967254 
-11.550306981825 1.5951752119868 
-9.884289934411 0.83422315076219 
-9.3978238387651 1.59071523575 
-11.499285341944 0.77172743222079 
-11.387642783388 1.7212060876485 
-13.954415784746 1.393764301163 
-14.529202873143 1.8066654304419 
-13.095479768736 1.1965335207891 
-9.6157883938307 2.0488574059158 
-10.9172362741 1.2187093475419 
-10.676390967615 1.6473623728524 
-9.7338428144776 1.727123906559 
-12.3468131013 1.8093514730263 
-10.084700275985 1.3074838186624 
-13.375281468412 2.0504922850708 
-10.222175062392 1.4828551487115 
-14.390216063482 1.3668470604363 
-13.780806324332 1.0518232950224 
-11.282012574052 1.5321722171215 
-13.578959806377 1.8185616269572 
-10.892856928564 1.9696108261336 
-13.278681772519 2.0022159340248 
-9.9415372335728 0.92250742666712 
-11.267186224563 1.3370564671428 
-9.6188449022127 0.78342564088795 
-10.525545127566 1.1871062247802 
-14.371863701818 1.8683475164802 
-10.817698919846 1.3949410486224 
-12.343392228354 1.5055571105191 
-9.6942435093716 2.0742113635954 
-9.2407783499198 0.8185635379135 
-9.3998059504428 0.97492575247929 
-9.9458399839077 0.99244069159061 
-14.218069545025 1.4423176854034 
-13.883809902956 1.1553159427769 
-12.410966336404 1.4619053282786 
-11.238868920966 1.3013090715977 
-9.4332311970714 1.0704270673962 
-13.71990466651 1.0090397483663 
-11.270022104828 1.0672515449253 
-9.6584438240539 2.1482668696667 
-14.388110432369 1.1176524797364 
-11.1720981682 1.3658789831915 
-14.664179346873 2.0713706336794 
-10.550185443928 2.1890172196206 
-10.586677522744 0.88622485061752 
-13.188197803575 1.4790398599237 
-11.43287577933 1.7248843223075 
-10.786231357141 1.9825988527192 
-10.985739176454 1.4048573669269 
-11.193984711805 2.0252219841196 
-14.34556332492 0.81012032057986 
-9.1488052744619 2.150860884028 
-14.183188920644 0.77308977377684 
-11.518272078705 1.8285424556358 
-9.3178191484868 0.99968257999605 
-13.917475029241 1.0131412130927 
-10.053645027384 1.7667264551487 
-13.705831036673 1.7621051472733 
-10.218152526828 1.6007455724719 
-10.388864611418 1.924557455754 
-9.2555209402604 0.87203227895091 
-14.243498966167 1.6556338526065 
-12.276965046628 1.0512217402713 
-10.337490766765 0.85797913866143 
-11.251055096535 1.4188513131995 
-9.2833807965256 2.0835552475245 
-14.143331508294 1.8292818953155 
-12.26600468314 1.1714618389511 
-10.627229180111 1.4228211727422 
-10.038925862082 1.4262437423508 
-10.350649412991 1.31946141856 
-10.618361447889 1.1988670966466 
-10.026476515315 1.9588886250194 
-11.184654548912 1.387143995358 
-10.879052709271 1.2110068910925 
-9.304176947893 0.87738818263037 
-10.077236810009 1.3198736902157 
-12.699066972132 1.9886623723189 
-13.442965531962 1.3617181862107 
-12.045574331478 0.76397315322552 
-10.843467408039 1.6649229688093 
-11.495983956721 2.0281909916155 
-10.296561102441 0.78103260748822 
-10.255003845112 1.5502486882986 
-9.6111323554828 1.5268130410095 
-10.117458374931 2.0621084682756 
-11.824276687595 1.667942984617 
-9.5347953184384 0.85243229286301 
-10.359121574532 0.82812222691473 
-11.326817679824 2.0877529867396 
-13.189869870622 1.6088934806611 
-11.422984725002 2.0849498601982 
-11.886139545474 1.3175569153584 
-14.698000270748 0.86617996990895 
-13.050428110359 1.6275943494096 
-11.963613429038 1.8135854769374 
-13.008683726105 1.0868433070861 
-13.892433833634 1.6411085156783 
-11.212147075852 1.034719503872 
-10.465088946003 1.9289237221626 
-9.4971457856429 1.7866276121146 
-13.539416036292 0.95242611642129 
-9.6211421920085 0.91936561906698 
-11.578478150202 1.964918426504 
-12.411474640347 0.89175702093846 
-10.28532893353 0.82518171426063 
-11.897504090673 1.379998397266 
-9.210700862578 0.79469137416141 
-10.189101682663 2.0270343763176 
-9.6610001929165 1.605268366862 
-13.491225269327 0.88252995151699 
-14.269365507113 1.2339465580788 
-14.599520039945 1.3042960218567 
-11.068250662143 0.94764674806422 
-11.239496123992 1.5615220191542 
-14.350432632655 1.776632832112 
-10.003898051655 0.90748247811427 
-10.117154776232 2.0461293535649 
-9.1840514881011 1.1936168524546 
-13.028379367503 1.1958472921359 
-10.71151281825 0.804558466777 
-11.659897240529 1.0597433847819 
-11.657942314146 1.7933437494477 
-9.4241403442558 1.8278079983579 
-12.769450720524 0.88213568380933 
-10.26069086108 1.7562632682 
-12.470188370989 1.8088794730408 
-13.163110069699 0.97216632487342 
-13.319311742625 1.8855430338789 
-13.990949029798 1.9332626396414 
-14.48651160979 1.0781787699449 
-9.6854994285714 2.1576865016916 
-9.7501748148491 1.1236271706294 
-13.005984729792 0.85447435653715 
-9.4886529873056 0.99393280341139 
-14.675972718433 2.1385186524947 
-9.8725611161983 1.5625019693054 
-10.704193484452 1.9364329504527 
-11.209096056185 1.4093755628968 
-10.680238666112 0.90315842878889 
-12.659403895961 1.1456892785493 
-10.842282436289 1.349041988959 
-12.259460922033 0.92759646122233 
-10.917854328011 1.2316504838425 
-13.262060740859 0.86728931814318 
-10.765614109676 1.899803449657 
-11.864475663627 0.95169492504169 
-12.414376250392 1.4846285270815 
-13.647972962996 1.504047613717 
-12.264358031502 1.8704744769542 
-12.377105434484 1.9567412704665 
-12.989328613154 2.0146238633647 
-12.040107390691 1.3674819717287 
-10.201600068124 0.85936842013331 
-13.652338760569 1.0541020411055 
-9.3576170216392 2.0970101063559 
-11.486960567502 1.5710635401458 
-14.176932245423 1.5351713909605 
-9.8070388797506 1.5999195838525 
-10.841993206539 1.6126575505127 
-14.224575629151 1.2967647700132 
-9.2763903035433 1.6495066276106 
-12.063259918637 1.2072195771128 
-12.801344762226 1.3148422382942 
-13.662992721505 1.1711194234294 
-11.611758260304 1.4199542835179 
-10.203058356518 1.2555183403519 
-10.883619481981 1.8879635717572 
-10.471143890362 1.6497292361067 
-11.341550165534 1.0368140138727 
-11.420690494533 1.0808137895623 
-13.092221751105 1.219092229597 
-10.249805638716 0.88776691300349 
-11.241415949445 2.0123835304224 
-12.640040394086 2.066412276895 
-9.7410806996737 1.5888641902567 
-11.411145803367 1.4535042888572 
-11.815635833458 0.87984548385587 
-13.767408929705 1.5673722946184 
-13.419846554232 1.8012058379639 
-9.7326558178467 0.91280338263825 
-11.302525855944 1.2510919309621 
-12.563566523949 1.7630340730241 
-14.106116221126 0.84339775544116 
-11.117053477154 0.92891336912015 
-11.273897941356 1.9283323140819 
-14.321069583109 1.5789503505314 
-9.2877216682157 0.87973056143937 
-9.2404105341192 1.4718275959935 
-11.576006994448 1.2469097630788 
-10.318657933861 0.78484564018823 
-10.153251988211 1.3791414696288 
-9.2853361653323 1.1824497027687 
-13.864500708189 1.3407903649774 
-13.460245350519 2.0714570796342 
-10.578697202756 1.9344789654894 
-12.526084779503 1.7988968597782 
-12.833210470249 1.4525736473676 
-12.688599751674 1.5427611031576 
-12.032756557783 1.5845343020379 
-9.3003133165939 1.1859729858818 
-14.725617735409 0.85695906650805 
-11.04564643394 0.78650261814874 
-12.418936205853 2.1321944161499 
-11.817119652411 1.4844783099738 
-9.1404648413291 1.3766798843421 
-10.178740005519 1.3956420088227 
-13.850304875019 0.79787383532714 
-10.037700785862 1.5612577592037 
