-0.98929272914668 -7.286196970485 
-2.7980285639625 -5.3115036436493 
-1.5491517611705 -5.4038084439248 
-3.0537733009769 -5.2577941398986 
-2.5280203590664 -5.6781242158492 
-2.0869672649323 -5.6835525803636 
-1.9716399321901 -6.6883986571193 
-1.7012169834088 -7.5625496575703 
-1.8197251027599 -6.5277707633427 
-2.9182480561975 -9.2695109559229 
-0.96476748737118 -7.586041916798 
-2.1458306566629 -7.4034048715219 
-1.8626453208828 -9.3789360829511 
-1.428667688709 -5.4963941597883 
-2.2322770646165 -8.4025000940497 
-2.8783553806202 -8.1709990695184 
-1.9725231392871 -5.1033631334844 
-2.271993103672 -5.1924307124747 
-1.9704574887777 -5.637715639491 
-1.6180454126835 -8.4218011413195 
-2.4406942656248 -5.092624179668 
-3.080237399641 -5.8285984178216 
-1.0361283554316 -6.2802592341086 
-1.9497226261768 -6.7821167595628 
-2.5389072127276 -5.4118560333191 
-1.7223962642122 -15.025835538666 
-3.1204226682936 -10.112372539779 
-1.2759465061925 -10.15034436353 
-2.2217952744786 -8.7470999222979 
-2.4904680155357 -10.878382900374 
-1.8702382665133 -7.0218759188056 
-2.6457989562956 -8.2827705196686 
-1.7031394815804 -12.0413021139 
-2.1451125785242 -6.1392852263826 
-3.0874899800499 -13.285466257627 
-2.5346467014955 -6.1750903052069 
-2.9250045221884 -6.4658182173587 
-2.2966979968785 -7.0712706253641 
-1.4589049231336 -11.15804515238 
-2.6407984177245 -4.8278675435265 
-2.1722351118896 -6.5054570522735 
-2.0908192708946 -6.3747763734882 
-3.0584103645018 -7.4938144824771 
-1.4468057249015 -9.0176185250943 
-2.8785093835396 -5.0406914942807 
-0.96888569314384 -8.8946812276955 
-2.1191187727485 -6.2303102816034 
-2.6812470510987 -5.5222973746254 
-2.2776617507322 -7.6442370050292 
-2.0458582546029 -9.1301453544038 
-1.04333843443 -7.9188183359432 
-2.5442506849298 -6.333589579285 
-1.5472894231956 -9.9872668782743 
-0.97866854444793 -11.867371824309 
-1.5644698949016 -5.3565314841149 
-2.2668539566407 -7.8730730578516 
-2.1391194618163 -8.7642745165064 
-3.1604801580939 -7.5384103585742 
-2.4885364412564 -10.460888723435 
-1.5783485359606 -6.3069232051232 
-2.6767258246463 -6.2954336247997 
-2.3842435954227 -8.6543284247269 
-2.206352951456 -5.6812116745218 
-1.6436978514027 -6.9494680509523 
-1.6183813526652 -7.7380713010399 
-3.1930862807434 -12.841705292511 
-2.5263885988072 -17.070469913064 
-2.3347455436268 -6.7742115791812 
-3.1770751399959 -4.994709262108 
-1.9850397320616 -5.8663958925255 
-0.85781176148745 -6.2815367893956 
-1.8351309536986 -8.4542006489815 
-1.0248914414161 -15.665875262462 
-1.21303985924 -6.0381153030157 
-1.3099564119761 -7.3720279232994 
-1.2937036640209 -19.727440249896 
-1.6284228263911 -7.726353200042 
-1.8338416126986 -6.130934184283 
-2.0249917234281 -7.4587280558222 
-2.503509462763 -6.4680150052989 
-3.1826647189678 -9.3891547382419 
-1.6469900495663 -6.2712693795159 
-1.7865367006283 -5.6639701261738 
-1.3477885933537 -8.2467019747067 
-0.9447258160361 -6.5715884415037 
-2.5852158079381 -12.866281165492 
-1.3264733329752 -10.469969707994 
-1.5493113707132 -11.928613922953 
-2.2484831657188 -9.3934871338726 
-2.8929666915701 -6.9820370673146 
-3.1930804227249 -5.5462053296062 
-1.2500915283077 -8.3749873344486 
-2.2360795907502 -4.9159962976792 
-2.5239023691375 -5.8472745643402 
-0.96445411176502 -9.8570367001872 
-3.1027051470304 -8.9337467389561 
-2.5348341609286 -4.8761018405294 
-1.120590752896 -6.4084256382995 
-1.0169960578478 -7.1819854875807 
-1.6440684343251 -6.846760687895 
-2.7687175647547 -5.7437936714042 
-3.0667066101115 -7.4919028691112 
-1.6285129019258 -5.1021756759029 
-1.1467246005776 -6.2535821095638 
-2.3514056147154 -5.9530456225238 
-2.6571703183998 -7.0665396038033 
-2.2617281900717 -5.0807912246668 
-2.9095248206116 -7.1502470640419 
-1.5089372388194 -9.1633845092467 
-0.86439525351856 -5.986427999294 
-3.1279852759596 -4.9789991130675 
-2.6831332502486 -9.4637734136292 
-2.6035299882432 -5.5857533730827 
-1.2284705499534 -7.3162697820595 
-2.2380076750701 -6.609093952392 
-2.333102944781 -6.7880395741439 
-1.4824072574255 -5.5729075397144 
-2.4472243866389 -6.0618780749032 
-1.3700166294116 -9.5831018402358 
-3.0701418222574 -5.1777745086521 
-2.2752340411568 -5.6386252367493 
-2.3364260704314 -5.5024747643569 
-1.4100225388996 -6.6114162763812 
-1.0982933731598 -7.2137797061655 
-1.4155555696994 -5.7367377672178 
-3.0797012729807 -9.0176829460641 
-1.4400947014538 -8.2292942903547 
-1.2432603085678 -11.173911268775 
-1.9356317209584 -5.4985250815529 
-2.9017290142859 -5.8808827613616 
-2.052731271957 -8.5659481630776 
-1.7464657427658 -9.556426070291 
-1.2221493522464 -12.527457796105 
-1.2027755263213 -4.8405106037617 
-2.0179376367129 -9.6269432392748 
-2.1645973203732 -7.8087912159612 
-1.334602110978 -12.221647987763 
-3.1651273643383 -8.0785551309264 
-1.0224886476876 -8.0010987226108 
-1.4222906553965 -6.5988694292948 
-0.86877716444996 -6.7508965593999 
-3.181043078328 -5.3679904677599 
-2.7882041196135 -11.397580259041 
-1.9987538144602 -7.5291579011545 
-2.1074688127088 -7.9727178815743 
-2.5361513244794 -9.5006105842837 
-2.2810333630585 -9.6381250061751 
-2.0630673877687 -4.9095931628128 
-1.8538640702485 -5.9220168632386 
-1.2937344869209 -8.1805959536903 
-1.6721671382452 -6.2330290847779 
-3.0768655082744 -5.3223111010847 
-1.7739567239359 -5.0491151775563 
-1.81194670533 -5.6005220849169 
-2.6178977587792 -6.0206577399335 
-1.0650693069842 -8.4809849534273 
-1.8658335744863 -16.753888721689 
-2.9554972735739 -6.2176236993952 
-2.9721752643157 -5.2247967529131 
-2.0236157414533 -6.7133456988046 
-2.4392600440905 -5.1698467680265 
-2.3128564139499 -9.2611117711117 
-2.4270821902192 -6.7956829588402 
-2.107325215622 -4.9476001404557 
-2.2583674202384 -6.4945325944361 
-2.2059168211308 -8.7540448725866 
-1.0100133231605 -9.0753999678999 
-0.88226294833089 -6.7321061677311 
-3.0473480736341 -7.6063672741133 
-2.8896731792963 -12.967431334811 
-1.7463966488523 -7.5681100031162 
-2.5222404522532 -6.0995377673565 
-1.1749199823231 -5.6240855040817 
-2.6164906446746 -8.8208749411336 
-1.9408453080338 -6.9810662142042 
-0.94731209605969 -5.7139544824853 
-1.5618454750021 -8.874029756588 
-0.91590305311838 -10.903979710502 
-2.658417495555 -6.8705545752296 
-2.4132024937239 -7.0163272816463 
-2.9344802167978 -6.3591664694317 
-2.8156122097621 -9.2833905148946 
-2.2640546321136 -12.151224579161 
-1.7489899323911 -10.71594221408 
-0.85823443192746 -9.0564297697471 
-2.9744124291982 -5.7915197340402 
-1.4989097081487 -6.1637044751263 
-1.5824640216715 -6.0529141605965 
-1.9215029284374 -10.140197439621 
-1.717858252107 -5.1508737243351 
-1.4430167529961 -5.2371826680257 
-1.9984166881476 -7.5407591108398 
-2.3903358067369 -8.4476642812956 
-2.9533642399798 -10.47710370706 
-1.1010753156959 -5.0208085728019 
-1.9149224686167 -6.0589148526884 
-2.6163971792568 -6.5213455263531 
-1.7186372211945 -4.8434465042757 
-2.5509529616519 -6.10604317695 
-2.0387650846436 -9.4901353862508 
-3.0437305296204 -8.4950194362084 
-1.9346417078675 -7.6766174544108 
-2.6938727436232 -10.574894206446 
-3.2012854787067 -6.9706818494863 
-2.2125648189244 -5.1861580129255 
-1.7016600430915 -9.0315374283136 
-2.0122954326947 -4.8480330063307 
-1.9309136579865 -12.465314577869 
-1.1273214845046 -12.459028067239 
-1.7614049670017 -6.6054477788972 
-2.0632290047661 -4.8767697534351 
-2.5950000208244 -4.8079898358403 
-1.0513487042531 -6.2806399915188 
-2.9099774874392 -10.214701123835 
-2.6304024282345 -7.0613929354327 
-2.9111402183658 -5.290591472054 
-3.0157875581326 -6.4889224274091 
-2.6118429295397 -8.3383795278549 
-2.33251813448 -10.980502065101 
-1.4994286859692 -5.5156146436076 
-2.7456612363109 -5.1048800476773 
-2.0151754493183 -7.275130908061 
-3.0549180355692 -6.8074883450573 
-2.6650794537339 -7.5668159371533 
-1.2882759740153 -8.2415228540663 
-1.0448794886029 -8.9839023876434 
-0.85712920990997 -5.8219442685202 
-3.039403672241 -5.4750529551179 
-2.8358185014658 -8.0776505072714 
-2.0575252791505 -9.8657130147098 
-1.5841744506248 -5.0611744682639 
-1.6083128821179 -10.675204836756 
-1.5442609418887 -8.3461764140433 
-0.94485686336226 -7.8334246235112 
-1.6963753593599 -8.5453488860434 
-1.3734149184683 -10.977871532944 
-2.7160778506139 -6.5739217335607 
-2.4792574430275 -8.8679493632299 
-2.9589998068013 -6.9637129034154 
-1.5734860346943 -7.1186820574421 
-1.5125917096096 -8.8555372971755 
-2.6866234950524 -6.676241792444 
-3.1517428510596 -10.418697803527 
-2.9041270347921 -6.1739223796318 
-1.5568272384076 -6.9916318603611 
-1.4486382489373 -6.7987210417402 
-1.6328901507455 -7.685327306858 
-2.8491500308407 -6.4625512986855 
-1.1734293197088 -5.2286798391221 
-2.0281296078573 -5.3501112283545 
-2.0398172633799 -12.570650031827 
-2.0671471949137 -10.656142263216 
-3.1487480871741 -11.345739772794 
-1.0815647560612 -11.368097792237 
-2.5854308644218 -15.589716753821 
-1.1778236776248 -5.9824563218156 
-1.3695191570087 -6.5813370243715 
-2.7255502599896 -5.3951431700841 
-2.710322540136 -6.6611734763555 
-1.9115059305912 -8.1728253627958 
-1.1956742846321 -5.5550456564996 
-2.1476729574082 -7.1633908254778 
-3.0111451760135 -7.2512529549888 
-2.6177036748346 -6.9448085310295 
-1.7309578453417 -14.945206977626 
-2.468852630476 -6.257533948406 
-2.0012917479851 -7.1797993387496 
-3.0797913647392 -9.0723277196971 
-1.6202724236352 -6.032983267832 
-2.0672730952967 -5.4171507063091 
-2.6378460045882 -11.093704653564 
-0.95898424221889 -5.8013417519839 
-1.595177183513 -9.1812877344743 
-1.9325651929038 -9.8923341875908 
-1.1389713235237 -10.971608724797 
-2.0844310154481 -10.332706051382 
-1.878155227054 -5.8825115995449 
-1.5566150160239 -9.0681052668048 
-1.9819122449649 -7.9169870150975 
-2.5823260514867 -9.7187136663432 
-1.1425223007406 -10.678253234796 
-2.6379012503325 -5.8591962432667 
-2.3432730262518 -5.248484591215 
-2.1622740236029 -5.7068580256969 
-2.6351276504163 -8.3660663849147 
-1.9175367585353 -7.6040244147039 
-2.0650743508588 -8.259076641434 
-2.9540731533561 -11.925483835177 
-2.5851090329453 -8.9659280101969 
-2.5064766249686 -6.5211794047421 
-1.867650905008 -5.1621277243355 
-2.9942591569974 -8.3767294102472 
-3.0407384714987 -12.828787286857 
-1.4614204318119 -7.9504828773009 
-2.3440323160517 -5.1469413948075 
-1.9104709014129 -9.0306760397763 
-0.88074913483008 -5.8143116633583 
-2.6977055297086 -9.9960611479348 
-2.5167514394358 -5.0777983063955 
-1.4881267698588 -6.0481544258008 
-1.8394045619186 -11.096276292513 
-1.0444370102113 -8.2830241806833 
-2.2157466746018 -6.771594244363 
-2.421376095753 -5.3111239396873 
-2.8515976758534 -5.6928656037904 
-2.4011467944499 -7.5557673059058 
-2.0637315154757 -7.761537106113 
-2.2867485837807 -6.8546268713503 
-1.059484393314 -5.3683380050953 
-1.0577243333523 -7.8038328236205 
-2.6561150665223 -6.4072132885391 
-1.5804841246913 -10.129395871553 
-1.2667802349635 -5.8826039598794 
-3.0937817970415 -15.435545588611 
-2.9758574237046 -5.7577398975474 
-1.24963883509 -5.3136104929662 
-1.4449023156523 -4.8589221064743 
-2.466941461364 -9.3587676450889 
-2.5563262685982 -8.5322491084623 
-2.5227678119789 -4.8116039259605 
-2.8929576980168 -5.024031514167 
-3.1222192487698 -8.4990820481779 
-1.6303554038597 -9.0308127952141 
-1.8964355705311 -7.6095760205544 
-2.1433133084446 -5.3262558957759 
-2.0209648455648 -4.9130356777246 
-1.0234656645731 -6.1305730239801 
-1.1118918155847 -7.3406383351383 
-1.6587916894566 -9.5663642637066 
-2.2701829961089 -11.24305928447 
-2.4608213357351 -5.3490531908536 
-1.1567076337183 -5.1646793057038 
-2.8482738157223 -12.678086362721 
-2.4500864938033 -7.7875517893113 
-1.4202351726468 -5.7853209567357 
-1.3844521779865 -9.6152123287792 
-1.2195450103364 -6.1467526357954 
-0.85679063864145 -6.6742335350058 
-2.163683815072 -5.8014159459417 
-2.2857676812493 -13.612369705878 
-1.2543642668559 -7.7286009850547 
-1.2429645598995 -9.9210973943921 
-1.0621760869356 -4.9260643677727 
-0.86767261519636 -5.0550259893876 
-1.2930409138106 -8.6920806907858 
-1.1936009622346 -10.723693752221 
-1.3856644378786 -8.8800586914589 
-0.9512452456802 -7.6706614446241 
-2.2762576697856 -12.308452869149 
-2.3864092921265 -5.6597636196704 
-1.6098876199765 -11.412884531758 
-2.2682480066434 -6.4348762577991 
-0.9691952041539 -4.9791799115808 
-3.0814252757952 -8.3488596521225 
-0.85571281194665 -11.115850645191 
-2.379920469194 -10.366061221189 
-1.1835621097596 -6.1785663023769 
-2.4760292452192 -8.8372856158475 
-2.5823851817813 -5.1509461583448 
-1.5829025188287 -10.665637469566 
-1.603065843215 -5.8183993927444 
-2.9238581009307 -8.0247952927474 
-1.6500558625001 -9.8142555130934 
-1.1368715027953 -7.8781089100506 
-2.6602347233259 -4.8476006445761 
-1.9782963477446 -7.4433227649494 
-2.4957128411397 -7.5954331476377 
-1.9662287669501 -5.8573622323099 
-2.1820140369417 -5.8724064580967 
-3.1992486179665 -9.2024398264584 
-2.5380312763672 -13.960422765867 
-1.4895816774806 -6.6248422842699 
-2.6411833846849 -10.707830796092 
-0.95420905989236 -5.6946612067331 
-0.90066540059368 -8.1489006685083 
-1.7343065952202 -11.89087850553 
-1.2304319310421 -6.9267604873446 
-2.5804031338494 -10.237453197597 
-0.87954861408341 -11.133870914573 
-1.0192656755434 -5.4560749052731 
-3.0283966547064 -13.763254479203 
-0.98663322265968 -11.12935743016 
-1.1532417448612 -8.4478248591613 
-1.2253337928771 -8.1115878001686 
-2.9684898558884 -13.644436668362 
-2.0118850899851 -5.7305811020339 
-2.0060857676663 -5.3983146624802 
-2.8398981079004 -10.334400155283 
-2.5102128892458 -6.6736142814573 
-2.8945593957909 -7.0015258218182 
-1.2017520458795 -11.227274719492 
-2.6320340529113 -15.689235406671 
-1.907063970182 -6.5084379181681 
-2.8601290382255 -5.5478312733704 
-1.2948721395544 -5.6837997762051 
-2.8970433965595 -11.122888201882 
-2.9609218435094 -12.025831149534 
-1.3086556007849 -6.6813945677687 
-1.6978998890867 -5.1479653534115 
-0.96651620270712 -7.4290582694161 
-3.1957103006606 -5.0881786036273 
-2.6787958719318 -7.9892083528323 
-2.4801164178239 -7.5867770332792 
-2.5872524893152 -6.0855500953735 
-2.6175837041714 -8.5503502972596 
-2.2565862625065 -9.6969229978899 
-1.7940335564145 -11.167811319235 
-2.1419873685998 -7.526777684519 
-2.8805263723103 -8.6397231743173 
-2.2439113770978 -16.557531852252 
-2.0128587107581 -6.308076545434 
-1.2462646355937 -6.1680594665654 
-2.7070156594496 -6.5044848661622 
-1.2186643934425 -5.4892812812178 
-2.9460535752563 -6.7519243505798 
-1.1443374267525 -5.6821420637971 
-1.8494197616829 -8.8976171937814 
-2.3927655857784 -11.64165874026 
-1.0869180762918 -10.2059216456 
-0.91796922298291 -7.4659876568804 
-1.9686947314817 -5.32261291798 
-2.8301123856037 -9.0149848547258 
-3.0369666325983 -5.7818608386429 
-1.696245913305 -5.1528386703214 
-1.9398945905166 -8.7826160442486 
-2.9855075969396 -5.2991485742536 
-0.91128924350258 -4.8576202270224 
-1.3888937587927 -6.5019185956209 
-2.6044692074799 -6.4753802979839 
-3.1951452031204 -8.6881234659405 
-3.1267785118323 -9.2420756972988 
-2.3134577095772 -4.8144315577064 
-2.6670870236448 -9.2733623598274 
-2.4418504827589 -5.0354624902004 
-2.9367818175365 -17.35986546656 
-2.9927772479323 -6.6520279023489 
-0.95605608152479 -8.7328694679898 
-2.3313279939708 -5.4491262463779 
-1.5303156559479 -6.0040165043376 
-1.5782064136919 -5.7172590352741 
-1.3177642020395 -5.8282741182143 
-1.9629516363797 -7.7623396003733 
-2.3544819521399 -6.2496663080871 
-1.8111064870458 -9.6077353071793 
-1.9430114225142 -7.840245668849 
-2.4110762800291 -6.5996935000882 
-1.0301261686102 -6.6484747016324 
-2.1168789687007 -7.4590444484975 
-1.3818525121244 -10.938612753987 
-1.0780019138529 -5.890222082784 
-1.8391517749133 -7.7923982080769 
-0.9026761351146 -5.2031072172955 
-1.873663682194 -9.2212950122184 
-1.3003676879024 -7.0445067773045 
-2.7531755501702 -9.5656153313393 
-2.5995955990424 -13.441526912051 
-1.0177704368428 -6.787455901404 
-1.1725960729605 -6.4811565992475 
-1.414738104836 -5.0854218216754 
-1.5061622333268 -4.8999096838866 
-3.1190320236441 -11.540757837545 
-0.98596813800148 -7.7268431855452 
-2.8247334964027 -9.7669815423917 
-1.0981537115065 -13.491900313893 
-3.0576702595421 -4.9663519924228 
-2.3727974634223 -6.1224915315185 
-1.6696141808609 -9.4746365106919 
-2.1318049568584 -10.317343783295 
-1.0227751830369 -5.8186907238195 
-2.6285030020566 -9.5798547413562 
-0.85902390051952 -8.2135165220933 
-1.7993136282862 -6.9293802658516 
-2.6120741850545 -8.3565659357954 
-1.9462711913945 -7.3914841751334 
-1.250976284445 -5.0696298529003 
-1.3431117806205 -10.304381116582 
-1.9194122845436 -5.9493911498026 
-2.7298104307596 -6.8788069495376 
-1.9745503094642 -5.4532535168389 
-1.7716274876823 -8.7185525235026 
-1.3187520199941 -12.668241221929 
-1.6761150487827 -5.0883453231574 
-2.2142968151321 -11.927454915003 
-2.597644176693 -5.1120096141793 
-2.239842714952 -7.947571423519 
-3.1684183233682 -6.0056278776285 
-1.1651032665997 -10.89653568973 
-2.3920832461287 -6.3235388297028 
-2.2679736273468 -6.918352536038 
-2.7027609943848 -12.770578077 
-1.8291757299046 -6.5873223800529 
-0.88391158811995 -5.4165095500411 
-2.9637235530975 -8.8895699515374 
-3.1072204364726 -8.1637217800359 
-2.5483365701508 -17.280050006591 
-1.6296103380286 -5.3675182794412 
-1.7413915919602 -8.5585238817044 
-1.579979539239 -11.231553328455 
-2.1237986610443 -5.3295485785679 
-2.7228779199888 -5.3745518014586 
-2.1750916308135 -10.147214281467 
-1.5213076005156 -5.2727289148834 
-2.2126179722628 -8.0100028849556 
-1.556856547523 -8.2336210226625 
-1.8006504347581 -5.531914517003 
-3.1366791946238 -4.8055057829272 
-1.767034737752 -8.2940510281569 
-2.5988573916701 -6.7257030378081 
-2.9168550115892 -8.4902542066823 
-2.3286979374773 -4.9748927593376 
-2.6331603427605 -12.125368160864 
-1.5657738614439 -8.8433915497858 
-1.4986506676574 -7.2077508150836 
-2.0002611062996 -9.9230020679503 
-3.1899753850861 -12.862123481745 
-2.3760049348591 -6.1464775013379 
-2.2305787010081 -5.0910010021194 
-2.2513111632651 -7.8036574562087 
-1.1243305933806 -5.1085977296231 
-1.6349192334893 -10.376304142501 
-2.2848421546647 -9.0968880379195 
-3.1886573611688 -9.9587051357628 
-0.92180881393309 -6.8645129776956 
-2.0914879537836 -4.8562121945713 
-1.2190272536543 -5.5556657672999 
-2.635232796905 -7.1290943685019 
-1.51812955742 -7.4989873070766 
-1.6989880410601 -5.3041047415644 
-2.3248213958781 -6.7584299401675 
-0.87995703177944 -10.415850673812 
-1.4386108302325 -10.44511915823 
-1.9324875070182 -5.1207610375146 
-1.7662418408051 -6.5411037030881 
-2.2149421805917 -6.243775555565 
-2.0464550456195 -6.7393572982581 
-1.6428197372854 -5.02506536815 
-1.6826151720352 -6.2580829696848 
-2.4126910571125 -11.184127380873 
-2.7587433280191 -5.5959023882404 
-2.6373628484255 -6.8734017593025 
-1.8774036104247 -6.5935337774839 
-1.9231552766511 -7.0480959109837 
-1.1451639173401 -7.8387328870107 
-3.1872024447152 -5.6506293086601 
-1.4160010905045 -10.225225086026 
-3.0461299220666 -5.0623130645143 
-2.8971786698434 -7.1877258140084 
-1.2893540382489 -9.5098819060558 
-2.00889332077 -6.0809305508131 
-2.0381161608198 -7.439374773756 
-0.92685751731156 -8.1840620646374 
-1.8045272546697 -7.8105483415113 
-1.2501368175684 -4.9175830785221 
-3.0774477927157 -11.507463214036 
-2.9319099922464 -7.5935108215183 
-1.3894267956443 -5.2209417317608 
-0.94574216427627 -9.1380711922203 
-1.3332011634289 -6.4041641620595 
-2.809847440929 -5.2107831768272 
-2.9959599761463 -4.9360648192365 
-2.6585250223301 -8.2568280079826 
-2.2874394945676 -6.7029633427145 
-2.4362672862455 -6.8134183897915 
-1.7072707632982 -7.8609368206794 
-1.2062196961254 -4.8925462791444 
-3.0671433041915 -6.6252871765925 
-2.4643555798055 -6.2899508121105 
-1.8975419176474 -7.1846525620228 
-3.1216084909926 -7.8560416966286 
-2.4574314083032 -6.3670784156074 
-2.2458110080227 -8.2487186205687 
-2.5420272667126 -6.5179996770173 
-2.5885521337562 -14.059210281434 
-1.2524800554481 -8.4827700309137 
-2.0837377724121 -7.7924367776904 
-3.0479680911319 -4.8936793930375 
-1.5408293711602 -4.8170769597991 
-2.6780233416148 -12.374263321072 
-3.07355439754 -6.7845778358474 
-0.92688010076023 -6.1411276295481 
-1.2139498308966 -8.4440121220761 
-2.8516379963061 -10.625100219998 
-1.5518488899691 -9.920977660442 
-1.6983427801555 -9.8629883238075 
-1.0489422466185 -7.0405073849652 
-1.1839272022416 -6.8423163833384 
-1.5546097637643 -7.6544610825695 
-3.0348694678412 -5.8774971991698 
-2.5179441499859 -8.7489280151494 
-3.1482511894948 -5.3105782150246 
-2.4192335091199 -5.5050739723479 
-2.0296834674108 -15.586495803705 
-2.9720927255507 -5.1209267110908 
-1.4763322487562 -5.6810740308978 
-2.1328705554547 -4.8049869208507 
-3.1562551236521 -11.953945048033 
-2.2829390769622 -7.1361656374478 
-2.7289369506266 -7.9246297399788 
-1.3863007634647 -7.8594934770827 
-1.1442032953529 -8.5662699522254 
-2.0578803071751 -9.7088048600551 
-0.96096204688643 -12.407745042868 
-1.7188798080225 -8.0951569310662 
-3.0798882341642 -7.1493371836936 
-0.9545426275241 -6.4661960049297 
-1.784979052721 -8.9191970147939 
-0.95556732329698 -7.3025382166013 
-1.9642759659287 -5.8845286847501 
-2.7197138685447 -5.596851102368 
-1.393873086947 -5.3991812503839 
-2.3194025492929 -18.39740061676 
-2.6240594560965 -4.9624942738112 
-2.0839640564331 -7.5565859587391 
-3.1262610910662 -5.3029585730321 
-2.1315367497508 -7.2268136368097 
-3.0602175200861 -6.1943459868523 
-1.7366230340388 -6.5104256928043 
-2.3341923309941 -6.8518141770905 
-2.729136941246 -11.183902933929 
-1.5593493011389 -9.426225563025 
-2.5650787789784 -13.349536140999 
-2.5701127728042 -6.1059320543121 
-2.1285113053703 -12.976953014624 
-3.1321457437638 -5.9652383101295 
-2.589772933096 -9.4433663545409 
-0.86006187647572 -10.387870269558 
-1.0708562894015 -9.6434911089493 
-1.569498153935 -6.0429573751205 
-2.4817849972132 -7.2858770164909 
-1.4614833198874 -5.0511028951729 
-0.98330574460106 -5.0644497035298 
-2.1739540731238 -13.185794096113 
-2.6918193012225 -5.8954690404639 
-2.7227720895646 -5.1290436905777 
-1.4624174476915 -8.5250892055045 
-0.89456984596332 -9.9501058764129 
-2.9275299117205 -6.0396567111187 
-1.5457634942242 -8.5361179269598 
-3.1041716029465 -5.9557591573147 
-3.0735500175492 -7.0621873129898 
-2.6872234238983 -11.837264238672 
-1.8859807223835 -6.7960865210759 
-1.0486244881965 -7.8841176358966 
-2.0341232360514 -7.2887895172599 
-0.9667442109901 -6.7753140119798 
-2.2963146793549 -9.1551598354843 
-2.5917469545782 -5.8512640596019 
-2.7479476539365 -9.7770851673073 
-2.7600341626975 -7.5602876898732 
-2.2206023310504 -9.959180975164 
-3.1858381818041 -13.83105092599 
-1.0123026658408 -8.6496396808718 
-0.86997514165719 -6.9439268802689 
-1.3433586543574 -11.207316763919 
-1.9952754970243 -7.7413463207408 
-0.87592977877919 -9.2468057142961 
-2.8961664465022 -8.2614500207003 
-2.9499889895195 -4.9709033082909 
-1.5378537819488 -8.4202723850021 
-1.7354990160717 -6.5438264597396 
-2.0347817114448 -7.4803275562731 
-1.1738300899558 -5.0704603035326 
-0.88194817305075 -9.4588353181721 
-1.5665060388816 -11.31781999179 
-2.0737361285461 -5.9394113320336 
-2.3644660575504 -17.997437554279 
-1.5834396101579 -9.8761326570154 
-1.5374886975108 -7.4745799379821 
-1.7147676843632 -4.9890509692221 
-2.0211754019913 -6.3320513711213 
-2.7922304641767 -7.4104884206484 
-1.3516149356408 -6.4378932415229 
-2.8712225619626 -12.457480799435 
-2.1734096514423 -5.9474586357533 
-0.88851857636871 -9.0789990336712 
-2.6867401277975 -7.4594097722286 
-1.0950060065647 -17.190204799873 
-2.2828737709338 -7.8228702032476 
-0.92602139286568 -6.6350150783938 
-1.6890835443483 -4.9985525977992 
-2.5652739045598 -9.5087066646108 
-2.0720531701503 -8.3041953537068 
-1.9762212968465 -9.8905422030077 
-2.1677753421134 -4.8033075820598 
-2.5013759403626 -5.9205101694855 
-2.7918673845702 -8.2707571622359 
-2.8177729902737 -6.5541965537018 
-1.5596317466367 -6.644751463257 
-1.1273151143892 -7.5994917758605 
-3.1694948648112 -5.4825975704081 
-0.8585445992861 -5.5586669666169 
-2.5506916467807 -7.6372454656098 
-1.1382273727724 -7.167268615459 
-0.96371150641978 -6.4150892245828 
-1.7380734879203 -5.7375909052251 
-2.3534503720869 -7.2748854306408 
-1.2460724248792 -5.7401793549203 
-1.8579411068665 -7.5626829261191 
-3.1893754412522 -4.8003433024029 
-2.5553669075454 -6.8799757023361 
-1.4090322250996 -8.9187167308229 
-1.6746974804062 -5.1728538341924 
-1.7683907495347 -6.5823034249423 
-2.187704264658 -6.5628127526684 
-1.5835518411092 -5.0446560240567 
-1.0360921856776 -9.7227916423237 
-2.727179161026 -8.4640903280265 
-1.2620182688902 -10.07183852256 
-1.8858659920722 -6.193346699596 
-1.8724671893994 -5.8714000368697 
-1.3285315801711 -6.782593857952 
-2.1470618139285 -6.7119240961515 
-3.0234144368043 -9.5883244071147 
-2.2671370061278 -7.3906396084408 
-2.6213900048776 -5.0351055144698 
-2.7340611284659 -6.8130014682526 
-3.0784936724107 -4.9901993737127 
-2.9464981073304 -10.440470318968 
-2.5870670107631 -12.286755925871 
-2.3790843067606 -12.211537635805 
-1.4245468208764 -5.9642759996658 
-1.0776726445079 -5.2630921510643 
-1.5394682124257 -5.3156732439163 
-2.8672575266324 -10.499482168072 
-1.3380323379618 -5.577669841914 
-1.6865136634257 -7.0620365295045 
-1.0166115169505 -6.465293699051 
-1.7556995533927 -7.2879734699609 
-1.8087873988012 -7.973930618851 
-1.762541918051 -4.8281877030519 
-1.062690585888 -7.860118269184 
-2.0684435898862 -4.9907857930753 
-2.7780169610561 -4.895267290422 
-2.4597907773408 -12.329519115605 
-2.1638967351381 -6.7056863737527 
-3.0208332453462 -7.6347271869914 
-1.2173645244238 -6.7692639375022 
-1.9123622055117 -5.7351773939703 
-2.4042488702096 -9.5505571599427 
-2.008736363218 -6.1547117447247 
-1.2110058341682 -9.1627325759139 
-2.5891933378334 -8.1004443213689 
-2.9461192019545 -5.9950103926716 
-1.7547575114276 -6.2580983463883 
-3.1385192421141 -8.1250622818793 
-2.6975854080323 -9.5053363767138 
-2.3571474032371 -9.6071516913514 
-1.1885237649335 -10.211556246553 
-2.8937920087104 -10.363532612913 
-2.2428256897874 -10.711085256539 
-1.2099756544615 -6.1928890632888 
-0.87151039214954 -16.502079261404 
-3.0273338187255 -7.8955797375299 
-2.4762420673131 -11.415347379918 
-2.4035194602645 -6.7857305036815 
-2.838425483406 -9.155897521726 
-1.578986567237 -14.951069343401 
-2.8482712251826 -7.5474563496944 
-2.0340837818821 -10.869494412207 
-0.86487344605136 -6.1383371031122 
-2.494383529167 -4.9788157754014 
-2.181515181706 -5.4592908474645 
-2.5642124018919 -6.378760988614 
-3.0689856339479 -5.169179860836 
-1.1355966083795 -5.9673854182919 
-0.88161224108857 -11.983901398907 
-1.744516591263 -5.4599055457917 
-1.1803855813074 -11.967066502323 
-2.4080642543277 -9.8310990489139 
-3.1778273949655 -6.1732022111378 
-2.2736493741457 -10.503449704076 
-2.9360984203671 -9.3427280013809 
-2.3803308058079 -5.754184413099 
-2.527787772043 -5.2988306256391 
-1.6398923678391 -5.4305933061092 
-1.7367460592119 -12.155383189239 
-0.88830624553637 -6.0562929247214 
-1.5454889823674 -13.518006172839 
-2.4942299643106 -5.1223706511172 
-2.2876488061018 -8.1315022805162 
-2.2130047381038 -8.188546469938 
-1.1456877995142 -12.896963470267 
-1.7168656668054 -5.3128701153514 
-1.4396563658341 -5.7354107682906 
-2.7665444182781 -10.079005372894 
-2.0221126631702 -8.66081510717 
-2.3687827312296 -8.7979476709125 
-2.4729498451531 -5.5528878596678 
-2.228931300093 -6.1884677347674 
-0.94279133739507 -10.784089084247 
-1.2545478640936 -9.3826795100552 
-2.361235947792 -5.9489856200004 
-1.926143928074 -5.4474826053513 
-2.2454868318364 -5.1490670226253 
-1.6455356745665 -6.5551690623296 
-0.91518731867124 -5.0642679373697 
-1.5930988059648 -12.970714345911 
-2.1975133748575 -5.9145564123581 
-2.1116117815757 -5.3025920535513 
-1.8489940737008 -5.1236300344598 
-1.2756750396496 -7.529132934899 
-2.7547211553095 -5.1516235076407 
-1.4473878711768 -5.4388987720267 
-2.5753130721214 -5.4283194141687 
-2.7433223028469 -10.222532020224 
-1.2618592963626 -4.9761920127891 
-1.5898158230466 -6.4444703082961 
-3.0362229323382 -6.2259194524391 
-1.2533546661955 -7.3115896344274 
-3.0332302488804 -5.0545189845048 
-1.112324058866 -6.7570938980451 
-2.7864368289448 -7.2448313782304 
-2.4006717285433 -5.1985600510356 
-1.8732665003508 -8.0857830614926 
-2.0801855918093 -7.1305598112858 
-1.3755510392003 -6.8574276969545 
-3.1858368671504 -6.4784768823398 
-1.9532116504526 -9.2234669986065 
-3.1950093640758 -6.0690363677233 
-1.5172636596825 -9.2131857301245 
-2.3184127448175 -8.0007733166976 
-1.8153554118446 -4.8640902227465 
-3.0226252963105 -7.9956105740398 
-2.9856686720788 -14.189414672995 
-0.98639656230942 -8.6597513306375 
-2.9884672058428 -6.9542919759041 
-2.2901705271854 -10.065068002177 
-2.3145272709496 -4.9781563698084 
-1.009218388743 -5.700615441542 
-1.9815846050356 -13.340739590838 
-2.8483480353904 -7.0374174274126 
-1.2131622351577 -6.1413113830261 
-2.3076833900477 -7.1605330659725 
-2.2799610463812 -5.4464902779556 
-1.8711306867441 -5.0371323679161 
-1.0965621822411 -7.848525228559 
-2.1589007880789 -9.8875754209967 
-1.6824963918149 -10.24944296495 
-2.0020669106485 -7.423847459143 
-1.3570997908576 -5.7210907889819 
-2.1344778084834 -9.1976268328887 
-2.1333390340923 -5.4063421948173 
-1.6396182428105 -10.828053973928 
-2.8578273345017 -7.3509336628791 
-2.5917981106641 -8.280445015636 
-2.5597942380999 -5.0731497040996 
-0.93734098727879 -4.9735131994475 
-1.7416370961512 -6.9633851122509 
-2.5923647489856 -5.8451902436203 
-2.0178407023452 -6.3092636523697 
-1.743266058331 -13.878826451881 
-2.3898552943286 -9.7410552615734 
-2.6558511579072 -6.559054551591 
-1.3203754536115 -7.9013583187687 
-2.0388037946546 -7.4471450171905 
-2.4181508677833 -5.6373150717653 
-0.96041553716589 -6.8062111919179 
-2.5086621493821 -5.1805474908166 
-2.9519779504384 -5.1468075939193 
-1.8177793245937 -5.053536138207 
-1.2058521750246 -12.419230051825 
-1.5786123244832 -5.9625513834882 
-1.8541717443837 -5.5542407738143 
-2.7732864326637 -9.3590111471926 
-1.2785027783034 -6.3707717708795 
-1.1898865722553 -6.3728317108735 
-1.3262718592004 -9.9707857051737 
-1.8264413241316 -8.6912107820537 
-1.8415399754076 -8.5665303056142 
-3.0190392264481 -11.483023198627 
-0.86978019573787 -9.8034361658107 
-2.8899955915358 -4.9190773824737 
-2.9041225947732 -11.101006740831 
-3.1080923501868 -6.5961831074902 
-3.0594777055446 -13.473521052433 
-1.9805732796989 -7.5009946459156 
-2.7126951783448 -5.1552691812959 
-0.99047600094312 -5.3539788413573 
-2.0947186129068 -9.4975013055546 
-2.6191313022626 -6.90767877858 
-1.5932845333821 -7.9677761116314 
-1.7966892886762 -5.7838789198881 
-2.2248691288655 -6.3398397630413 
-2.5173383231269 -5.6233095854785 
-3.0432820190561 -6.9563091807841 
-2.7141544368803 -7.8684110972395 
-1.3362635831626 -5.5936282111436 
-2.1986529902955 -7.0094018654 
-1.4739911941596 -5.8113239791327 
-2.9502611147696 -5.3396048394751 
-2.8566051057005 -10.999493987339 
-2.2157115333377 -9.1369669329924 
-1.4404760793905 -5.8873727406945 
-2.2077711126517 -7.42771820307 
-3.1002757156467 -6.2144552857484 
-1.337375335143 -6.6200418207751 
-2.5812347895745 -5.9915606946403 
-2.3866047573671 -8.1384073689137 
-1.5903348294261 -6.3324413367009 
-2.5980616472315 -5.3145663784631 
-1.0211582210585 -15.497505384902 
-1.085526973144 -13.199953156625 
-0.90652451294108 -9.6742469397165 
-1.5479467958434 -13.484549534613 
-1.8270291495184 -6.467065697278 
-1.1798959942793 -12.487431708774 
-1.8150185104589 -12.458695423485 
-1.3718939241174 -7.1819608222967 
-1.7457554409961 -5.776463992429 
-1.5687717242685 -5.2917957863149 
-2.1755794346492 -5.1159627416909 
-1.4541321186884 -6.7013658607209 
-2.8160608401008 -7.7047833817514 
-1.0995973945954 -5.6709931241505 
-0.98943702229018 -5.8529791076849 
-1.6676384254294 -9.8418374595541 
-2.6410835941085 -5.0746746289457 
-1.0968686793607 -6.8734709030299 
-1.7735092253663 -11.419632077574 
-2.0239886000444 -7.0665618793366 
-2.8785731596502 -7.2051260951995 
-0.85343926482148 -7.3094839975695 
-3.0716757729271 -10.919377526795 
-3.1779111774718 -6.6305722201399 
-2.6983585968666 -5.6883689866169 
-1.598520961853 -5.7877725323954 
-2.3948490019483 -5.5682877106178 
-1.8924061353128 -5.6713919807964 
-2.1153048648617 -4.8739415350774 
-2.843122186223 -10.569964097042 
-2.3260656413381 -5.2892238289062 
-1.3229980688553 -9.3144178546937 
-2.5470057488914 -6.3385515931923 
-1.1897998826959 -6.4198329594736 
-0.85442132390627 -4.8270364758938 
-3.0896338747354 -7.8450094087586 
-3.1709862870077 -5.3230422110303 
-2.7856640277897 -18.602360944672 
-2.625734203789 -8.7104115877436 
-1.2099644910164 -5.3131900588205 
-1.7201652257275 -13.113672510425 
-2.9693100770573 -7.6663487279079 
-1.6737314696428 -8.2928681698159 
-1.3617549381793 -8.1210881018393 
-2.6948264977624 -7.5439335888444 
-2.0951598367675 -4.9664332655213 
-3.0803237823187 -11.348604121615 
-1.3616739063055 -9.3218093693667 
-2.684953612742 -6.0522118153873 
-3.0590201919235 -5.1755128786141 
-2.2863416934842 -16.236339583175 
-1.9418997415592 -7.0029817783034 
-3.1446218398414 -6.8022573553414 
-1.4481882901656 -11.752907797113 
-2.8967712388263 -9.5088583282501 
-1.8552718896596 -6.2932416191151 
-0.8515179628068 -8.1660887065191 
-2.0784505681981 -5.6141360755314 
-3.1857745663936 -9.2367449412775 
-2.395412527577 -5.545877576483 
-1.6391646831168 -6.6286151380906 
-1.1741938192236 -5.6175329867542 
-0.88818345585103 -5.2654816996006 
-2.9557612943809 -9.3922870558043 
-1.537586026401 -5.891719433423 
-1.4398899621416 -5.7476393806559 
-2.1902178411775 -8.3047701312745 
-2.7888872652266 -10.782919678719 
-2.127672261351 -6.3437172055617 
-1.1597484784666 -4.8905585441474 
-2.2702867454957 -9.7750694538772 
-2.3732231492524 -10.245122343472 
-3.045091367345 -9.8675869194275 
-2.2585022199478 -6.3216862221211 
-1.3212707664762 -5.1847012693831 
-2.4956502405593 -6.2318823682318 
-1.7953738715335 -7.746098115495 
-0.86213158047247 -11.295111656448 
-1.481064535195 -6.4713042286902 
-1.6050886238878 -6.9301972736665 
-0.89843239195541 -9.6516930572816 
-1.4377193226108 -6.5460060367259 
-2.569322160767 -7.5497734454899 
-2.0209026304222 -8.1996558220533 
-2.6893599236065 -17.624148462172 
-2.3689298417006 -12.338762051686 
-1.742286274823 -5.7132308385892 
-1.4619391395975 -5.9432035691819 
-1.4183577976869 -6.6771397054081 
-3.1349950544071 -5.9714842790624 
-1.4026706407429 -8.0792850147516 
-2.2924565236601 -7.7370393892753 
-1.60750189134 -14.274208587349 
-2.6768120595135 -8.1113918169086 
-1.2120555853877 -7.5285540032037 
-1.0030265631343 -8.7467993404041 
-0.86979763894813 -6.8730031545952 
-2.1866638166928 -7.4981567262587 
-2.9168529777752 -5.2529787889299 
-2.944778673086 -14.116332229625 
-1.3481165615001 -5.7133250069611 
-2.8953912026068 -16.409010908038 
-2.6168274448491 -8.0820042701971 
-2.0702131949838 -5.0046208899151 
-2.0900992860358 -16.651445842572 
-2.045261179919 -5.7681447713153 
-1.3751980318516 -4.9545919069479 
-2.273914061297 -6.0531050753486 
-1.3609986753261 -5.4351918972458 
-3.091042845329 -7.852462753986 
-1.6866746500667 -9.0917870827662 
-0.97794361158407 -6.1495536546916 
-1.601518483604 -7.4309144401659 
-0.89895710052415 -8.0577566406162 
-2.4215484172706 -10.808755869168 
-1.0856925131232 -5.1904478429136 
-2.0976566667598 -6.1060060204146 
-2.7625074916585 -5.9191285708642 
-0.93293289474804 -5.2215215465905 
-2.1963384990755 -6.4983850454108 
-2.5533263681921 -15.791733905487 
-0.99267697194823 -7.0796462285992 
-2.2143503295986 -12.979540695446 
-1.4752024438147 -7.3792792307104 
-1.9790697278673 -5.5161276383831 
-2.1872449118557 -6.1124358720553 
-1.1867980154082 -9.7061411827611 
-2.6969704959212 -5.8161181128041 
-2.7173078892145 -10.888169373833 
-1.1018275342504 -7.5567631827902 
-2.6142411419044 -11.048092659383 
-2.3184651284302 -4.9388471528356 
-1.203299626717 -7.0994459432178 
-1.5095332395093 -10.760251534264 
-1.7415329066632 -8.1280929348439 
-2.2079725500731 -10.183104120149 
-1.521245468709 -5.0781504218682 
-1.9973246780578 -6.4474157371365 
-1.0600463099681 -11.04881636509 
-1.0459722576306 -4.9962232548084 
-1.7150488273628 -7.0288328292933 
-2.4297157025346 -9.8488017141414 
-2.216154584991 -8.1747076078857 
-0.93266902784616 -11.463982991182 
-1.4828612015904 -9.69285991329 
-1.6981335462055 -8.9531887029591 
-1.6073549383196 -5.5846597863914 
-2.5497407287791 -7.5770171360863 
-2.6075766705812 -9.9442387630774 
-1.7568673643184 -9.6173661177901 
-1.8281696525808 -6.5908363097882 
-2.7549877752867 -7.1665064359825 
-3.0565783710439 -6.5649463054654 
-1.7487713772863 -5.6291574443942 
-1.8906185837171 -7.4283672696332 
-2.4392174074235 -5.1095766558753 
-2.2196073908391 -4.9538755982595 
-2.6633562696016 -5.194009526444 
-1.4872716626307 -5.4470188341963 
-2.1449848956972 -6.1576202290172 
-3.1601445661437 -10.400390532428 
-1.5681837404599 -6.117755576342 
-0.91352612773307 -5.1927979110691 
-2.3234938187762 -6.8940930459467 
-1.4745385211724 -6.2381622803074 
-1.2213356264187 -7.3626604177961 
-1.5752944024603 -5.3361608627768 
-1.946387339013 -10.441265537227 
-1.3312313363859 -8.7552343323487 
-1.2933546065373 -6.751325211069 
-1.0157123543531 -9.8644574424627 
-2.7893900688896 -10.365503146904 
-1.128265877886 -8.2224697577846 
-1.1035264797225 -4.9868927493365 
-0.98026158786687 -5.3508977453025 
-2.5430026869256 -5.3418404221377 
-3.0634218193697 -7.9455527032916 
-1.8002745456606 -9.0639379698259 
-0.90873619888853 -9.4799248668488 
-3.0055371000293 -10.733619560474 
-2.5856007178234 -8.2994998644129 
-2.4941755943699 -7.2908376165421 
-1.9941845238177 -5.0372514665947 
-2.8691343954997 -16.81366992923 
-1.2560136496264 -10.141142573449 
-1.8625216737968 -5.9519420790686 
-1.822522681378 -6.5808795421165 
-1.0836067635909 -6.0735601516744 
-0.89192492297166 -7.2349173035073 
-2.7923898131596 -12.003624755192 
-2.7638328433115 -5.3876860085207 
-2.7306387113715 -17.850805794994 
-1.8454178453067 -5.0643244694451 
-2.8743875578004 -5.1311039012523 
-2.0835202195113 -12.118091342901 
-2.679994256081 -9.4779793913071 
-1.7691168611939 -7.5948987984638 
-2.9569139070683 -9.1155626115542 
-1.4163124887192 -7.6923434196839 
-1.9212258675228 -5.0724150375902 
-3.0891262408673 -5.9223037860175 
-1.0304349362153 -4.9862391056908 
-2.6669523744756 -11.009051670234 
-1.4036853462792 -9.2766567325588 
-2.9242659143713 -10.57712835194 
-2.1375757103925 -7.0344206455948 
-1.6940589224231 -8.8115192649647 
-1.9839183225404 -5.6826158729451 
-2.0039931991736 -11.386097447754 
-1.6448250268736 -7.44852712142 
-2.3596596748019 -5.0642898208913 
-1.0716491514431 -10.927990632253 
-2.7588413960302 -9.1471963620109 
-2.4750829787533 -8.632702940273 
-1.75539080934 -6.4252332081699 
-2.745463651445 -5.2935070342385 
-1.5383716674389 -7.9609571930487 
-1.9413759658222 -8.4994996679979 
-2.228391099242 -7.4257717622397 
-2.4732210266922 -8.4131558403909 
-2.8818361903677 -6.1576166048266 
-1.7824653629459 -4.8076373191573 
-2.4112028964203 -7.0759087628991 
-1.1397897767874 -8.4237633132859 
-2.7115322529126 -8.7554126786654 
-1.409600177151 -9.7814094667732 
-1.9487012927399 -6.9021976564029 
-1.2635997762209 -5.4325661177523 
-2.4252868147931 -7.9466638931237 
-0.89312783949339 -8.2759333901703 
-1.8990008973209 -11.901607933928 
-2.0449806520587 -10.881973372418 
-1.0334462821966 -6.9765077469384 
-1.9945881348675 -5.8513296266488 
-2.9253006838619 -8.1763081228507 
-2.2248910568315 -8.7813441064489 
-1.3549942113228 -9.291354843453 
-1.3170685603067 -14.605376366699 
-1.8585808426964 -8.3323248756433 
-1.8478026261254 -11.701965650218 
-1.787260709237 -7.5656059186554 
-2.1990440426522 -6.2139058425961 
-1.0916539499083 -5.7878325667259 
-2.3192891556562 -14.679656151614 
-2.2468544899235 -5.7259350959921 
-2.537324174002 -7.323619411633 
-2.8673865523927 -10.548871452677 
-1.03625130659 -8.5379704819682 
