-24.053686507414 0.88261478951212 
-15.548849916271 1.9128090157636 
-14.906256845406 0.79536882695908 
-22.182330387762 0.76816552071574 
-21.381085507043 1.0805804714997 
-21.626322245633 1.5188738804979 
-16.615093730211 1.5350332544096 
-16.559196609784 1.2071494876896 
-23.415928278201 0.90070696011167 
-26.700610937317 1.2316948247902 
-18.647427757628 1.8560093456746 
-22.54816551503 1.6704966059928 
-15.022993246745 0.99334166743356 
-28.550248561964 1.2817580520587 
-28.21946029483 1.0883406994034 
-15.35365462722 1.136676182986 
-21.293862203906 1.5846893929309 
-15.306746990308 0.81398020818501 
-21.27755627346 0.78274661897972 
-27.153739731269 0.98275698389805 
-16.523118161451 1.6439620921191 
-22.681036598148 1.1200948793785 
-18.147956264472 0.84655068373297 
-24.530631398888 0.92255881501546 
-22.702974639913 0.7651644382793 
-22.859952900559 1.6916823260741 
-22.943197559261 0.88252310492772 
-16.150393562935 0.97423257377539 
-20.809537114477 1.0370462738767 
-22.217086309993 1.2482948706808 
-14.988590693739 0.78688307937341 
-21.825962567036 1.6709730829866 
-23.81006634936 0.99876062194185 
-15.959788911087 1.2144958309696 
-24.247063043866 1.3938885823546 
-30.564484211162 1.2294922025323 
-17.610821158043 1.6540130220386 
-14.918383958411 1.8942258410324 
-22.782386973469 1.5144484710308 
-24.440929233284 1.4564765916994 
-23.891552337971 1.3323213547884 
-23.538983002659 1.33929799303 
-14.852365941336 1.2545368264169 
-15.845666203566 1.8038931042362 
-22.742060865791 1.0721967683095 
-19.445320907686 1.6083917721509 
-30.306622786801 1.0794973597331 
-17.261905718361 0.83385591299127 
-23.798706415546 1.6967785267361 
-28.720300315526 1.205635164795 
-18.43934312542 1.830916184258 
-22.762130215259 0.77939757910974 
-15.502736182374 1.6928296966223 
-18.666470773703 1.0851210598581 
-22.459567565686 1.1610564785395 
-19.197547959669 0.85859367658107 
-19.030799995952 1.1972414732655 
-15.078473777769 1.6714364276088 
-24.264693035647 1.5367942881803 
-21.878263571462 1.3686206055343 
-24.911485185455 1.8704733459609 
-15.068977066074 1.9108616953518 
-15.054234284277 1.2620131339793 
-19.068049786686 0.93416188536733 
-17.333883040419 0.90730616280755 
-15.644423215512 1.7606042308269 
-20.707311676602 1.744255338919 
-22.442441941545 1.4660683888469 
-16.88488015812 1.1434833089925 
-27.220138527203 0.75473426511513 
-15.064107768719 1.5300077719141 
-22.473308828121 1.4723422123 
-24.963839964882 1.3021535541647 
-21.009975424804 1.3865955403179 
-19.36936366689 1.1121389242419 
-28.259412706931 1.0743079874181 
-27.52815144122 1.1059664976922 
-14.933709661601 1.4628029092142 
-18.134685791799 1.3038608264493 
-20.690423378758 1.2133411666651 
-15.412155207399 1.2121661606144 
-15.401132875812 0.7611076849107 
-15.832230016607 0.78963752537113 
-20.888421603994 1.473348899392 
-26.533592967975 1.4748263586347 
-21.894543663571 1.8058048895253 
-22.890616512912 1.6478135728955 
-21.865614132139 1.4755467893487 
-20.738978378197 1.0212022648933 
-30.164535328869 1.3337910910055 
-26.177665719592 1.6570608331259 
-30.944839182705 1.1724132461339 
-19.605586335646 1.7503460976412 
-24.74550913401 1.6922406791557 
-14.886134517395 0.94991977872736 
-30.137940095647 1.2773254878344 
-27.673466179349 1.7305983518417 
-20.703141107035 1.4706250804501 
-17.406700464375 1.2019261586646 
-21.480318617534 1.0518032736807 
-19.712014369466 1.4122640276081 
-16.854505865833 1.3990675728092 
-23.39988028197 1.5602817819159 
-20.019141709947 0.93326163416362 
-15.823236181507 1.855651400734 
-24.649370423653 1.3320929777237 
-23.529484525538 1.3523527200588 
-19.640115658032 0.80897512933753 
-16.650938217148 1.6165967282589 
-31.357804356407 1.206195727202 
-23.11069794636 1.0881248809762 
-16.07309420511 0.75483932630215 
-16.699525363163 0.87234232038443 
-15.120947815168 0.99615551369451 
-22.068496291467 1.6720877605188 
-25.572404349548 1.5603371889422 
-17.622120983927 1.8045620855575 
-18.684843724952 1.5879920575603 
-18.53023297823 0.90856023171818 
-17.361205892524 0.98201947728475 
-28.519684998674 1.1408464395449 
-15.126704045255 1.6904134583578 
-25.052174419609 0.9830427648141 
-20.061492099264 0.83265663850799 
-16.756259435656 1.2049480721294 
-15.121399438072 1.1803764573795 
-15.060196025017 1.2403038356069 
-16.155813150489 1.3154998262409 
-23.957016827602 1.4106895201743 
-27.687999428629 0.77719415709546 
-18.990491184051 1.7651861858271 
-25.870202390032 1.919577099291 
-25.990414176156 0.95514857186372 
-23.575783953936 1.088580025812 
-17.703713033159 1.3481802994907 
-29.541151579427 1.1510678974038 
-23.149591904737 1.2274789920426 
-14.80779864863 0.90421091522855 
-17.137189957491 1.4723660973526 
-15.351800027385 1.0617608810461 
-15.44232773037 1.3236775389423 
-19.598585277056 0.86241599819996 
-16.217768905288 1.1076230998258 
-17.393524729545 1.7537532056459 
-19.728628670463 0.75887288967686 
-18.618195470835 1.6887937682047 
-22.267746907422 1.4689478965573 
-22.427827343779 1.3272330633082 
-17.190889782195 1.5342649788036 
-15.986091206779 1.7839131965127 
-30.166604060972 0.95146715044441 
-19.977077674976 1.3438581051286 
-21.449681763158 1.2818478587335 
-22.121957450947 1.3939334718301 
-27.922180501205 1.4245285448313 
-19.748851199002 1.6358471712236 
-22.347175840531 1.2640400166565 
-17.8305390489 0.80921163151702 
-15.238675685225 1.0522237441468 
-24.797705520197 0.8133140251345 
-18.883011107359 1.7107361109921 
-18.204118600616 0.82461968299388 
-25.650671055993 1.1657530293853 
-30.270243769036 1.2583940894975 
-20.25002760862 1.5566600289246 
-22.41393143745 0.91864247140983 
-31.137082870497 1.2266103358453 
-16.161979245212 1.0323941417333 
-19.235321412617 1.6377294936284 
-20.659199260573 1.2979718323963 
-19.063844361692 1.0659499413339 
-21.256187494877 1.4292855418058 
-15.943054712056 1.0504832442652 
-14.788373323779 0.7959159772896 
-24.113629166146 1.0967835354494 
-29.913200993355 1.7857168330118 
-29.691485888439 1.2188437279862 
-15.671564225609 1.2302065730533 
-29.327618709481 1.3848233526191 
-16.475673851666 1.6186157564689 
-20.006493551481 1.6588740211418 
-17.396790499175 1.092058541704 
-15.450155978881 1.8232974158932 
-14.770396026272 1.18792833345 
-14.980975095228 1.8269879173193 
-30.255594884952 1.1341243424145 
-21.763386836448 1.8369101871275 
-14.9602946615 1.1677513535202 
-21.640450069561 0.76119393016011 
-19.228965693174 1.5180975514955 
-21.965922078811 1.34905276849 
-16.507323510854 1.6864253131562 
-20.803673708031 1.1966079075618 
-22.738289884194 0.86642807933832 
-28.456073834032 1.327531924436 
-22.411710852447 1.6224095687381 
-16.460277817978 1.039978094422 
-16.041398362358 1.0747297687484 
-23.819421021184 0.86822287228942 
-20.288937290949 1.8295445829975 
-27.872573563169 1.2418170682363 
-15.71907695755 1.0724929102032 
-16.362272867825 1.3832389487191 
-19.737114241622 0.99813065111682 
-15.662547720319 1.6968582516759 
-19.891019626357 1.0375480292965 
-16.175275578619 0.83395619570838 
-21.202533230035 1.3794158613501 
-18.449354637182 1.8715746109007 
-26.498489698344 1.1260868178065 
-21.952752635584 0.76641594172164 
-20.626080600185 1.2341534094371 
-22.216574851619 1.3321469172188 
-20.240354947593 1.6098629923153 
-20.545968188897 1.1604816013128 
-18.657638756048 1.6652138835842 
-15.357133889836 1.3721054315943 
-16.202267052365 0.92421799521006 
-20.166752203224 1.8029327515729 
-22.171485154694 0.83800161344812 
-21.24526969904 0.95266925816446 
-26.206841287314 1.5835575468454 
-18.939971526416 1.0934760903773 
-28.559746686662 1.8556507230102 
-16.400390104963 1.1728913722799 
-19.585172198908 1.0384548954146 
-30.774355366676 1.1985901671543 
-21.677017673931 1.5608216148074 
-16.367695767819 1.2789014260815 
-19.000045583756 1.1229960719252 
-31.357804356407 1.206195727202 
-23.916869162379 0.91615009199515 
-20.154193941525 1.6528757272762 
-16.186628788027 1.7368700196199 
-16.083569690742 1.660705185373 
-24.492595934675 1.4560280254446 
-22.529710699734 1.3978473735359 
-20.163946741652 1.1245197039177 
-22.530577632014 1.4106278838165 
-16.514081709054 1.7300706516981 
-29.430174239501 1.4325856998034 
-19.782475805588 1.0004928205437 
-18.077701363705 1.2612371073185 
-20.33974683866 0.86037533947487 
-20.353350936538 0.86174727593597 
-19.899162051802 1.3790687151612 
-22.4643874758 1.1436368575404 
-22.447842856055 1.8728618351582 
-16.383575527548 1.0921644569097 
-15.204287442242 1.877996357004 
-29.268824628263 1.4306634148415 
-27.461589894529 1.7456252920567 
-20.57217129864 1.079482569678 
-22.007861788296 1.1084852161766 
-15.85505228021 1.2036575303858 
-28.01006720963 1.6395585180073 
-22.515162192945 1.2266210891756 
-19.516745411623 0.80642953612145 
-20.532244029285 1.1911123303506 
-31.142985176594 1.1882928391142 
-21.905714978337 1.1828480038903 
-24.858482569799 1.503766148078 
-19.186916214686 1.6313264313591 
-25.489360736831 1.0293308073117 
-15.131588667863 1.0090908733679 
-19.104476212993 1.4067481652123 
-26.630497166999 1.0243571753625 
-14.990532485846 1.323645996089 
-22.811417531611 1.9049244432679 
-21.761911433819 1.0515927080346 
-18.432387467697 1.3465780842306 
-16.866529464544 1.0172417160846 
-23.521826098607 1.8104983717116 
-17.679537499108 0.88502615677895 
-15.697222060138 1.6145708394954 
-19.101951327328 1.2571829380992 
-22.25889619688 1.3044867652913 
-19.870953913743 1.8353347402642 
-15.453110855011 0.97019533704328 
-14.745389259773 0.92921588331286 
-24.348805305504 1.5731094653941 
-19.709811437543 1.3189928228474 
-14.838092155277 1.8497634872064 
-22.720276053456 1.8335428848922 
-15.658651660909 1.6737077796146 
-20.709182851136 1.6677076326939 
-15.51296334005 1.5855285063746 
-17.231466174721 1.1250142941399 
-26.696041979384 1.4311613789966 
-23.677467483724 1.3153594527652 
-21.095660440566 0.9625398986661 
-17.068936243628 0.88330041011472 
-16.746143892272 1.2117413023371 
-14.945787629174 1.2335018262014 
-22.992811633165 0.88757058876845 
-18.503883941264 1.353578877073 
-17.69136044287 1.2876411908363 
-18.052515572023 1.1373773306653 
-22.186828408955 0.8534289366334 
-26.929881459569 0.84843415580309 
-19.885616818361 1.0771741205745 
-16.029438011097 1.6894739175181 
-21.082226882125 1.6028831893728 
-24.751195489005 1.89763460882 
-22.03572907356 1.1312430055383 
-23.93123883721 0.76511292517166 
-21.890310116761 1.0090286709672 
-15.252443792664 1.9070471869572 
-28.883046683331 1.1262779588982 
-20.774399935699 0.9738337694639 
-18.98772293501 1.3789237597863 
-14.93255497931 1.7963701696067 
-25.649120878193 0.94292424388039 
-24.068458777181 1.6041194751631 
-25.27861367297 1.4332394313439 
-18.531476599081 1.6059298455078 
-29.47106045872 1.6506579779429 
-22.143067136101 0.93516684149423 
-20.342564945917 1.4959388444151 
-23.804148725641 1.2459752118919 
-19.888087515187 1.0337086222388 
-24.277173265237 1.5054591700583 
-20.151273190285 1.1282107735035 
-18.078281133034 1.8846622896622 
-27.779820341739 1.3189841719184 
-15.118814170393 0.98858376329542 
-14.932441186659 1.5831260090382 
-16.446689118624 1.1308732642406 
-21.755105071956 1.4441361019016 
-24.85618741897 0.96268285436495 
-17.203853912133 0.9351425782287 
-21.840381893478 0.92138966268178 
-20.038190418304 0.9786122628865 
-25.059556056021 1.6231057907054 
-19.233054891189 1.7262249666225 
-23.16816417874 1.1612465696875 
-22.047673340441 1.8646646156022 
-19.380609124019 1.607796324975 
-15.952041178952 1.5117781934212 
-22.238003413825 1.2047786694743 
-16.076584811521 1.7593132841356 
-21.468087992522 0.75920862103626 
-21.104067226892 0.99441739774291 
-15.635205269775 0.81777825105761 
-22.689100811108 1.5502453005279 
-20.957079539503 0.77224217947048 
-21.077053615414 1.846749613973 
-16.990013822689 1.2354478463629 
-17.895049709234 0.94138309427924 
-24.508554329774 1.5823047787847 
-21.523077657072 1.2366160601215 
-16.619786268501 1.8368438832009 
-18.522876138984 1.3252254472766 
-21.017125854933 1.8665814265945 
-19.606855544558 1.8140547154666 
-22.494217189311 0.94682663228452 
-20.631861809317 1.1302944163971 
-16.860795153519 1.0852274597984 
-20.696308122922 1.5181582449627 
-23.985032011883 0.7898618744939 
-21.810053358235 1.4843786106047 
-15.748471912222 1.7961009156709 
-19.088926231327 1.7285195128844 
-16.567701219491 0.83847490610529 
-26.120993800447 1.4771302165999 
-22.036329796987 1.2065521085066 
-21.768544383991 1.1449890624389 
-28.308508525248 1.7910744832604 
-21.927007573119 1.7024421930557 
-18.858662205852 1.7249238414021 
-17.447220130838 1.7467914927978 
-20.191706812734 0.95132970421033 
-23.442380491084 0.92415727542409 
-18.369244536476 1.843703812969 
-24.238732034406 1.1489787618497 
-17.310157137594 0.77208221454134 
-24.57301270875 1.002558614896 
-29.478906992318 0.96298290433183 
-19.545199776951 1.8550063884156 
-15.243820439852 1.4782323087086 
-15.62716910811 1.212414847946 
-16.770601199241 0.75847345110938 
-27.879757456533 1.8959809222914 
-16.420716630317 1.5264685972976 
-16.731815083124 1.2215570594201 
-16.842002880959 1.2267201531284 
-16.547621381533 0.87455255805524 
-17.462833746469 1.7200922057909 
-22.787316510143 1.0131259894971 
-16.982542391268 0.91654833864235 
-23.415928278201 0.90070696011167 
-17.484704064039 1.2719669992501 
-24.02328824299 1.1041792895088 
-20.94118149943 1.6406790693035 
-17.751089740976 0.91557909836173 
-21.714328263743 1.0334937561492 
-31.170861596438 1.0822326328655 
-22.551826649405 1.6529975590105 
-15.146121418927 0.81845144607877 
-16.079370576325 1.8659946577625 
-24.376912014952 1.2656815408911 
-21.86416677082 1.1042448225983 
-18.095994168414 1.3973677914032 
-17.169879386602 1.194952739757 
-21.721620105186 1.3275351500813 
-31.14139690748 1.1722437557334 
-15.112255993982 1.5016323117584 
-23.857143615879 0.91767855828335 
-17.310593695009 1.8411855929641 
-21.096748492486 0.80009197175036 
-26.798692307752 1.4038343806348 
-29.043609815319 1.0779700689419 
-16.400543022981 1.8775344724887 
-16.211049431765 1.665121296274 
-19.598708614654 1.1168507115885 
-15.465532883372 0.76929939153655 
-30.271054471177 1.3146015070141 
-16.004193137297 1.6016491139663 
-16.076114287852 0.84768950036137 
-20.176935509374 1.6781128311746 
-16.688188260709 1.0234464043639 
-18.109251540386 1.831982766377 
-28.444930351564 1.6583064998918 
-19.602039491959 1.1781081503476 
-15.842721057339 1.1205200026896 
-15.948822289124 1.1268799323522 
-21.556520783701 0.82918379638813 
-17.928381678909 1.8083965371759 
-28.773543092864 1.1067906521964 
-27.267870120841 1.141641603327 
-21.830187048558 1.4932118231594 
-20.35992931367 1.1601573510791 
-22.019894141703 1.1389931183329 
-21.845855157844 1.4592402676899 
-19.096468291594 1.6707268095901 
-24.028572455307 0.87979579527526 
-21.397373673302 1.2655281929742 
-20.810694951601 0.93887128129262 
-27.153739731269 0.98275698389805 
-16.280394314074 1.433743174683 
-27.121519609559 0.98013430964347 
-17.721877198971 1.5861475951647 
-31.357804356407 1.206195727202 
-18.46105196795 0.91982165734791 
-22.178096377994 1.9115956168004 
-22.232063196751 1.8732448723585 
-17.62983549191 1.1874324170165 
-21.567345694963 1.5707854280499 
-24.007507507639 1.0688663254991 
-22.930349267388 1.8340317470428 
-19.24448555363 0.9328755162911 
-19.937411649783 1.1195641399413 
-30.891652592443 1.2621480317309 
-15.42363982482 0.87585883798476 
-15.43672057804 1.3819596958264 
-29.568119601099 1.2094173200949 
-16.408184431962 1.2114541096607 
-23.807501018997 1.082351688586 
-15.799525058596 0.91403210993834 
-27.652668082042 1.1055257474557 
-18.704658496636 1.8487829673428 
-17.251186452695 1.5597395484147 
-15.809058899838 1.5503289939989 
-27.506543700541 1.173784464502 
-30.769341047468 0.92089379529317 
-20.683330840154 1.5548122299043 
-23.573792057555 1.8928129629568 
-18.405875981945 0.9068485473268 
-17.390930729919 1.3434597266292 
-22.332758254725 1.2280360834751 
-16.989953445808 1.4230278595787 
-16.529597965388 1.7431127433863 
-17.899607899615 1.2649843685727 
-24.477353289601 1.3310482374785 
-16.77287126862 1.6186780679002 
-18.777962495501 1.1746452060865 
-14.808122744049 1.6599043437379 
-24.873830615338 1.8571101876028 
-18.16766486498 0.92098462312075 
-21.32473431685 0.9175755646359 
-26.886615241182 0.82181855951624 
-16.886544232039 1.30248278559 
-29.37871052112 1.1609502718261 
-15.070440048185 1.8413115658782 
-17.244865358506 1.2907578229466 
-24.055349686146 1.3805221137378 
-31.210320229628 1.1213099253238 
-15.843885376581 1.3815621029833 
-22.209586444719 1.0726153963766 
-23.483124230221 1.8323802026815 
-15.848539620217 1.2497022205469 
-16.140638408595 1.2725908942962 
-27.420027413035 1.7457285461428 
-21.186787997015 1.4799587506045 
-21.579189851351 0.83471619806808 
-17.371034170724 0.77826351699935 
-29.286554193475 1.223695028861 
-18.245298495905 0.9325895174956 
-23.697574562744 0.9293759176591 
-20.341841032871 1.7436037616196 
-14.941774528706 1.8090583022917 
-20.298730119359 0.96936077571794 
-22.890357224814 1.6668007767173 
-15.29690464405 1.5025796833142 
-22.286781087441 1.3174675784688 
-14.860973170397 1.1622615051912 
-18.700610571081 1.254689198984 
-21.684257771908 1.6023612581057 
-23.969228039771 1.4051671518431 
-29.811605601843 0.98511209099276 
-18.030550456737 1.024406048887 
-20.231496314424 1.1170864452605 
-14.963756942698 0.88895754965621 
-14.954317532675 1.5727473379797 
-21.427881015348 1.6252961271712 
-21.393518569732 1.0371162929804 
-26.170769883464 1.7772179335064 
-23.293748654197 0.8713078847674 
-26.429432972333 1.0058325270791 
-20.484606250635 1.3962162704149 
-16.93852195064 1.1135727684405 
-15.049574570553 1.232089413786 
-24.837885079245 1.5580642042385 
-17.212129897203 0.94803942757127 
-25.646631244658 1.7235995906513 
-15.689937958663 1.1850308569078 
-15.388913387175 0.76941376162206 
-29.878421276255 1.1225086636966 
-16.168468494671 1.8234579034427 
-15.82494875909 1.7339813177907 
-27.793886421189 0.75801644363923 
-21.779209742955 1.3273751483919 
-20.304949643767 0.83332369716154 
-22.785620652947 0.8764618198664 
-22.2959129084 1.5490738480497 
-20.140390698978 1.6239113270587 
-15.158679722399 0.92683923712604 
-30.985761471241 1.1874393170339 
-15.738715431187 1.376015888884 
-17.560362276361 0.95357880011446 
-18.59439364755 1.1039950139807 
-16.131240643421 0.94212380412363 
-21.724596590585 0.99087847496086 
-14.906952409153 1.3272586465978 
-26.905918484832 1.0946907995094 
-22.937279800607 1.5145079594551 
-16.496932879617 1.2078186970775 
-15.727069633266 1.2497416742104 
-17.109499158576 1.5728968281726 
-24.936131735072 1.8360136264857 
-25.115645451791 1.9186865998637 
-24.645028147448 0.94798498358994 
-24.216606050939 1.3206054903667 
-26.863630340937 1.6643999411893 
-25.880622016694 1.2690474861772 
-15.176777948703 1.7944955953585 
-18.059266618698 1.8640701613157 
-26.202347300883 0.81304969513478 
-30.761828338751 0.89528265306036 
-21.087390520128 1.0071254967235 
-23.863861311112 1.5633287200879 
-15.791100554855 1.8492897455302 
-30.431304118244 0.77471723334904 
-22.49537755856 1.1195945901659 
-16.174626440242 1.7208935976414 
-20.070568506936 1.5551263587548 
-19.557191767597 1.9249737924978 
-23.520654102029 1.461532119214 
-14.888733232157 1.5114035845237 
-25.316114108506 0.7757478577404 
-18.455342749411 1.6500221392999 
-24.709311324666 1.1514216977609 
-21.277585863387 1.2176519171324 
-29.935703309974 1.1335651925507 
-23.043444382042 1.8840080580405 
-15.316815897966 0.83416478593717 
-16.113503999998 1.0744489898547 
-24.657302750856 0.96032684213816 
-14.878330649113 1.0299242027364 
-19.543020084495 1.4259175996138 
-30.524364963054 1.7408069146194 
-27.943771867957 1.7061893309383 
-22.341200336579 1.9087193005108 
-20.870273667509 1.3176390161829 
-30.706427791703 1.269373384952 
-20.860339966151 1.837741576486 
-15.196094173161 0.8980788350226 
-20.499656617316 1.8281013357889 
-26.377705533918 1.8226514457677 
-17.720257634722 1.1572138290287 
-17.676145468345 0.8521742777014 
-18.859764934507 1.5134375842369 
-29.517715325207 1.382547086704 
-20.878463994828 1.3492706634772 
-20.427164219759 1.0305542319419 
-25.83373203046 1.0665136209156 
-22.173086539006 0.79080508263897 
-22.111219472875 1.7697802362381 
-21.8709925975 0.85303027072088 
-17.599857437028 0.76069137415008 
-24.148033651361 1.4023629312398 
-21.203860770806 0.89992771704645 
-20.521659522842 1.8953743296313 
-19.379241473805 1.0548425717327 
-23.685019057193 1.7467718518024 
-21.129691229346 1.1909354039723 
-29.412855825456 1.1762429210329 
-15.520778021304 1.5953950069298 
-30.283758716146 0.98555728125683 
-16.254702580955 1.8247727880296 
-17.731683042175 1.8061074763115 
-17.115634977497 1.7238565782342 
-22.90756700676 1.8594748657399 
-15.001951636705 1.3286631038001 
-17.730808646795 1.0966750412186 
-19.288807346095 1.2479447295075 
-26.223347762905 1.6807234677906 
-22.022038488088 0.99249413372649 
-22.960498188992 1.8242460531202 
-18.714459807219 1.4050740959537 
-20.905703562918 1.4823173852444 
-17.168686355035 1.6398803106151 
-21.878322377066 0.86083173033401 
-29.845066055796 1.1480073906134 
-24.106801558924 1.3589753774356 
-30.89976532636 1.0285778233844 
-18.175221216241 1.7135596734219 
-26.939083941874 1.5350401124967 
-15.85499842713 1.7294570460741 
-24.526132127873 0.84389614301621 
-20.426597505134 1.8310614418475 
-14.742616320998 0.80193722589525 
-19.149031732471 1.2472625914086 
-16.580477487654 0.99533439250084 
-19.432729049181 1.418520918977 
-30.874491518662 1.3468725411072 
-16.791647229649 1.4893541336995 
-20.783250036843 0.93539924517671 
-18.491710901946 0.87803546602276 
-15.120998021852 1.3517721029555 
-18.871893005031 1.2568862169589 
-27.752575057586 1.6052665449605 
-17.87065220644 0.99028844922849 
-30.724857613118 1.3014426786388 
-23.235441723968 1.1786925447409 
-25.62425813761 1.6383150278185 
-24.177602124284 0.82129911532296 
-24.843360629399 1.8678941764021 
-17.873396003834 1.3151698974988 
-14.975016139738 0.94535001812181 
-16.659159196132 1.1773437604483 
-15.198038276313 1.1201994444549 
-29.701337730123 1.2245625524107 
-26.116142453827 1.2432442625003 
-16.245667361863 1.75893498099 
-29.358545569153 0.82185461743933 
-17.97112931485 1.2526414196085 
-29.219334530592 1.0247268496026 
-30.304693863959 1.0007598817857 
-21.795875550175 1.0698500380785 
-31.357804356407 1.206195727202 
-19.504116613553 1.8959828132706 
-16.787702582361 1.5992580143882 
-17.387616295742 1.919157594663 
-23.636504186523 1.7756690995865 
-17.075426401523 1.4645385770341 
-21.873617841466 1.0313739168886 
-20.819782044687 1.4939140958181 
-17.22677029111 1.5441818396273 
-16.805951317066 1.1377475635988 
-16.426605868326 1.4592733423273 
-15.846570447602 0.84558792697836 
-25.279059523202 1.1840639136181 
-21.654822681329 1.0138303079684 
-18.153067244692 1.3735192769383 
-17.167273644185 0.92955562535308 
-18.39328023457 1.4007160221073 
-20.23314243742 1.2232166275829 
-21.926480049614 1.6590309377686 
-27.24581920676 1.6196264581116 
-30.700310780018 1.1182634687702 
-28.919665868387 0.81647904729519 
-17.903607536042 1.3490588853417 
-28.852456904615 0.92098218020574 
-28.308135696368 0.83055261575754 
-30.011184460036 1.0654864046002 
-16.97918391297 1.3803372489232 
-15.458257436005 1.5435012293414 
-19.572832141891 0.77901538590586 
-24.754214144088 1.4486972210041 
-21.911806803803 1.5266190387271 
-25.528658053897 1.1883518083252 
-20.223231847532 0.84800330382158 
-24.850153129499 1.2042613265681 
-16.869892586051 1.1125757691297 
-26.766976512375 1.1478349652163 
-27.768365192734 1.9036903260618 
-17.117875417193 1.3543669370026 
-16.873543397425 1.7191717477746 
-24.107813770213 1.5347922095711 
-15.446560051467 0.85786737003037 
-26.8200305984 1.8906004043098 
-21.707367353711 1.7379774385985 
-21.405112547889 1.8049297883763 
-29.024671650399 1.6826002337843 
-17.266567167439 1.7817087554583 
-31.087982551652 1.229365062946 
-19.999285552339 1.6738745640471 
-18.749728010634 1.1344380444741 
-17.719228113962 1.7634341297607 
-22.052064769236 1.0032599730058 
-17.113930279976 0.79153977196072 
-22.558837269763 1.9270946804554 
-27.064808001603 0.88789905249769 
-21.983004448673 1.0390458297276 
-22.991425674055 1.6588163433244 
-14.881645028429 1.5461062270493 
-23.803272321274 0.91654276917809 
-23.0749025872 0.86155663649508 
-22.022020966025 1.7768979281867 
-15.624044821061 0.93057804131135 
-16.940660831249 0.953077116026 
-24.48999824508 1.416013160186 
-16.589365915968 1.473011985174 
-23.351551307527 1.5256165393054 
-24.170602355269 1.5612566586285 
-18.203973081345 1.6551722651147 
-23.575643923453 1.6374499788638 
-17.58159708364 1.8474887237206 
-15.369573045942 0.89433956874685 
-24.911255200058 1.1510314523211 
-17.208865516791 1.2452134639083 
-18.098589701051 1.1282920264374 
-22.861345517662 1.2647823083611 
-17.872247510638 1.1361360743622 
-29.096181278306 1.0519219921396 
-23.710289744894 1.0331754140891 
-21.638377022494 1.2622361791384 
-15.845960647893 0.93177080795446 
-19.094962718304 1.4349700255674 
-23.344736503168 1.9088048348127 
-17.42211785258 1.1427755352849 
-23.036116742667 1.7492501472958 
-17.795629920227 1.7465517356982 
-16.195308795889 1.7507447544035 
-16.456273367106 1.1850018377876 
-29.498362315851 1.2234519856138 
-15.471109629822 1.0250853734084 
-24.172297428507 0.92980112840599 
-16.69506403515 1.5342653923158 
-29.197999445525 1.1125986901792 
-17.340425489762 1.212295325613 
-22.823359065888 1.0327793597468 
-17.703389772359 1.5607432082926 
-21.322991297137 1.4482579655115 
-19.680934631795 1.5506862636882 
-20.655727833925 0.88777505800609 
-26.533230085667 1.6200397192585 
-17.108602583616 1.4714957848302 
-20.151706246682 0.82815539642843 
-16.532738364302 1.7233348092474 
-20.705374420223 1.7627406943414 
-30.974186296457 1.0328819431875 
-22.311752129285 0.76884727637464 
-22.986549003688 1.191692675287 
-26.520352580086 0.98084181680366 
-15.229861928048 1.186723718876 
-20.289250228744 1.6101603100015 
-16.620618447876 0.99854705146613 
-25.48437659565 1.0487349059413 
-25.475044918206 1.0511303031736 
-18.095046102857 1.0321702632594 
-24.666391559916 1.8833877581481 
-23.370231016849 1.4676373907056 
-20.666595569179 1.1197506755072 
-22.14968516985 0.8932400046198 
-19.05618247192 0.89980284242447 
-18.754424795909 1.7828096403499 
-24.150478942497 1.6976999273639 
-26.963661913066 1.5505846873469 
-15.689185750708 1.3393251542408 
-24.44094554269 1.2626213788783 
-22.800728032425 1.7283384369025 
-29.93145654678 1.2006661654245 
-17.503203824278 1.6309428190421 
-17.646013990895 0.96855096745943 
-22.962600128298 1.6466686358454 
-26.791259137749 1.2983972474028 
-16.610721464952 1.4571310906632 
-17.595392622436 1.0576009439759 
-19.728155390694 0.85102390216937 
-19.592948813863 1.6981611142933 
-15.408486529597 1.8071031403345 
-14.956581049651 1.789286527918 
-25.025961882679 1.8388546036247 
-17.0314196163 1.7849777698804 
-30.975619710421 1.1942561690119 
-16.525496123593 1.4030195664354 
-30.72558859 1.0719136461098 
-16.94393389354 1.2962966911299 
-16.909023537417 1.5040458828848 
-18.365679631743 0.88796759377899 
-21.979199132691 1.5541645875039 
-21.931520407567 1.4839768552097 
-29.228270772938 1.0420587917856 
-21.658005498172 1.8038830001429 
-19.075222830189 1.4554326910543 
-22.196187366188 1.6485065054403 
-21.857656930521 1.0433752150359 
-19.167265570245 1.3374474007462 
-31.200227450093 1.2001344421407 
-31.218234315064 1.2407383938761 
-21.087085200391 1.9263465069806 
-20.368132911697 0.85905714864617 
-18.846383836128 1.6979830775171 
-18.60775026709 0.78446040108876 
-30.385942045758 0.88923266805101 
-15.206079123207 1.574111507508 
-28.846585572938 0.91789111898214 
-29.60786887119 1.1407911765245 
-22.067700025059 1.3277586493593 
-16.438892238391 0.7828355155516 
-18.243281627739 1.470423476162 
-15.8151022899 1.2318013285345 
-18.523836623509 1.841612961521 
-14.860236587652 1.6501019127402 
-17.068296848057 0.9902615180006 
-16.577930519896 1.5293861178094 
-19.993528600086 1.4494404702866 
-18.9496605614 1.5215383955797 
-19.237890994832 1.391547947908 
-20.578078132952 1.9086988250061 
-19.980878430874 1.7689569603257 
-16.663395436678 1.0978498091786 
-21.549712531919 1.5051956523224 
-20.734641194616 1.8717989534837 
-17.306856217658 1.0816248751082 
-15.868569119524 1.1797568277203 
-31.357804356407 1.206195727202 
-16.93775703755 1.3117577446084 
-14.825621101137 1.7564175934072 
-30.921755459421 0.89366069380122 
-16.211655048762 1.6820339330953 
-25.357171287474 0.78895988163439 
-21.993368651819 0.75851400367271 
-26.903824465153 0.88095534583012 
-29.554469247454 1.7926220903974 
-19.33452887398 0.80990388264703 
-18.985048000477 1.4508216224108 
-17.047193293975 1.2799077398344 
-20.237204179715 0.97365088881633 
-20.679810912298 1.4481236826951 
-16.116144573423 1.7929616331802 
-15.78294124148 1.3160608687671 
-28.772598061128 1.5751714665206 
-17.376975524064 1.6492146254843 
-26.177190539894 1.5717859573854 
-18.456689057148 0.79274656476675 
-15.121779287229 1.2352086906075 
-22.002240632428 0.97444763979552 
-25.064923443785 1.1330969320638 
-23.750955308522 1.6959300774776 
-18.52833958793 1.7787896373692 
-19.623539413462 1.4605094223857 
-15.09283003036 1.1293584339461 
-21.476060597758 1.5561994192741 
-22.546486568994 0.9707032936321 
-30.049610197755 1.3864795070895 
-17.458911912773 0.78478948648032 
-23.914862990742 1.1575587866929 
-16.085727265985 1.2918088970942 
-20.597777897558 1.115383902497 
-20.474434081491 1.6570035472112 
-18.531505199264 1.8718442078875 
-15.66115084008 1.5082802802623 
-22.794968933261 1.8020597972427 
-23.048759556371 0.89032249726543 
-23.529649443739 1.4714623442068 
-28.882867882622 0.84584853317241 
-30.219004046145 1.4427264523209 
-22.931950256912 0.9269741686573 
-19.46145940016 1.1327949892204 
-29.403021845378 1.1606781818 
-15.831713656618 1.17585088435 
-18.625656925113 1.3495876740458 
-24.509146786207 1.3366833812419 
-20.103205405879 0.75904189679621 
-15.980516360671 0.9057196186049 
-19.407086769728 1.2833856861238 
-20.866586239295 1.0192672615375 
-15.146922887578 1.8741786893715 
-26.788074073313 1.0304184604238 
-28.868086642068 1.154010109538 
-28.560226807547 1.7591573682281 
-31.304407873162 1.133030476882 
-16.624527144865 1.5271945701751 
-29.534733668367 1.1783348054256 
-17.977713973781 1.6336452751947 
-31.215570704355 1.215561765326 
-16.673364262297 0.81451989677293 
-27.288722824453 1.6002401062279 
-18.888813858979 1.3988245024994 
-17.066487059936 1.6871348449753 
-20.849718938196 1.8729375863013 
-17.87715435528 0.77976787156343 
-23.554623847094 1.1506905972912 
-19.852492967747 0.785929761681 
-15.291872979018 1.7192105102926 
-22.859999842106 0.772857759149 
-30.310275821989 0.75540005788001 
-30.669010325796 1.1907418751112 
-20.89159881127 1.1277307465258 
-18.660700675625 1.3739780449961 
-15.74886766315 1.2013090187486 
-23.651098178931 1.4610810006015 
-18.299370986097 0.76987315223037 
-21.956723894954 1.0711946894554 
-21.528959649427 1.1280408230703 
-23.40591742549 1.1963788694065 
-22.507918797923 1.0330271930403 
-19.841211417135 1.6290959030707 
-16.571195262861 0.94648746251217 
-18.545428438623 1.7331556625425 
-29.381544793551 1.6732936438076 
-17.026091191015 0.90632745596867 
-15.679485591131 1.0396358774912 
-16.300660615365 1.8377933948234 
-20.684556306899 1.0436849253384 
-16.641204395732 1.8162963267366 
-18.400901103473 1.7373104377757 
-19.13033547101 0.89733992124106 
-30.047883015659 1.7688942817378 
-21.719304222863 1.3291343365754 
-28.454132756753 1.1070618292896 
-19.775463332849 1.8121480597317 
-16.775622304622 1.2212790927325 
-23.186991133319 0.98898203972968 
-28.477574014934 0.87975884966798 
-20.793086730068 0.96069864240275 
-19.109161769526 1.0203417413696 
-15.027496783567 1.5827505866237 
-17.325799184083 1.6865574712567 
-21.122241681967 1.7184330232763 
-24.180427668214 1.0903549337457 
-22.432094964158 1.1583965934571 
-16.634349660169 1.7464837362372 
-16.765129246959 1.7210135642884 
-19.732424585384 1.2954222698775 
-24.172297428507 0.92980112840599 
-19.031615751677 1.9291897591155 
-18.64069817318 1.0387951037791 
-19.323390465809 1.1260568234663 
-21.661407217113 0.91247553032011 
-25.059250384974 1.0194320100706 
-15.887009647362 1.141084675993 
-18.552669474227 1.5024824379448 
-17.825122023039 1.2919740521893 
-21.217086825331 1.4779832767588 
-27.064082929465 1.2002892913271 
-19.706700458169 1.9125668215247 
-16.331007539689 1.8714364114752 
-18.324809299705 1.5744524277777 
-16.637808098583 1.4034684098043 
-17.658957802131 1.5206775417752 
-19.483702981437 1.1818149883269 
-30.065286338887 1.5303624331135 
-24.398427412531 0.86920570366872 
-15.497017324209 1.0364293653797 
-21.367606334062 1.7488834321884 
-20.977342332669 1.3284610157624 
-19.130919107612 1.0007665132572 
-16.965574752481 1.6920183121455 
-15.524848727856 0.91353174079743 
-15.828209267362 1.7147088172992 
-17.468816440808 1.2350772173148 
-15.871690295837 1.0581683987839 
-20.814856292287 1.3368541449062 
-21.073207020383 1.6696294611137 
-19.665319599196 1.6873084720179 
-15.065506590747 1.2859353017644 
-23.460791383463 1.0073970076918 
-14.985871579504 1.6320421235733 
-21.654818979596 0.95557321820346 
-15.466348057558 1.7658039304242 
-20.076682679966 1.8722800415486 
-21.880343458808 1.2871800281294 
-14.762110573586 1.5635072685881 
-19.154170419853 1.4434171068499 
-21.2547698615 1.4616805122605 
-27.959730140159 1.4724551843114 
-17.950182645627 0.84213051010497 
-20.291684388046 1.7923726318381 
-31.002217709162 1.2824094588094 
-22.231791006072 1.8050529901327 
-14.90174774302 1.385105210923 
-28.021091136114 1.8352532161151 
-18.085249216645 1.4422017850687 
-21.998674499917 1.6231583691918 
-15.81395218855 0.76834101059402 
-20.88362915111 1.423725376752 
-23.761244959936 1.7871786205727 
-28.876513632218 0.89771577462802 
-21.510758600627 1.7736749270274 
-21.677519811427 1.407230410136 
-26.122999333539 0.84315555201375 
-24.033595926194 1.7655803236403 
-14.962774700106 1.7237250416286 
-26.908271484182 1.8593982939515 
-20.28091274909 1.2595981947436 
-30.823729100907 1.061350955082 
-16.933643106751 1.2216285684909 
-27.071712504677 1.0413287735342 
-14.835276184848 0.7742940366692 
-20.210080145284 1.5539272164053 
-14.772048467142 1.826752629757 
-16.592296338959 1.3354269621787 
-24.097292743659 1.5626807415889 
-28.194782561822 0.8602081258324 
-20.359979398887 1.6707679373561 
-31.103600026396 1.1648979390543 
-21.065258693469 1.2556449100527 
-14.964001113455 1.8051203879357 
-18.594427123774 0.89324338061149 
-20.193995276646 1.9111278365192 
-20.129881491574 0.78483742075781 
-24.871277854119 1.4069147615286 
-15.932312907643 0.8693909209015 
-16.074659179376 1.2865559363488 
-20.20294378698 1.3238489008252 
-15.433096449266 1.5549605987623 
-21.315910489795 1.7593335086814 
-18.908230475082 1.2031495705396 
-20.915505058478 1.1246844321083 
-17.924627313424 1.6256569892146 
-24.386046111377 0.78716390048981 
-15.176868909564 1.1134284238727 
-14.967505449611 0.88782526078989 
-27.724399824677 1.2437204147006 
-25.252102284827 1.1431078765072 
-21.036503411066 1.8651584146489 
-15.064196447037 1.6624976626279 
-16.273581943469 1.4752562211352 
-27.932415783958 1.1753287394884 
-16.053654122387 1.0210872266283 
-18.543937791592 0.86054451656622 
-21.272882352336 0.81827348327776 
-20.491011174805 1.5910325756982 
-15.534430724639 0.85603851577954 
-20.641015826867 1.5865741462529 
-17.835364386182 1.4104758916914 
-24.969719672679 1.59928644628 
-20.399459419361 1.024354745081 
-15.97464814346 1.6219230731906 
-20.38820310338 0.9446460945616 
-21.051042981165 1.5026241363891 
-17.154061949294 1.0470527003657 
-23.930816662102 1.5022418382337 
-23.884823708937 1.4992817392169 
-22.199707268741 0.9467687908965 
-15.358182115278 0.96791264666507 
-16.875006113243 1.6096365695038 
-15.975264504426 1.6725954845852 
-22.557698439656 1.2587888128413 
-25.043157130803 1.6262063015014 
-16.905112408817 0.77496349704046 
-25.587567780945 1.2007304030666 
-16.253266265295 1.6809704628263 
-28.728584821322 1.2499904078981 
-19.3418574146 1.0547944504389 
-20.417206102697 0.94320084053932 
-25.509966386046 1.3013799630001 
-20.210915058452 1.8136498044737 
-26.009131547087 1.5308049539254 
-21.14766573268 1.6390812876165 
-16.348640550173 1.6286691733954 
-24.634116438059 0.94639746492711 
-20.056492374871 0.8405017303326 
-17.932249516082 0.78427480934891 
-24.180614262077 0.96565936312721 
-22.232331858248 1.0759280977721 
-31.030375940371 1.1817312985312 
-17.572253541867 1.0466198665899 
-16.31643635038 1.3431096176054 
-15.569178226466 0.95888760041704 
-22.721724805188 1.3024014346681 
-20.199237588361 1.9296837869626 
-17.96631655471 1.7432244857455 
-18.962761041458 1.9168303398996 
-22.017844267074 1.6620232985036 
-18.41587019991 0.94547627708078 
-19.751458286062 1.3262550673578 
-17.029826621946 0.9322504559147 
-20.030782943704 1.0236085109192 
-18.071793300109 1.8059096781282 
-16.926269732645 1.6952629908718 
-27.674229493614 0.78261865297682 
-18.888936317046 1.7235440842075 
-18.79423769556 0.85281004257444 
-25.784873102443 1.7926667629029 
-16.578758586189 1.8631991827426 
-23.853377217291 1.3447847077767 
-21.8487072784 0.78456146159303 
-14.857030053295 0.89526421497521 
-23.079628856152 1.1987203806151 
-25.264553788825 1.4884234640284 
-20.797124438105 1.1579898631675 
-15.174250391224 1.9029897463376 
-30.878458921923 1.1052472901144 
-16.056459668246 1.3734114855813 
-17.035406586922 1.5076268503305 
-16.097191459269 1.4870452302922 
-23.415928278201 0.90070696011167 
-24.386027275313 1.2970810644284 
-15.082650637009 1.828582790391 
-25.211308474363 1.1706960995364 
-30.658723504787 1.1093100635603 
-25.380315395171 0.83646650912466 
-26.64584042126 1.0397844985478 
-20.631081860368 0.91600954322938 
-20.668172731085 1.3452548917457 
-24.186647399048 1.1667971089161 
-19.588479948742 1.7327078922227 
-22.896096403939 1.0297568847925 
-18.440905943749 1.8690027204134 
-19.841229173241 1.6672292590338 
-23.072823964872 1.3908664286789 
-18.752308023263 1.1666783722696 
-19.306317906577 1.9120888810693 
-21.827136799387 1.7056186976365 
-21.59382003555 0.88621375631914 
-20.016954574307 0.98531482508703 
-22.646690644383 1.106912041498 
-26.744242495761 1.1397742286252 
-23.317945684376 1.2265652119843 
-19.025781861848 1.1024011645374 
-17.775728837349 1.6837301691981 
-17.601033147342 1.3580925968139 
-22.614236799284 0.8606636227021 
-28.97182781118 1.6561454220431 
-20.254130516847 0.93540418353557 
-23.793786861948 1.0316551324896 
-16.030687264864 1.5223956759852 
-21.402852430062 1.1873706727647 
-15.011694979558 0.80869355948024 
-24.770034989023 0.86923942869043 
-29.33765873072 1.1309822736137 
-28.785817696273 1.1191325107447 
-20.872385489507 1.2878370235449 
