6.0688570985478 -4.4712149734668 
11.691663709149 -8.1113822453499 
14.689230376916 -11.343810948679 
10.204855539835 -6.1755583036812 
12.285708652155 -9.1173688623522 
6.5528117634571 -9.0265618750802 
8.3342706386996 -10.595746607876 
7.0045261520743 -5.3826734918349 
8.6013386271376 -4.7522117689011 
13.49250170921 -13.767286848777 
6.5648130511139 -5.9082890924194 
9.0259273859742 -6.4523438406684 
5.3840210115 -7.8663325282025 
7.9880060545539 -8.4658341323804 
11.893773303785 -13.161364758969 
13.708693187441 -5.5799666417125 
6.8319909896708 -7.8010828830942 
8.4829239428284 -5.3092456608559 
14.684574755531 -5.0812205763449 
5.8837260520529 -8.8558008003363 
6.4258895129729 -7.3262517638901 
7.8655860880355 -7.8933076195399 
5.3687892565735 -8.5476812631509 
7.4690165627094 -10.336689310432 
11.243308718033 -5.0685934291013 
9.8366593839561 -8.7660061669136 
8.0874171006377 -9.2399649121873 
8.4328430291953 -10.559143885859 
15.128974303123 -5.1924633885311 
23.004150506992 -4.7767682504218 
6.1354020284763 -4.6054410252155 
10.410481292638 -9.9188336521435 
20.389259875618 -5.5457223427629 
17.849449140684 -7.3689728496026 
5.8364605849547 -4.6653807410523 
7.2461723832694 -4.4497338815265 
18.064269559013 -6.2631244077536 
6.9522874573511 -13.80344673169 
5.9244475641323 -5.5070290835323 
9.0828139270592 -9.582528212584 
5.9551901321303 -8.6585603533858 
8.738226199537 -4.694630357212 
6.8838140541479 -9.1734471154347 
11.223667123885 -7.973068801915 
6.4366372676376 -8.7175783263692 
6.2412022016081 -4.819028786435 
8.5608396878305 -6.3500262330437 
6.6343696304072 -5.8893493744221 
6.9289449564547 -13.061664942226 
9.9880135924034 -11.248398583006 
7.8735878826071 -7.5871366389063 
8.8371042165809 -4.769520543587 
7.4678104913369 -8.3798084381208 
9.6516328033948 -6.3465847109831 
6.4754629791902 -4.4526127351311 
13.578125229429 -7.3301092597586 
6.3309199051422 -5.5051139488366 
8.4416038989799 -4.5600606369387 
7.1009427367561 -8.2705138018891 
5.4981709250368 -5.4028064994281 
11.159464703894 -7.3177413726736 
9.3715370157715 -6.472286094729 
7.7997744819315 -8.0085875976558 
16.983281068855 -8.9068803277327 
6.9248570779552 -5.3982130941483 
10.499156361992 -5.8216882448154 
6.5567426976659 -4.6671163564115 
9.3569030619122 -6.1804030313975 
5.7068497718004 -4.6382627849 
8.3836396397723 -5.4289536332493 
6.5090342181667 -10.803410713866 
6.069137547215 -8.9074369632105 
11.296196587936 -7.6195721379823 
5.3315526157099 -5.0775897251507 
8.9464405624842 -5.7800225831974 
12.577798280813 -4.6598851978906 
7.7938810015533 -5.615214250065 
7.3694106771253 -6.0691852612001 
8.8409069887643 -7.0702054728493 
5.9969411606283 -5.32319908725 
5.9239797489051 -12.339297462296 
11.65778601048 -4.8160125006421 
9.5133002433613 -5.9589942402856 
5.6056901388562 -4.9910843661205 
6.1420210933334 -7.3032605267918 
10.893179489791 -4.5179644132325 
6.0215258349257 -5.5214078377823 
7.3423151939755 -4.8160968812327 
7.4133507115958 -9.112145500451 
12.27553980223 -7.8482586495549 
8.4036766796381 -5.4012128270424 
8.6191005100824 -4.9753413127843 
6.8144143216308 -8.1083123232584 
6.737261221093 -4.8462606409123 
10.828003021382 -5.9461577506192 
14.974547851524 -7.2491788564825 
10.801960997388 -4.9931106035436 
9.2859347147124 -7.3201236576185 
16.932680347674 -8.9782990728182 
6.50058055462 -8.8381699177891 
6.0255425340694 -4.7398788226373 
7.6850301975571 -11.118357423551 
24.388243698188 -4.8791643426275 
9.9266094213542 -8.2314319274633 
14.078499875293 -6.2979122874677 
5.6130131602522 -9.2104064735315 
6.4727169192499 -6.9198756001165 
5.309651038829 -5.0213577859854 
5.3094956573348 -10.541837064848 
13.59812548613 -6.8093301207135 
11.222341875082 -5.4333783668977 
7.6627605384438 -7.770510707641 
6.6249529380564 -14.175855601065 
15.139947524233 -11.51105975443 
5.8993830819499 -4.4763104348886 
7.2512367880497 -8.099358303832 
15.363626943435 -5.0711351076153 
10.518040050563 -5.8352254073396 
6.5386127486248 -7.0896759688081 
8.5498319954918 -8.9812675525125 
8.0617078575398 -8.6642275328308 
6.0876217740908 -9.8339290977686 
6.7264712543178 -5.0486857713874 
9.1941053617321 -4.6489744857651 
11.539695353686 -6.5009003801183 
9.8910061413571 -4.5215436825929 
13.966018176908 -4.5719686745893 
10.471009474004 -10.01514485384 
9.5654832473386 -5.4516924587086 
9.2417596970452 -8.8989658018948 
7.8510099591866 -4.5343210762416 
8.5306551106627 -7.3956859975869 
9.80821644223 -4.5776520512773 
7.3008694950789 -5.8255207975021 
16.247213944818 -5.303747110675 
7.4361723366375 -5.6736338102179 
8.8729998410403 -8.7306643421277 
9.4768735660029 -8.7878157308486 
7.65475700402 -5.3230721034665 
6.4587904352603 -4.653698334251 
11.819465187327 -7.2691144498113 
7.336608915104 -4.788624568256 
5.3833798674966 -4.4310930938315 
6.6304052214944 -6.5266100982377 
10.78030064692 -4.5826008889191 
6.7228090010758 -6.2136011518311 
6.5928143427605 -4.4111473875671 
7.0772727990396 -5.8461472021679 
10.528555511252 -8.2751809662737 
10.431233197732 -7.7455656053707 
15.857081710321 -7.4182502344579 
15.314292711125 -6.0154379267615 
6.9031404290271 -5.0415132355511 
10.330146109852 -7.7930553633849 
6.1457508484711 -5.0259932832344 
7.9392550308256 -5.0253938888483 
7.4572622841188 -5.4360604437172 
11.039542644199 -7.7796978756176 
5.344881715311 -5.7566960319771 
7.9087055947666 -7.9595030891693 
16.476508262903 -7.2716423169369 
5.4098947461124 -5.0439230358989 
5.9177643621996 -9.0716755172201 
7.2925482898564 -8.9078424896666 
8.3771195917468 -7.2211750056738 
6.2555835322609 -10.492697998641 
6.9037930770017 -11.493413546855 
8.9267616436429 -7.4419191000058 
8.0261348357141 -6.4799964048575 
9.978458625311 -6.8569494542153 
7.1136512322 -5.4109306447392 
5.8861502169521 -4.7194152759099 
10.046542374444 -5.4095714550328 
5.405922453369 -4.8183109913262 
6.0370904858008 -4.5602596334972 
9.740637067446 -6.0594033941719 
7.5468926283065 -5.7420826974326 
6.4927274506732 -6.0741463014296 
7.2016369955336 -8.7761840570604 
6.8628865127772 -13.6027953357 
6.9409779607881 -5.538800960504 
8.747853869966 -4.7729649807498 
19.403948900605 -5.1766608869393 
7.8703192816516 -6.3431325553834 
7.018316926881 -7.7466957456966 
9.3017983443456 -4.7918430084605 
8.9100583117545 -6.5124089261989 
9.8241182704373 -7.2054597233982 
10.749984224965 -6.1826037557841 
9.8251614191327 -14.329835165291 
11.010034467418 -10.175070912359 
7.5408512304626 -5.6938984486641 
6.1197423705269 -8.5769051717585 
8.2883820607838 -5.7389810231399 
9.4454241060572 -5.15259903392 
19.010976953946 -6.2513601359844 
7.0823189427635 -6.6673990185748 
5.5606007298726 -19.359000275442 
11.555163439506 -5.0381386291518 
6.79016983714 -6.9142625198274 
5.5595719245558 -7.6197056598958 
16.119504202406 -10.502077531984 
6.9314056084505 -7.352058311487 
6.8153772459931 -5.3553474971559 
11.625987965835 -8.7701210938866 
9.6932962469686 -5.3925782113589 
16.362398842044 -4.6731838008906 
13.76362482469 -7.8138726678655 
7.7093806086916 -6.2280299136313 
8.6630208940914 -5.8405818102321 
9.8704384117565 -6.3920041724974 
7.1656673268986 -5.6266514362275 
10.261108672338 -5.1752057730108 
8.9659770383745 -7.1852216189714 
10.202695505361 -8.9286256417372 
12.222625169421 -8.6272884471227 
7.1101214818931 -6.2464860802108 
11.218579306718 -5.8646257906328 
9.6378405040295 -6.134501147649 
10.863685186593 -4.9433176914039 
14.681941023133 -7.2872764592585 
10.592360518945 -5.9194136886633 
12.470668185283 -5.9155013493064 
12.512038802902 -8.3960193481577 
11.011154993374 -5.0960692063751 
10.097653549636 -13.127144879273 
7.774572836062 -5.4070538952206 
9.7627050121596 -7.1493901637955 
14.866134935437 -4.4621138265654 
20.475452669146 -4.5341010143925 
12.254033576673 -10.098743863187 
8.2925960419149 -4.6504156844937 
7.9088906553045 -10.636423255569 
7.5111457506183 -4.6963825749869 
11.477037035947 -6.7926885990247 
8.8135514867039 -6.6878004097368 
7.2192418431837 -6.0183029586578 
12.639611134197 -9.7229844781514 
7.7813866266227 -9.5814460280976 
14.405960535598 -8.1643124039181 
7.424947775723 -6.3725741216729 
7.9888794260541 -6.0049719517461 
6.0586469467754 -6.0617828193559 
11.491070998676 -4.9587268372538 
8.4981279609021 -10.349321799302 
9.462919108007 -4.4904529827566 
9.0394240338655 -11.401665993379 
9.7461262146702 -5.3856398836694 
7.7995507055167 -4.9092496796989 
12.70475404469 -7.8053676690768 
20.213411113853 -4.5633602994117 
10.291510917735 -13.386935632109 
11.028226942645 -6.0189504937486 
12.842708468633 -6.8741477875811 
13.376970105886 -9.0047592629973 
5.3310754258105 -4.706425710942 
10.268821289156 -10.801659042478 
6.0555210143208 -6.3250481373803 
6.7155317753533 -10.127697978128 
5.4351558703729 -12.585775667339 
21.647688967059 -5.6879589859208 
6.5328876486999 -8.8438087911837 
5.4722502501881 -6.506727133285 
17.832892483092 -5.9029436698127 
5.7877167121574 -9.1453937434939 
9.3443671350383 -20.846427934157 
14.191718083811 -4.7024426336579 
6.1955895529715 -5.6582247720454 
5.4767667114926 -7.9183580986061 
7.7296723445009 -11.93924138299 
15.628515667637 -9.2469309474709 
6.6422909871143 -7.3508569726299 
6.3853701567223 -7.8835658071165 
9.335766506589 -5.2041308243971 
16.004860338445 -5.6409845584191 
10.660639040929 -4.5725338621228 
6.4235428423127 -7.7035578751613 
5.7119298359488 -9.0496330502031 
11.099023599853 -4.6224067290222 
7.1595427851913 -6.2807005802404 
6.4769657875056 -8.6976168805794 
6.3684495654577 -8.9000211166775 
5.3140026385292 -5.8524080697248 
8.4994472887753 -5.312920237873 
6.8631031776264 -7.5968475593093 
7.7765825083035 -9.6975785607065 
12.519930040726 -6.8232415315215 
9.1486492390348 -11.574117311318 
16.529525331577 -9.5603809902765 
6.6562058027173 -5.7626829444705 
7.2170917173822 -5.5736213892564 
10.389911387046 -10.965491894972 
6.9676768519503 -4.6601724800236 
11.653663168108 -8.2295947269086 
11.592544525481 -4.9594682130569 
10.116508520696 -6.0071561975642 
6.0226531930922 -11.065297965984 
10.842030087608 -7.2258034454815 
11.266059588449 -4.6882566912295 
15.069077132313 -4.4546972196376 
5.364350008152 -4.8141889505767 
11.290442584061 -5.7753391655444 
8.9014868991249 -6.0142693867149 
6.762993485699 -8.0787137433855 
6.5276603371501 -4.4449147041013 
11.640460891064 -9.9757086603756 
8.4823030559415 -9.1502382970435 
9.0580791916312 -7.5756935505046 
7.215026839722 -6.8059005268508 
6.2978211370734 -5.9699586606348 
13.352016983558 -4.7110092731302 
9.5318017905579 -4.950957227256 
9.819195763224 -7.2609898392811 
7.3424390733707 -6.0550725701109 
11.892694617801 -5.482127082269 
9.4316651410441 -4.8195716271389 
10.675496949618 -11.299762538559 
5.3925552811394 -5.7470227235623 
8.0967985609496 -7.6248963298638 
6.4610123786067 -9.9100683697895 
12.695478417664 -5.4736506919611 
5.9982632079941 -4.6743162945911 
8.5011109199946 -8.5266583892036 
7.2117485073488 -9.0065820968016 
20.628454590278 -6.1401270962919 
14.679605425769 -9.9556159080846 
8.3512677766652 -8.0423566996774 
7.4166203416366 -7.1300266375748 
5.5128865255899 -8.6971493233827 
21.950778691792 -6.9650367374832 
7.7477161488479 -4.6195650836454 
5.4247878473609 -9.0773499758341 
7.1302136562197 -5.0484307253933 
6.7867956900701 -5.059272250529 
6.8517438818852 -5.1007355480075 
10.244835297725 -6.524365472389 
6.2571757359002 -4.8970028994444 
13.940753543911 -4.9058254242311 
14.191881333375 -11.686599667708 
6.1594323660827 -10.461436551479 
12.704061570285 -4.4856442356839 
9.7127658824389 -6.2037499580084 
6.1079218235537 -5.5327915877336 
10.616955772812 -4.8347785889203 
12.916890786882 -6.7750146215559 
13.25682563071 -11.510998913014 
9.9940034891527 -10.313257792379 
8.6580666960524 -14.111661224364 
7.6220800703929 -6.3938408224831 
5.3823320897332 -5.5305817159251 
5.8154939033258 -4.7001315399499 
6.0366424919281 -4.4443099059293 
8.7041803255854 -5.5679636766849 
6.5141881053489 -7.528896531277 
14.944835877238 -4.6909266053513 
7.4151924758985 -6.9300610509303 
10.151064836357 -6.4294095569141 
9.1999854898879 -5.274491062253 
7.1933485585599 -4.429570810436 
9.8322708244422 -5.0083409781454 
12.21430937079 -5.504380629631 
10.261089196919 -8.810416320583 
19.162604091194 -5.4952471064984 
10.204248924794 -5.2948686487904 
6.6000747070364 -7.2287938728632 
7.6434000221539 -4.4209434724917 
7.558711109634 -4.9078121009992 
10.538168415137 -7.0503974735051 
5.6329155015383 -10.750160328896 
5.4467393113869 -9.0311429194613 
8.4622346757949 -7.7940214634601 
16.25148546693 -5.7714713387259 
8.5830837902398 -6.7382720130134 
16.597497694149 -4.5646385518846 
6.7210197083299 -5.1504116544281 
12.309705023842 -4.4225633563086 
7.8576529834328 -12.681336584424 
9.5796787353613 -8.1900744654799 
7.531849222654 -7.6452103324607 
10.855187900392 -9.0464749191708 
7.029422192423 -6.5918591170146 
6.5510784077211 -7.6889357302731 
7.3124778351042 -7.1537951536276 
7.8786208311016 -4.5845415349031 
14.400264893899 -5.4603071579519 
9.3718226112678 -14.182699169363 
7.4290709845358 -10.186427427693 
5.4061280422023 -10.519098975255 
7.7256486564466 -10.234328479351 
5.8977687140447 -5.3151314595293 
9.1818081478281 -4.9411592564022 
6.1358400524901 -6.3907605033915 
10.98480676365 -5.5801929294978 
8.8347511994015 -8.8241970657134 
6.5103710955371 -8.1254729802333 
14.653124498129 -4.5308063939772 
10.59531129237 -5.3465883735246 
10.408133756208 -5.6467611783703 
7.3719026140367 -5.7064870639566 
6.2046960398426 -6.9924031335667 
10.888140039313 -6.1496697165255 
6.2154045798244 -5.5392347621134 
9.5363934877759 -5.0092121811184 
10.57729131683 -7.1038679987057 
7.4847482735395 -7.4808462405867 
6.0046531186661 -4.6368794760154 
6.7095004299519 -4.8912188341659 
9.562342170107 -5.8132121335634 
8.6871427840876 -5.4596811836364 
12.255978829642 -6.501576700649 
12.219554337483 -4.663263785353 
9.0314456940847 -6.6394547348745 
6.5093204074588 -4.6839467818253 
14.96130699172 -5.3063476086639 
5.6413550531029 -19.499337601023 
5.5839870185658 -11.260842316041 
16.285254606897 -5.327010295139 
9.2265338983629 -6.2076798100082 
9.1943395411104 -11.829710833713 
9.9355649876568 -7.0776031994921 
15.705868746998 -7.2919562346014 
6.7950547255346 -10.427041233584 
5.4167014112665 -4.6479443982441 
10.015808465157 -7.0673732636869 
9.4106815600072 -5.5055910322738 
12.951380495933 -10.419746133608 
7.0857984762348 -4.9384883081425 
5.9363096877174 -7.481252251078 
20.098245730348 -8.4732416251383 
5.3261453539926 -7.4207664001037 
13.596637919061 -7.7473548206777 
10.247442724625 -6.0179964895449 
19.599318406701 -4.9879841735875 
9.7442976790209 -5.2864858689749 
11.076178349249 -4.6036449127624 
7.0532388949536 -5.5270514439045 
7.3140554812748 -4.5244688892125 
5.8905554109796 -6.6538973586404 
19.959493159637 -8.2250902678937 
11.509453261096 -9.4887253130806 
15.354377705844 -5.8626750373013 
6.6441929037341 -7.6698231917801 
6.8156646512153 -6.185409639124 
7.2097109887417 -4.5282829218071 
10.483376737408 -5.2764024667345 
6.9108042477135 -6.2586275294293 
12.75421513159 -7.0581381899572 
14.765486121045 -9.2724264911871 
12.317728839997 -4.4162955290743 
5.4781140155289 -9.3055976549072 
7.1795708080274 -5.9249428449876 
9.4432038929819 -10.77656270859 
6.0606910118229 -6.0172824498979 
8.2540769718876 -7.6741322156832 
5.5496128763329 -8.2399637078617 
12.902849522671 -4.7222840207936 
7.2635725623996 -7.4971202932168 
5.6875919830143 -9.2257389422719 
6.9935240638591 -6.441544484555 
22.54367791138 -5.2458693395335 
6.9136722720226 -7.7477603532923 
9.7021477057742 -5.2966836577178 
9.0793019359775 -6.7453163239305 
10.370114479014 -5.8116699768591 
12.345815563532 -5.3289225311987 
7.8481090169545 -7.6570806587544 
10.588448583552 -7.5650288365742 
10.834350984282 -8.4193862758662 
12.333655522163 -4.5675617440614 
11.013393687185 -6.6400060152484 
9.1421392928505 -6.7651654741683 
14.048803687559 -6.5013773636695 
9.0098379279295 -4.6555337005225 
5.3059817866509 -4.8777685925265 
9.144382807681 -8.315451758291 
6.6483317735949 -4.6699330489898 
6.6231360464178 -6.8151203649147 
8.3673868658299 -5.8495206822205 
9.4267936149744 -6.3891292255064 
16.201362052217 -10.221249891779 
6.4161689872664 -8.8114667956311 
5.9371521841427 -4.6815215089812 
11.144803637285 -5.1370868263767 
7.4109502561806 -5.7001884877766 
5.5596443632009 -4.5979292702715 
6.1594888991829 -7.6858881899226 
13.631651542323 -5.5465644090465 
5.5625146275166 -4.7369876091194 
10.387728590223 -7.7570966509073 
16.705593649444 -7.8807356266532 
10.080104032702 -6.8593934654566 
9.6919025341338 -8.1585269629497 
8.0681690805607 -6.9245946032154 
6.9070295119322 -4.9664414008048 
16.159293874932 -6.8541813695295 
5.8408505234126 -11.737114806791 
14.220330314356 -4.406306482417 
6.0352383050502 -9.6446583679708 
5.4416144844964 -7.9083231806285 
9.130956488357 -13.020346945612 
9.0530958877161 -5.156251034053 
7.7876746047744 -16.024920102027 
8.0393957204637 -5.7496469240376 
5.3643168951392 -6.012299350481 
6.7875218421624 -8.61130088626 
13.891325830073 -8.681758371948 
6.0841992010482 -5.1867237260708 
7.1795322990269 -6.2440674104401 
6.966418842946 -12.11914365681 
14.758767511985 -9.0264157339372 
6.3166963870509 -6.4204635134723 
6.9537582157513 -6.1674210031524 
9.4635915577408 -7.1585941329563 
8.9765997905887 -9.8001602393154 
6.2517119969101 -7.4311011032961 
16.19526889718 -5.1369352703544 
6.2786791200744 -5.374463952212 
10.694721846582 -5.8246094347744 
5.7733332769415 -11.054104487487 
6.7066633971348 -7.5307025359744 
10.326419799414 -9.4755546294007 
10.372136549242 -6.2031083652992 
6.3601569695654 -9.7320734688956 
8.5969242877358 -10.309918125737 
5.4370254686728 -8.7162833053214 
5.5973527350451 -5.8652273067279 
7.4746871680489 -4.6524079943465 
12.432559151886 -5.5477631639147 
9.6392134300123 -9.7951040407364 
8.5502764276018 -9.7526920610495 
9.6933605276927 -4.6464103624934 
16.521962539656 -5.7279455325744 
11.186733167228 -4.6242694541056 
17.116554834268 -4.6900817085078 
8.209158729995 -4.750304655369 
10.650081587906 -8.45713413985 
8.0861291162032 -4.5420291854152 
6.2688880714785 -7.9908415291213 
16.523528212124 -6.6410826855067 
6.6590410878804 -7.189210624227 
6.4707026609299 -4.5169419433906 
17.428815361248 -6.6164003876101 
6.1228696392917 -8.961766341658 
7.0046709797537 -11.925824345075 
8.4309462067848 -9.017417941119 
5.6364311434655 -5.5294874857103 
7.5636212971438 -5.0271864828861 
10.676700351947 -9.9794601431635 
6.9345346634295 -9.099783057983 
6.2979589091862 -5.8416925326549 
7.0761602675022 -9.9476745822957 
5.432461006785 -5.1190576294163 
8.3737757748328 -8.4278375819074 
8.5666481763455 -8.9922251685714 
11.60286830974 -4.9191446739757 
5.3240140854729 -5.2632590516494 
6.1428265155134 -5.3240969199842 
8.7821050560165 -4.5838259536211 
14.445022493781 -4.7433782205794 
9.7193581685949 -4.8463271556218 
14.219110577328 -5.6728664972705 
6.8259299196358 -8.1187316154294 
5.4811178338245 -5.3261382825988 
11.081652901605 -7.0374775724589 
7.5623325505975 -7.3195208414119 
11.410573515565 -5.9436556670996 
11.236453095332 -6.4829775509285 
5.4425488807412 -4.9826133674568 
9.0983276956484 -4.9421696714004 
5.6705603284759 -8.6289709987138 
7.9914111729621 -6.9312444320978 
11.787642663618 -6.1845711713128 
5.3335665155497 -5.4543731115101 
16.020646181194 -8.6326237138117 
8.4533152812776 -5.0906619111364 
5.3911967723314 -8.3038078995109 
7.7085935360718 -5.6112327470168 
12.441265028309 -9.0464058669334 
5.9033521857082 -5.2115374241204 
10.666918018575 -11.301236138794 
15.082076375617 -8.0421349818296 
7.6222690791872 -11.800643548313 
7.5027453039646 -7.12530675387 
9.4643279652101 -5.965223077601 
6.4469214388849 -4.4321149694485 
5.8126261153126 -10.889075714324 
7.1434539501733 -6.576124147812 
8.7824502912456 -6.8531988342772 
5.3469740587269 -4.9924818402207 
16.925184440329 -6.7268732419405 
7.4976151337118 -8.7612441669277 
6.994804520927 -6.1572704433064 
9.0485857744051 -5.7930121179108 
8.753657805189 -8.8069575606756 
7.6345112181871 -12.075197861282 
6.4007360508479 -5.3742850560932 
7.0409665251969 -4.7508589232778 
7.2652137484815 -5.2194333873229 
8.0221450695196 -13.66018717569 
10.439014298111 -5.9286138459273 
6.6001953631458 -5.901970216577 
16.552981320389 -6.6965509804494 
13.131255697147 -5.495382735496 
11.634849579817 -5.052473003016 
5.3157967612495 -5.3730888658517 
9.6602569674659 -7.3231106765854 
16.944390721643 -4.5851207900123 
7.5468807488062 -5.7035739224899 
5.4968614441163 -4.9606638435686 
6.0485453405463 -10.76699899986 
6.2839180628258 -6.2832484726896 
11.281788826343 -6.5233334503291 
11.01503274698 -8.6660847572935 
5.3427720926992 -11.526647900793 
10.270760295359 -7.1767697587508 
12.308788048742 -6.5034111594671 
5.6165032571257 -8.1132853817106 
11.202278395955 -12.377698897409 
9.3714429869514 -6.4793602576358 
5.6434099183641 -5.0819376931031 
6.2306721466929 -11.135953129866 
6.5813437219327 -4.6183694647699 
19.970964927217 -9.9940012347185 
19.721608797961 -4.9643854845233 
6.9846508483805 -6.375795249423 
12.005257889038 -6.6557442030483 
8.2408408414055 -5.3551305259563 
7.0546583423919 -7.5962301525691 
9.5628212781822 -7.4667162726788 
13.05159231619 -8.7182843524364 
5.8593657017394 -13.195280659224 
7.437544713146 -7.2719204014392 
6.6897596969175 -5.8326413799498 
14.187625777134 -6.5205930751791 
5.9741832738356 -4.9226785758975 
8.3354388375439 -8.3974058607467 
5.7921990057124 -6.0901042114207 
11.539959775903 -6.1745317331774 
11.47574436163 -4.4191030160961 
9.6598750569682 -4.7908808252257 
6.5371266256672 -4.4631383445983 
9.5514606603321 -5.4893889462773 
14.575516888904 -7.7782198693596 
13.422535263395 -5.4211041111487 
18.832385596307 -6.0734122260017 
20.106823119792 -5.5415298675428 
13.70707815641 -5.1685946319955 
12.910602682304 -8.5471169793084 
7.9913750906127 -4.4350700985688 
11.311459809529 -6.1570553420284 
8.4020536956167 -4.7378985064773 
8.1604506435745 -8.8926501899246 
14.777547004803 -5.8169715346138 
7.4593150389033 -5.6429986035009 
5.604067265081 -4.8096782961805 
5.3554505772481 -5.7852041494954 
6.2810343357916 -5.8554260433541 
8.37267207038 -4.4191552132576 
11.349512183394 -7.7535270316707 
13.293931089236 -5.0157552925781 
7.8191081897236 -6.9570942374596 
14.645600575198 -5.8616648191466 
6.1150631079331 -10.468618196221 
9.6551627618716 -5.4719508114951 
6.3155289674889 -8.5570173149525 
12.538332341253 -9.5185948023573 
10.939585757695 -5.4499315464896 
7.847099352695 -4.9350076377154 
15.35168246684 -5.5374639348515 
5.9861693008496 -9.0190016983262 
8.4077107321194 -10.833024062464 
9.6395071544936 -5.9072469107367 
6.313606895506 -14.377831082044 
12.684838840419 -4.4604650761388 
9.7174959040785 -6.9812568531828 
6.4205690837319 -9.3263424236854 
17.139515850759 -6.0811164739358 
15.013895446979 -6.9603701664101 
13.792047392364 -5.6907789982851 
18.200434926291 -8.0022724219592 
6.0526094128799 -6.6710685870317 
7.6343569851859 -13.673051236231 
18.258125029464 -4.7158499337289 
14.405781854621 -9.325970499909 
7.3985539534783 -8.6463756500264 
7.2762990535107 -4.5530434864112 
9.7162173896401 -6.2768855511931 
6.5848862735989 -11.079326742172 
5.9231572581327 -8.9934417206074 
14.359947014305 -4.9261830141203 
5.7807388006258 -4.7328566721592 
16.932556120639 -7.9778840023192 
8.5678563612264 -7.038010432793 
6.325366054227 -4.5429984957849 
8.3875239762029 -4.4447686159382 
7.2598857722471 -4.5654637715855 
12.72827555371 -4.9649869799621 
9.4391612697986 -10.801025713026 
5.9270209040462 -5.1506395112893 
7.4412561849477 -6.391106838723 
13.83753415719 -5.0720001822987 
8.6069950409361 -9.3167115273032 
6.2189392702943 -4.7865613507936 
9.1036948598034 -6.6188725366936 
7.3230429044478 -13.145382027267 
12.370209455482 -4.7231401166486 
6.735629067094 -8.006679895847 
6.0531037923685 -10.019276368546 
7.9039134460067 -4.6306590329217 
8.0789807774228 -8.3650628359539 
15.915350540019 -6.2628880931373 
5.5609271979812 -7.1012400846625 
8.5364227325106 -6.0628883180034 
5.7658673980765 -9.5771872551055 
10.321379719201 -9.9474552540436 
6.7798076470207 -6.9612702632235 
5.9746497947192 -6.5217208383803 
9.8631509161811 -5.1498463764259 
10.776585791931 -5.9808631223888 
6.1167961109167 -8.6607728125945 
5.4805441531924 -5.8838590641977 
11.831755762664 -4.548697185672 
6.6117816476926 -5.569558419679 
6.847518064285 -7.7353869668293 
5.7217107407859 -7.6573551700529 
6.0011125336526 -5.5665135927459 
12.984765153678 -4.853667813982 
7.0199311295921 -6.2069694073303 
5.468907230623 -4.4991452495678 
7.4546354987807 -8.05456588807 
5.5443499483092 -5.010506910365 
15.687448733985 -4.4441947118837 
7.6617903779889 -6.2124249685457 
11.293876737727 -4.8425102878955 
6.0192847056714 -7.1527447987951 
6.4231250226053 -11.709811384319 
6.4207528539833 -10.4245079648 
13.042090713744 -4.9005889691352 
7.5207418250422 -11.478258292853 
9.5908324985515 -4.8418521720007 
5.5909339478024 -6.0523489631705 
8.2791936795163 -8.7505142054839 
5.3071891347004 -8.1999864539389 
7.4584818335131 -4.8971094792414 
5.8110069057161 -8.5517506074119 
6.7450628343313 -4.4512291451638 
13.413899740215 -8.9786332585725 
15.211601492595 -9.0005816879779 
7.2833096925566 -8.0668997307072 
15.565298643135 -9.8767057891404 
20.049896422881 -5.5193475195008 
5.7481269339124 -11.438150977069 
10.87084562702 -5.5870513231666 
5.7317100903225 -8.2826008783161 
14.641254681407 -4.8030373004544 
5.8779142848289 -7.6697847343532 
21.157688030543 -4.563826581377 
5.3233413789907 -8.0164310979485 
7.0697318751038 -5.5077694406176 
6.0254099249718 -6.0334484847029 
12.091555205974 -9.6754877004456 
9.2326982384581 -7.5496808999016 
5.6442824400523 -5.774515433741 
7.3290275200055 -8.8392122035112 
16.125820048428 -5.3832661670305 
6.5922298901089 -4.4613164845716 
5.3356124948211 -4.8452917072718 
15.70502124865 -7.2499258606055 
8.5329563023632 -7.9918026928915 
23.345986208457 -4.4701264355295 
17.057492574882 -6.4324325628125 
12.583932161342 -8.7775172208459 
5.6759525472531 -5.8665295904531 
5.4625497936741 -6.1621967754375 
6.5302063840137 -5.1581451331674 
10.566372193116 -7.8875860186088 
7.1436361552061 -6.8641456628074 
10.959880009185 -5.6976164649627 
6.0220275909823 -13.019912179434 
6.9633947162958 -8.4113534344546 
16.352217387013 -4.9875150674443 
11.994014617429 -7.1423214959392 
6.7653436370175 -6.2088105058251 
9.3135882337614 -10.400920235947 
17.339008632685 -4.9382891131428 
13.897440765195 -8.5288491394393 
12.749519062887 -4.8113640783485 
6.8009357814039 -7.2052248291885 
6.2058792038176 -5.16272602615 
12.816638295825 -5.2063369446727 
11.041182805408 -6.3306683397716 
12.374234051741 -4.6089064660834 
13.826739950731 -8.116612201698 
6.4436488801013 -7.9421804479076 
5.7966080768083 -6.8196382642198 
9.6042044115838 -7.354797564333 
9.2415085286579 -8.6715635274721 
7.5384467255405 -9.7353842112966 
11.81892602494 -6.7091008088775 
13.062118151246 -7.5906121004217 
5.3210394078929 -14.410339211865 
9.1785750772974 -8.0126765754268 
10.493403700802 -12.326416903678 
11.295909874936 -6.5532411775875 
5.4793954970854 -5.4673439906831 
16.460174744665 -5.5929788048438 
9.3107955191179 -6.267109859127 
6.8114413730181 -6.0840283963019 
8.6867415112857 -6.0365788923874 
15.981571463524 -5.9299953700305 
12.043533836097 -7.0527762845283 
22.034848104855 -4.829066762389 
5.98362421552 -10.156034732946 
9.6644635656575 -8.5452236654413 
6.5281278086509 -7.9527666461106 
8.0854282447601 -5.2493780359957 
6.2809142981679 -6.9371144473152 
7.7443420729728 -7.1370439471324 
12.817977811564 -9.6353449127397 
10.602017335006 -4.9713217689651 
7.7018006665806 -8.3166954918233 
8.0928782929275 -11.123254597399 
13.640196525826 -4.7818070333512 
9.2607944536468 -9.4291966896809 
9.1794422112924 -7.3184649686479 
6.3979955656938 -4.4427451751786 
5.7831041063089 -4.4908733446521 
14.99487583547 -5.2978432235999 
6.6880720455141 -5.4426609238853 
10.023437645396 -5.7876752527809 
10.15015363233 -7.8365213289556 
11.323840993885 -5.3686806782982 
13.06749836445 -5.9950400456826 
13.394468775806 -8.4648384972899 
6.7633077944697 -10.957440775539 
7.7767232753031 -5.246619304302 
6.2960555517105 -5.4665309512601 
7.8104198133426 -5.723890017654 
7.8035098806179 -6.2944907298491 
9.4027194780605 -4.9350467121862 
15.436723595726 -5.8355831373234 
10.238528502806 -5.7325665726566 
9.6897274829349 -7.4106681292341 
7.9242562474538 -6.1679696756116 
5.8168870361019 -5.7145645039633 
5.6244225286021 -6.001835093846 
5.7661511900673 -14.594691186812 
5.9740121782866 -6.2828788648538 
7.0754951129922 -4.9921806181818 
8.0542277995124 -7.2557193590359 
8.9310871515017 -6.4588018614262 
11.713362803205 -5.6184080158064 
20.342306115245 -6.8902659113376 
7.6758234097492 -4.8791910040053 
15.987024477454 -6.5802483483561 
5.9788941122577 -8.7120846656753 
12.232380888778 -4.8310621267141 
7.6552183863894 -10.88421065941 
8.4514174240998 -7.3705611930456 
6.1367414046642 -9.1294597923163 
10.848106460677 -11.486798634028 
17.212766339507 -7.8835341666937 
18.073264595064 -5.8146443048629 
17.255047944592 -7.3841656323763 
12.513285133791 -5.0428297003827 
5.5813100515543 -11.233502006984 
7.3324885426299 -10.292614388556 
7.5074536808094 -5.592298138034 
6.1213523767587 -5.0620120922213 
13.448217474795 -6.275562165154 
8.2348806144038 -4.8722559638728 
8.6805112933025 -9.1426805006848 
7.4630920703866 -8.7032466859009 
11.426224017454 -5.1190066598635 
7.7353459150453 -9.1422664289019 
15.806744248336 -4.9081230619377 
9.6995440807469 -5.2377996638238 
6.3812865367342 -9.9523009226676 
5.8011606799743 -6.334115496496 
11.904586549221 -8.2801388728237 
10.627790515951 -8.2482346150057 
7.4217117636449 -7.0629684821822 
6.1024539145145 -5.1158372300206 
17.069209288457 -6.1334048328267 
5.9772213357856 -16.355764594112 
14.552123966381 -10.593676282673 
5.6339128668936 -6.2177254798264 
6.2998428206221 -4.9804777763567 
9.3224750180923 -8.6332922604079 
6.4462077712099 -7.118783340123 
5.8768245444439 -6.0419351811332 
5.9618745673118 -9.2480601637397 
6.0277262345659 -13.567639662636 
9.8391343107876 -12.324033613645 
7.1254672706037 -5.0588383302946 
15.714352803727 -7.5148235990301 
8.4794674795182 -5.0848908679374 
5.4270030566119 -6.4368258284842 
9.6755898284919 -11.337852656606 
6.7240275740842 -7.6571568771469 
11.431386948075 -13.476161982262 
10.842630213053 -10.638795724321 
6.7397284642584 -7.6455386167985 
5.8119045405761 -5.9369928403592 
7.746281037691 -7.1454729327491 
9.462123209046 -4.9076598806343 
6.8696658276169 -11.303346996686 
5.4577085387818 -7.043330916962 
16.106764070787 -4.5711573278999 
8.431217693477 -9.0906962958214 
15.657661573581 -6.4083472898405 
18.64499761936 -6.5599097109972 
8.0306627995755 -10.659541841169 
6.1257184428461 -7.1984443965753 
9.4592543348735 -7.3486848595569 
10.711643405529 -10.446684799047 
7.0365523599145 -5.1347043693357 
6.2541231613252 -6.4951221320769 
7.3168186560097 -7.9708812373549 
9.851848539432 -7.6640279793318 
7.0362755931189 -4.4693968689013 
7.8856685149798 -10.442230458779 
12.870111460526 -7.1754348891792 
10.793780481572 -8.2113662949584 
14.761619940363 -5.2742955308544 
7.4019725875446 -6.4084374240158 
11.191377483877 -8.5650907810967 
14.180833110118 -7.1780331809825 
15.270383285552 -6.1704144837195 
5.4917238692336 -7.3090611524194 
5.7290763996592 -6.2723089007467 
5.6293135692614 -12.154328542091 
6.1149747055262 -4.9420150049894 
11.108418206503 -4.62372379801 
7.0670206640809 -5.4583793101421 
13.367897285455 -5.699635147198 
7.8473301778241 -14.398533870116 
8.0938515498151 -6.8290300538658 
5.4419920147247 -7.3964492853332 
6.2798360385697 -5.9446849646921 
12.709667482641 -4.6808934310687 
6.4966091548069 -5.5402925578797 
10.21949857941 -9.3359007242723 
15.065459186397 -6.3735479058552 
8.817788767168 -6.4931484598728 
16.658884730261 -4.7637240991032 
5.7615565586058 -10.991357794068 
20.160601941675 -4.7187196148579 
10.016678991469 -4.5046607880687 
6.8607611768368 -4.6705640269169 
9.0016637090543 -6.9750681616166 
6.667271367633 -5.9019499431649 
8.9444167107842 -5.0664811081068 
7.4969783101122 -4.8105309340883 
5.4473910491489 -7.5927498190403 
7.3759890786814 -12.047866518103 
5.6711272194784 -10.519268857865 
5.5077021432973 -6.0018962396936 
8.4750259660241 -8.9598328517302 
6.5641772332397 -4.7495647791632 
9.8431186393715 -9.5632208602351 
6.3246005791459 -6.8053064245302 
6.6515762982039 -5.6307407500541 
14.560814997473 -5.947910667401 
11.566854678169 -5.4013053718708 
6.8738244617029 -5.9033142214843 
5.5163253199136 -4.7656585707415 
8.5760340630975 -6.1103373672144 
6.6677826195421 -4.5631532670536 
7.5256585440487 -6.8132054172621 
6.9649310094201 -6.5969498084973 
7.5207989072279 -6.7638534569179 
5.6211392650698 -8.1639236821791 
8.1469717764511 -6.707459786391 
10.402027461674 -5.117859913785 
11.367458613255 -7.2616986183362 
10.762790065848 -11.646946343916 
8.3460071021139 -4.7512507935257 
5.3937330306173 -4.9601925313052 
6.9313070698378 -7.149830140658 
12.489066450442 -9.6870349810293 
6.9414196978227 -5.902817831778 
18.321194140477 -9.1413024569045 
5.982524338889 -6.5051938078364 
13.162479821679 -6.2721637944008 
7.4545261603383 -15.002695127018 
6.0767242073572 -8.8988000161083 
6.3002690440627 -4.709330868425 
11.749543907699 -8.9062011979164 
5.6129715811899 -10.55462845101 
15.915709896055 -4.7317464941104 
7.2132060256618 -5.1789539379777 
7.9465842310216 -9.3860121683296 
7.1177762266978 -8.8407274726081 
8.5103658577168 -7.5702586106974 
9.0263341952565 -10.276670828137 
12.717358077033 -9.1198653576024 
17.166457208722 -11.154196222625 
6.3298775523908 -4.4388021583669 
5.5308071207432 -6.6871457739672 
8.4807164160981 -4.8255999667678 
8.5581215257749 -4.4360195417333 
16.089578602056 -8.5474191200096 
8.129513318324 -4.4232701518554 
6.2628076297055 -18.955167092522 
7.0982186644044 -5.993964032648 
10.32686446618 -9.9811680958574 
8.2877994669854 -4.5290755799201 
6.9296607753348 -5.8822897522778 
6.5221246186873 -4.4160826046868 
10.478394881096 -5.7599504101272 
10.533149851637 -10.044829022395 
6.1124185048279 -8.9895639223686 
7.3180684356711 -8.8451617378165 
6.0714872287444 -6.3743325625797 
11.457203317439 -7.1128015344905 
8.2855492578108 -7.4859916647326 
8.6527830363481 -9.2941807672813 
15.725633992496 -10.663550045439 
5.4387819860952 -5.9991970281843 
6.4046158017713 -10.267342383821 
8.4731177210763 -9.7071362951956 
5.7502387825343 -7.3816951461574 
5.9556534114736 -6.0786970274137 
13.385620410351 -4.918893685756 
12.506316846264 -10.779886420253 
8.2505286828064 -4.4717862436353 
10.251178447909 -7.0855762209635 
13.209296891982 -8.883540248331 
9.5933127975261 -8.8041404043679 
6.8224878367424 -5.0004580948432 
9.9365161149412 -7.8204838479124 
12.46189927451 -5.2262621115594 
7.043783742079 -6.3211531794612 
10.726342490646 -15.847553545202 
9.6040563310823 -6.6592301824333 
8.6865701879289 -5.5678157036263 
5.8707007775639 -7.9616958628058 
5.9054536163631 -5.1803763571109 
5.9598365139985 -7.3821492803614 
13.462763436902 -4.914472612743 
9.9209827309519 -6.9013459778714 
5.5620306365954 -7.0489161502603 
6.3983729739594 -7.8368583464942 
7.2070018608518 -4.5163231412849 
10.131043014557 -4.5574973828209 
8.4079249700949 -9.9811342749525 
5.3337646793707 -9.9148285456757 
9.3142895862618 -6.5724685388206 
7.0347428097819 -12.267879839009 
12.850411547677 -7.4280163936358 
15.99019208682 -7.5081642050742 
9.5084960160126 -8.3040778444053 
6.3406672418723 -10.42642126264 
18.802165038939 -8.074745371537 
9.5004708497752 -4.4438310533598 
7.6704455635992 -6.6084968022103 
8.9123656837662 -8.0493961828867 
15.848948872073 -7.7358717349941 
7.289398276966 -9.2444420708138 
20.399397700903 -10.141598122546 
7.2130564167005 -4.9805776441904 
5.3759726623856 -12.246050585577 
6.8473779033987 -5.4293695893273 
9.8420632826464 -6.2062495284122 
12.793403198667 -7.955749494092 
6.4095282492675 -4.9465667748826 
6.154331088438 -11.729814747565 
8.4093601747767 -5.9889688818977 
8.1497884239542 -13.825597713199 
6.0139197778245 -12.186774195672 
18.832453672903 -7.2958074887141 
7.6137316415237 -9.1093074825817 
9.7376946368526 -4.4504142839818 
11.720642967443 -10.037062301885 
8.3549459726303 -6.5564839991601 
8.2622496229513 -7.1266387279794 
8.8857224239077 -5.8987992362141 
6.1762120233002 -4.9922106555335 
8.4969563121001 -6.0298205514124 
6.260352478248 -5.2001840986091 
18.017165042464 -4.7843005578146 
8.3625090141544 -5.8664310935229 
13.652248577179 -4.4429540885432 
7.5523263054614 -10.584780425543 
6.8177330828451 -14.183989144544 
11.584743929303 -7.3401471635642 
5.5177719598369 -11.547675106753 
14.901941538016 -5.463927100348 
9.7352867878585 -5.3235668576925 
11.85764302237 -5.7183111201271 
16.154764038104 -4.8616615718555 
8.9280109421675 -13.231059757503 
10.938297987846 -4.4916925187503 
14.532465539046 -7.8793642532133 
6.6216520053447 -7.4218665266678 
13.995672179824 -5.1796573347383 
13.510752104306 -6.2063801115403 
8.2290628378825 -5.5553980774434 
7.6410042030698 -5.2037967414438 
13.108734118867 -4.8861406487208 
10.450244289928 -4.8386057214116 
8.5878714848869 -7.527224352687 
5.4035916513227 -9.7728395432602 
6.1417457527433 -14.068426770905 
9.3118608275521 -13.79400753248 
12.651430562523 -4.4719582185068 
6.3415736323679 -4.6438809582692 
8.8366682884251 -4.7478673948897 
8.4512765528571 -9.3833848477188 
10.430009866932 -5.8543068858825 
6.8827064011398 -4.4417867194706 
6.3200185995044 -6.5999177567781 
9.5975668423739 -4.9486928558125 
13.620414574308 -8.3497565574904 
6.9395286046019 -10.968948430152 
10.76549816848 -10.575863422301 
8.8653796125005 -10.302333651513 
8.0942078612245 -8.0940329700422 
12.334401421005 -8.9508152654166 
6.065266828299 -5.8129164990049 
6.5311051610128 -4.405483599226 
14.113868434783 -9.4905361493054 
19.847119704846 -5.2746709900324 
12.887161048056 -6.570678171887 
11.455042705723 -5.2490444424958 
16.154443002499 -5.0201283586998 
5.6746939637246 -12.261557646264 
10.249750531761 -7.2690713037765 
15.970547725828 -4.7034013475624 
9.4927406590074 -11.005668206506 
5.971936394786 -5.7640236844339 
10.255996290871 -4.6940687185547 
6.0513792663462 -12.207025309028 
7.3159269707988 -5.6307451032887 
11.504284503992 -6.435334517017 
7.2854491842532 -4.6510587560287 
12.020172054011 -6.2049036208136 
6.9777971443804 -10.270436272588 
9.2167538623177 -5.5384148796572 
16.635323960011 -5.6827517230606 
7.7337992517461 -12.029207947633 
7.2188380907478 -6.4822932252917 
21.412358455996 -5.0512097913038 
9.7109797694201 -8.5621414077959 
10.895520992422 -4.8658638973716 
