-10.66092789749 6.4786210679531 
-9.6579576793094 11.348944633654 
-10.549644561042 8.568863628403 
-9.4262767978101 19.776757960797 
-10.358536358249 10.29797917523 
-11.893202073466 8.7491750542222 
-10.688770655388 14.016500689259 
-9.2221034965621 9.4322315560885 
-9.2905513417021 10.154584450066 
-12.091591289802 8.5882579482776 
-12.384487237817 8.2106026890553 
-9.8745640560519 7.0948279527328 
-9.3522287506964 6.7752891341392 
-12.313321865872 7.6635721763418 
-12.578168481066 9.1685085833827 
-10.907424496404 7.7668894950907 
-10.029306985284 10.352479374809 
-11.018725814757 13.718949196372 
-11.134137861836 9.1389748380871 
-12.322020432899 11.063319911579 
-11.548986134989 9.3128628877419 
-11.086302476587 7.2059523193855 
-9.2622756658552 6.6955245692187 
-12.215106623079 6.8436122755664 
-12.571665615191 7.5714428560596 
-10.777773025793 6.4475518779813 
-12.020215203923 9.8564233214865 
-11.788050685794 8.8719359159162 
-9.7084430927406 9.3031018362255 
-12.213739843535 10.360654786286 
-10.493348679547 6.6608122258798 
-9.5377498221174 9.0196972238768 
-9.4135059704281 8.3812248233375 
-12.444393041586 6.6319478383294 
-11.398819336482 11.331048560178 
-10.096175028799 9.0689000652316 
-12.334472408139 8.1903223948185 
-11.988698301529 6.9098250906137 
-12.118839061136 10.554755621751 
-10.419399780872 10.734047494312 
-11.048496934648 6.7830191435013 
-10.865544066478 9.068724050222 
-9.7513848371102 7.1235452671965 
-9.6818859911125 9.8445834069059 
-11.877342608353 7.8549593072592 
-10.753931786462 7.256307953182 
-12.252729606948 7.0961231084596 
-9.5003608786238 11.285722568952 
-12.166325495933 8.2407468961294 
-9.2095319990984 6.8798024757245 
-10.415623258265 6.4268316541207 
-13.008931971078 7.5349710053974 
-10.883291742013 8.9283966032139 
-12.851333541038 13.776390764854 
-11.26596267281 10.004211936348 
-10.759108965093 10.058345738084 
-12.854612519295 15.431360452434 
-10.807594337288 8.5682651911164 
-9.8091610295585 11.19422413035 
-10.29017388513 7.7287226554275 
-10.180540982979 6.7809898747156 
-9.6764988977343 8.2944027527023 
-12.412898894583 7.0102899238994 
-9.9260607340161 11.693729535183 
-12.267295883208 11.030070871174 
-10.912881403632 10.106910639959 
-12.497241481592 7.5808969043266 
-10.925462680747 10.233541915924 
-10.144902645141 6.5631727491019 
-11.03857324451 8.2187890103946 
-12.187493388618 14.576023816203 
-11.181539972469 8.9165614648103 
-12.258398069427 9.3991620352768 
-10.515370645661 8.8596923952168 
-9.4128554951316 7.112649055866 
-9.3202603549414 7.8763522317107 
-12.893727671672 7.8150031120819 
-10.180307993559 7.6318217659611 
-9.8195982658263 7.5208962765144 
-10.170750051206 10.646046566436 
-9.8243508694843 7.4039477959165 
-9.7452707222395 8.9139316025184 
-9.5941374293176 10.297306241628 
-13.009740260682 7.0059130815451 
-10.354342034692 7.1670507849044 
-9.9636821159473 10.892332115557 
-11.985723295938 7.1702033109907 
-10.784178086269 12.82282751444 
-10.454218054273 6.9101388412771 
-12.570855250407 7.8160201634786 
-12.480208608134 8.0314283879558 
-12.100402041501 10.164170493344 
-12.238042500482 7.4807909403868 
-10.249320448808 8.0069618600961 
-11.922782881653 9.8010596534195 
-10.327066995189 7.8111146648243 
-10.408853358632 7.0919125130889 
-11.724550751309 7.9536776113397 
-10.457071705654 8.7900982479433 
-11.036398178349 11.261112983526 
-11.292653884509 7.7582452591854 
-11.777676142786 7.814453462104 
-10.551929775162 6.6307455734902 
-11.052069879727 11.923236981948 
-10.15390971189 6.6817612692972 
-11.418249334046 7.5689192114875 
-11.073090333382 11.601418443935 
-12.117643865267 7.9567792316437 
-9.7570247908309 11.634672432937 
-10.895772059368 10.013976562329 
-9.9349125889084 14.524397213538 
-9.2065191797985 6.5163986778336 
-10.072347023619 6.8425162631488 
-11.732953854233 8.911396374931 
-11.172009722934 10.685874181338 
-11.282402287684 8.0311357097283 
-9.2529362372923 10.051846293922 
-11.448626599183 8.9516688084699 
-12.136900892828 9.0948930236701 
-12.476522126832 13.273598755161 
-11.201413698246 15.6076243192 
-11.91133609981 8.7092367727867 
-11.033896788406 7.6305820006659 
-9.6761914432795 9.4680076100454 
-9.3963903672141 7.6742271550456 
-11.211515006541 11.969233126489 
-10.885723088866 9.1481381675961 
-11.08369759634 9.2131558058256 
-10.928264856908 9.5579662272677 
-10.861376545239 9.9150634001937 
-11.397254193557 6.8161995295362 
-11.237794475959 7.8360055341469 
-11.461371145138 9.2132175753385 
-11.592470751704 9.4746788463238 
-9.2350505883454 9.9418996785353 
-9.591724933689 18.493861169 
-10.960255060471 8.3247587334562 
-11.136016266107 6.9581170390275 
-12.152842134569 10.363981413768 
-11.475923453417 7.8256079782528 
-12.590221019075 6.7526317186216 
-10.549408758385 7.6331196739403 
-12.412005800636 10.638345788535 
-10.030546288682 7.7278836427951 
-9.6777389560599 9.294519830484 
-11.045014030969 9.0851184425182 
-9.2652196124106 13.725266766728 
-10.391081381085 11.432707429335 
-9.6268186508457 6.9498763349575 
-9.8966905428209 10.521774262984 
-9.7648981090324 7.5951038291238 
-9.6314201130176 7.7840164521881 
-11.368521797514 9.2820867997154 
-10.275319707774 10.878233683543 
-11.191749325269 8.9434830187949 
-9.6098607307581 7.6800976124465 
-12.06360480863 7.2108207406099 
-12.912166355922 9.9538613989819 
-11.556309290731 7.4627838889446 
-11.195842571763 13.756078710176 
-12.746989157043 7.8149976301308 
-10.221008285974 9.7383183305656 
-10.888649415995 8.042843229454 
-12.472328208396 8.5606824672578 
-12.030246794865 12.980454815528 
-10.250292881072 7.3344530751683 
-12.047344970787 10.131988882515 
-9.7284669511417 7.1997356173151 
-12.528929557007 10.624353526648 
-11.90122920662 8.7228886125867 
-11.481368088425 8.5337028321387 
-10.290784721288 7.9796851254508 
-9.2922404044499 7.0167840668015 
-10.7923712446 7.8624366588194 
-12.262979681969 8.9631776682727 
-9.4388816277458 7.4301864153816 
-9.1990788586947 10.571257127902 
-9.3317073230254 8.3527540220873 
-10.713557780825 9.7264637262052 
-11.704653156265 8.2872720922539 
-11.830832522812 6.8671985050549 
-12.231857586747 7.852785265462 
-11.358127104147 11.063136836643 
-12.949204870845 10.178181089409 
-12.924368917417 11.533805401947 
-10.351846055356 9.0903277766182 
-12.33241227627 10.495005605929 
-9.6897260353148 7.8460416317275 
-9.4726373178282 8.2874791414571 
-10.635972046823 7.750505244493 
-12.640436141395 7.1725405692172 
-12.656242744473 6.5544701484203 
-9.2067085804264 7.5729689689973 
-9.1524701614801 10.501988180347 
-9.3119919942636 11.029520593393 
-10.084179169308 7.3337804083498 
-10.515146687191 8.1362495780114 
-12.765147617932 10.132599313327 
-9.8806542365665 7.7247013681724 
-12.819153385825 11.51530136878 
-11.194544098533 7.2406506957971 
-11.773268776573 7.8258078921133 
-12.006694841539 8.5082746615947 
-9.8537059363619 9.2244418441791 
-9.7531711245821 6.8726652886085 
-9.3493757724007 7.5881224344228 
-9.9788821302659 7.1513254736982 
-11.308865122924 10.934721337276 
-12.179425928911 6.8863752762293 
-12.888760258966 11.390155097394 
-9.3932263112591 6.449402165575 
-10.660689305848 10.866257704416 
-10.659054403256 8.6178812146895 
-11.675474767147 16.520801052228 
-9.3140657412462 11.147945473751 
-10.445345835479 7.6036878581468 
-9.7855941853061 8.0104263802559 
-10.767598627515 6.7405373177555 
-10.640648780994 7.4858038341434 
-11.282428395426 8.0540380407324 
-10.454022141916 6.4606119179755 
-9.5052734262529 14.684048690488 
-9.2622335068487 14.301055093241 
-9.823755720259 7.4664637296521 
-10.104785069178 7.7928276197455 
-11.888506631692 8.2549501596126 
-9.1189774627754 11.26247801733 
-9.4279653465535 9.961844790007 
-9.1262791966725 9.9854589568632 
-9.7202907985215 6.910388156015 
-9.6494178501461 7.6197090273833 
-11.305293111031 7.916511460303 
-10.627271433452 14.209505068375 
-12.46829770222 10.496097637373 
-9.4607527007979 7.4550191732573 
-11.246904937818 7.4713930361549 
-10.102393497424 7.3200273441478 
-10.370262689133 6.4826959445483 
-10.533845590658 6.5946961452516 
-9.4919011203502 7.7516024382459 
-11.403735912571 7.0376900768337 
-12.203303600914 7.3801201072716 
-9.920543396822 18.695577101483 
-9.3420513068993 7.2714162731724 
-9.6248691681527 15.5469850894 
-11.446230628248 12.206246744916 
-11.100850409961 6.8873960341716 
-12.690720431083 8.226763374407 
-10.958522369677 6.4545932543543 
-11.315849523472 8.2079012433925 
-10.230651530268 6.4719066983112 
-12.439959760712 9.7577711540123 
-12.122489385433 7.1508680911613 
-10.948125126183 7.7335343322776 
-12.087503232603 8.1097079355997 
-12.942584242638 7.398407615953 
-9.5100842427862 9.7004951538081 
-11.268945068989 7.0941564282843 
-11.969650035326 17.668111824256 
-12.58041880175 6.4500663176456 
-10.77298320113 7.4106641809343 
-9.5935319502487 9.1200580412835 
-9.72658422456 9.0008580945804 
-11.697956877741 7.8999393063894 
-9.3795099504313 13.060842495692 
-11.507471275741 9.758402438017 
-12.680054039347 8.0168845529603 
-9.6759589666426 7.3528770960441 
-10.829274812135 6.4810764982003 
-11.407770551627 6.9794508839823 
-9.4867025358353 6.8254624890573 
-12.260253903819 12.180044609046 
-10.763410492969 7.9670387904144 
-9.6447725047326 7.7559146391176 
-12.541654115721 10.555131882878 
-10.120564470447 7.8716328289289 
-10.797998045233 10.90699531752 
-10.843719473968 8.6374571699578 
-11.925399484092 9.2826576645883 
-10.867337432917 7.8063869045485 
-11.874454376711 7.5116683056718 
-12.162639060481 9.8605726391687 
-9.6277228670494 11.694354287748 
-9.297685867542 9.8936427763807 
-10.354046884056 14.381133873999 
-10.332310938931 9.1224561369702 
-11.514499968644 6.6258899471392 
-10.814440746984 10.775479753509 
-11.783953697203 8.07290757241 
-11.505949308014 13.73917502625 
-11.639474727272 8.5868759280532 
-10.477280422622 6.9936790532429 
-10.45018357023 8.0296239625629 
-11.095734913295 9.1644777283855 
-9.4729772918137 8.384129844381 
-10.011178026671 9.9149891536001 
-9.3344527178714 8.739292136699 
-10.4408288865 7.8879242809274 
-12.451483755114 8.227658599175 
-9.9403414688179 8.2285906283504 
-12.829472951338 7.1452895479446 
-11.53087911226 8.8400345246082 
-11.390603107695 8.7579204292898 
-9.3860123778707 11.732466192614 
-10.536342701201 8.1669611193327 
-12.226877571757 6.8724566901448 
-9.3954516860894 9.976305182482 
-12.690417389352 13.326556349644 
-10.776867489323 8.0051121348803 
-11.921670779202 6.823633769443 
-11.059588779187 7.4483385531656 
-9.803761949347 8.8839969321877 
-9.4681217014134 6.5160085040055 
-10.304637512509 12.379237800879 
-9.3250411196809 8.0207222466217 
-11.722190799579 8.4137312294584 
-11.743858873755 6.4373475715813 
-11.966485596574 7.4567100741863 
-11.892906607642 6.7825671422234 
-11.229487069173 8.1237383976397 
-10.243127649961 7.1800378069382 
-10.572684125158 10.531852216339 
-11.065206872011 9.7525065087207 
-9.6750530435662 10.553979343372 
-10.284616985887 11.22556291225 
-10.164723462456 10.780302398488 
-11.402957790671 9.3955265938717 
-12.319369491672 9.172620176604 
-12.472071650966 7.0287312856798 
-10.449972497402 6.7482142366706 
-11.026853626691 8.1364739798715 
-9.6477390659709 8.6931939449577 
-11.342753843765 11.492132301755 
-10.74465817357 8.3719341876057 
-9.3143058230141 6.8040241975976 
-11.381817435461 9.0295071595029 
-10.27851008868 6.6616694582933 
-9.4415209983748 9.9112504616099 
-11.004032951402 12.260210086715 
-12.685014131293 9.4077103452407 
-12.252624177098 9.5413287605068 
-10.54699737962 9.5235571472823 
-11.131608417198 8.4226857817624 
-9.3680984909774 8.2399140574257 
-9.2673302342263 9.7296271112407 
-12.258752354152 10.935179377146 
-12.492131286618 11.83092620447 
-9.3288765428165 9.6534038329821 
-9.7918487570955 8.224642867069 
-9.1658417235844 11.029423560293 
-11.79712283551 8.7272014077552 
-12.96350166192 11.191167760486 
-11.299369979399 6.5807911315568 
-11.853052294276 6.8463748688643 
-9.3014324500538 7.6910537607065 
-10.431430347261 9.1973065509361 
-9.7418494516316 11.379603835767 
-9.6965908182695 10.386240116924 
-9.8389985303111 12.873535168604 
-10.25450216458 8.4622453436568 
-10.832727469386 9.5229237360018 
-12.389157058672 6.8993719234947 
-10.703256100113 13.439325229533 
-9.5721563799335 11.012606914319 
-11.906967758527 11.997785559093 
-12.995735097173 7.1176977990854 
-9.182309700618 11.654334492528 
-9.8527672190411 11.389700576557 
-10.931316397167 9.2013591147421 
-9.58364003606 11.191627716865 
-10.734150436495 9.0665828232616 
-9.8728605331203 8.8638226659524 
-10.961011565404 18.244890277598 
-9.4987363024394 6.9765701822546 
-9.2804081234053 7.2757580492661 
-10.987213770212 7.9599966850841 
-9.1942749199685 8.8212541053486 
-9.9827800476645 8.7914600182411 
-11.905612447715 7.4742727057223 
-9.6374480204553 8.0563710717778 
-9.3633617813351 9.9205363072932 
-9.1182456448239 8.1114447661346 
-10.022990033532 7.8578690930545 
-10.558858899715 9.0579709560994 
-10.389104704167 6.5388118745159 
-9.4251129678763 9.8025337922878 
-10.78899269253 12.228755690632 
-9.1550686432802 7.0977144880952 
-11.530649257639 10.89436647874 
-11.310863758266 7.0498107927367 
-12.358019285582 11.845612347578 
-12.039077364205 12.941337720591 
-9.3205329563101 7.7181491146344 
-9.1153632649126 7.6934352982466 
-11.094511640016 10.666607428709 
-12.03531040452 6.6354576918011 
-11.848993099672 8.2033684836183 
-11.913909343407 6.566984003052 
-10.658550338462 9.5980494727969 
-10.667980553069 6.5189847928665 
-12.156018437554 8.7156139775873 
-10.666572755864 10.662411228211 
-10.354815300262 9.1998169819643 
-10.997706636914 8.3323096603962 
-10.594102664894 15.026321436286 
-10.526981312689 11.730459199298 
-11.652598271856 7.0052933920471 
-11.005206716117 7.6217692613937 
-10.009960548477 8.8179926466953 
-11.419214207498 7.8081302514123 
-9.9538189850196 7.7078917991854 
-10.927250835729 8.103835466843 
-10.1257325336 11.01167951489 
-10.383449254121 8.860516824005 
-11.505796122996 10.442096211672 
-9.4239316882573 6.6907803377999 
-12.045059327661 10.426704142953 
-10.551967994709 6.690035425132 
-10.172520052537 7.9359467588315 
-12.474596954932 9.7857319621846 
-12.372514094939 12.187600632861 
-12.33168742205 6.9097679738704 
-11.855264710369 9.4192232447465 
-10.011181158777 11.551744538796 
-10.431715485595 8.2693541232651 
-10.572421188415 8.0594608024908 
-11.359347376497 8.7710663446833 
-10.296571213916 6.5805085275607 
-10.471043843504 13.852235645424 
-12.783305957908 6.8061694562246 
-11.154547390019 8.3463598696067 
-9.5522057701525 6.9346261776576 
-11.400506298429 7.0666531682828 
-10.634575129313 9.6487455582885 
-10.604448503054 8.3797162179692 
-10.130878729437 7.8257235248313 
-10.5415834685 11.096527134957 
-12.393792953699 6.6764268840178 
-11.723679228815 8.1347929270725 
-10.016281702463 8.7668310328362 
-12.842736360086 9.0205655592862 
-12.947352647629 8.160160938161 
-10.784810008086 7.5602984712845 
-10.842912735555 15.434241732243 
-10.053787828986 7.5411123556711 
-12.830222219696 8.7822600163629 
-11.277076407326 7.6794703339223 
-9.2627465442897 6.5441740487134 
-10.986001678869 9.5560088827537 
-11.658508809677 8.43315330382 
-10.051850931003 14.084811720362 
-10.661795691472 6.9818333602635 
-10.567440767576 8.248975192565 
-11.618645376375 7.5472029106509 
-9.5528629953467 13.132240488001 
-9.5130907636947 9.1259540527997 
-9.9638818220877 8.6534202830259 
-12.415097445962 8.1471127019774 
-9.6785839571545 6.5843741269998 
-9.9028415593551 9.0194371210627 
-10.584842259604 8.1018128491919 
-12.030888141328 7.8653361247666 
-9.6614359510924 6.9139019532317 
-9.6824795903275 8.2117193976325 
-9.2381415611903 8.5986144783168 
-11.521289772947 7.1822062550121 
-9.178124001682 8.611621562327 
-11.758697129551 11.148336572282 
-12.662855579421 8.2244649972741 
-10.100668402199 10.497878340265 
-11.125319103433 8.272713542703 
-12.588127086706 9.9301813876959 
-11.892237994066 9.5231023331558 
-10.617158305154 7.4344228163032 
-11.010307592119 6.6201993333495 
-12.161653631089 8.1161930602979 
-12.300371343584 10.261362175688 
-12.563624585614 10.696796345116 
-12.870593580882 10.715453439501 
-12.733664014488 6.850425649107 
-10.387473174919 6.429520784268 
-9.2310039842358 15.226854966218 
-10.453889236959 11.285291269162 
-12.391925962173 7.1157715827709 
-9.7825541479248 6.8926035145443 
-10.097506662892 6.6572886871617 
-11.705867109216 6.51602162953 
-9.4185714539994 6.8764453516757 
-10.486475731431 13.727426560669 
-11.672384467641 11.524883871372 
-10.975834401117 6.7265960352888 
-10.03081065447 7.6495039445123 
-11.272769545433 16.328143458582 
-9.6786610130744 8.5473007306539 
-11.840505777832 8.8645496374676 
-9.5060381582187 8.3613956653946 
-12.046962575139 8.2331400969604 
-12.292162568969 8.4765531218761 
-10.455115187519 10.577269141199 
-10.712951135698 6.9696166762168 
-9.5767273236928 7.3302030775786 
-11.434221865875 8.7075381229127 
-11.582199637782 7.2046218048096 
-10.809038071105 6.8015088229426 
-9.9712293286915 6.8141507456815 
-11.258067644714 7.574925947147 
-11.471912619878 10.630540484858 
-12.113196236484 9.2973116935044 
-10.749104095496 13.830248701733 
-10.202659350168 8.0029424837081 
-10.829554402294 11.55343244474 
-9.1924567439448 12.711881754343 
-10.592080430728 12.052519955748 
-10.181177474 9.5458621114419 
-11.126046571353 7.2271639080337 
-10.571837784828 9.3577833693785 
-9.6820103298789 7.5968296778055 
-9.7348660671153 13.26515637733 
-12.414795974301 9.9809947803713 
-9.3226258727487 7.5139372565968 
-9.4520545874095 9.1740640228807 
-9.3580658636733 10.151204709861 
-10.796513879165 9.8995736246032 
-9.640241008893 16.567134573974 
-9.1460755952367 7.9418446340467 
-10.652329603754 6.4449015953203 
-12.095048148815 10.668546374015 
-11.074780403501 8.4057249696776 
-9.6833344235956 8.1214540047463 
-11.271529381098 7.3200033355284 
-11.957094604843 9.6928208194578 
-9.699681869431 7.8107232368399 
-12.877146823122 9.429440904218 
-10.183653611752 7.0114544500943 
-9.9762643834458 6.5610617484081 
-11.3478403192 7.5189224160656 
-9.14812996722 9.1698211307264 
-10.880235187136 7.0899222135841 
-12.679828164555 10.416692007516 
-12.839098528702 9.9221892645458 
-10.904191351397 12.669036248761 
-12.547825363539 11.490285610998 
-10.351732348283 9.040592134736 
-9.5568486890258 16.669473477735 
-9.59139332701 6.8958033224667 
-10.288462541705 9.148896218678 
-12.006252651292 7.4042100902425 
-12.630049559096 17.098453051803 
-9.268431761979 11.043239270163 
-9.7290131213661 15.010967616909 
-12.058098789221 7.0426237454541 
-12.807722709817 7.8770852946324 
-9.1324814761399 12.059783914904 
-12.707073280816 8.7857240325571 
-11.190998232627 7.4718085890202 
-12.291997171622 7.4803815299957 
-11.034913000554 7.2879616490386 
-9.3496429957683 7.4658822392219 
-10.866833364594 9.5728001816123 
-9.3250981863725 9.408800717207 
-11.026866929716 7.1687541936789 
-9.8324042442656 16.074800959537 
-10.660179007591 9.6221179261386 
-9.7720376336713 11.166908781815 
-9.3945262117516 7.8676060217468 
-10.616107108864 11.169914574202 
-9.9327232303969 9.8219577312757 
-12.580204229951 7.9146354853975 
-11.194673882259 6.4581985243306 
-9.1327527661861 9.4048068640502 
-11.894652932379 9.5339443691423 
-12.672907321576 7.4934921578788 
-12.889232982 7.0464134198501 
-10.344127170408 8.2128307937 
-10.206815044937 9.1742222523619 
-9.712621372801 6.7200770522553 
-11.82709686291 9.5415538706389 
-11.693313062507 10.584724498328 
-9.9415416765013 8.5830652401455 
-11.4318408761 6.4797309880248 
-9.2016442637427 11.322040087441 
-12.780715053874 10.232964356425 
-11.594291914027 14.250312793911 
-9.9454494073144 6.6034021863616 
-10.418807729896 8.04985933227 
-9.3050019720561 7.1038062648236 
-9.7312287984636 8.9381631968282 
-9.1884368739627 15.222880333502 
-10.134872757126 11.961369131488 
-12.435248501994 7.577920514092 
-12.624428088478 10.713342564147 
-11.706899544478 7.2993141070753 
-10.577666953126 12.75859706885 
-11.638094147817 10.697434219353 
-11.195314718975 7.4843773089763 
-12.918735414064 10.298572739345 
-10.205307398841 7.2376683805689 
-11.120125066093 9.6344714571942 
-10.215837119884 8.5126215947397 
-9.8961075201833 7.2913911042363 
-12.819992432619 8.6091873836793 
-12.138271689608 9.0502999433506 
-9.9173730389766 12.413251190674 
-12.101633881971 10.137426758779 
-9.2640276393028 7.3075135054773 
-11.260560254827 9.618552394435 
-9.5089915650234 6.7011386596505 
-11.380498492753 9.4510806571262 
-9.7833947217756 7.2269572958716 
-10.824124285545 15.46640924755 
-11.926962935304 8.6560806078079 
-9.3592094151868 6.5168894728919 
-11.367424739731 7.2771806771054 
-10.120930833193 6.7262303312569 
-10.845313476615 12.129823321405 
-12.637435976267 7.9836187387536 
-12.210511006292 7.190825953683 
-12.427787465143 6.7523181916119 
-10.845369849803 14.041106953617 
-10.14734587422 8.2770417632359 
-10.265653136094 10.577009439075 
-12.096911640902 8.6526010371007 
-10.940691532576 7.1573722833307 
-9.4993352764798 8.4537070617404 
-10.316206308722 9.4799927420005 
-12.096586450794 6.7871460144021 
-10.861538745384 13.536360306211 
-10.460621005645 7.1234183442629 
-11.350131806887 7.7671598072663 
-11.306887993683 10.371788727926 
-11.821444344891 6.6264732474561 
-10.462606562929 9.1359510552341 
-11.895142254249 7.1095519095739 
-10.120820672806 8.840210098547 
-12.696353685532 10.61087349058 
-12.141746390911 9.7896393839446 
-9.1948819089003 8.4339470262917 
-9.1522105379005 7.0794406338471 
-9.1281626226702 6.9289392336506 
-11.480980831196 8.512733295978 
-9.5035087857493 12.7124058933 
-12.730128562636 8.3252530149965 
-9.9954516607889 8.1885023716117 
-10.411492501208 13.142115611401 
-12.072857588873 12.642444794226 
-11.009829859233 12.859033723632 
-9.7528856342159 7.8850461936197 
-10.744599822793 8.8113421414912 
-10.294155491296 9.5433630253318 
-10.373628811094 9.3023889578147 
-12.047744481834 8.6826911227624 
-9.7655039963501 7.1464227225494 
-9.498834266014 7.3388872327845 
-12.84519282496 6.4714638211704 
-9.9481518373135 8.4769329146664 
-11.230373272528 11.401771557065 
-9.5750355577195 12.877315870622 
-10.6330415074 10.007219503085 
-11.819492161597 7.6960758110175 
-12.538550591817 7.4430189806752 
-9.3283605134036 7.1105912735183 
-9.2599395833771 7.4966019978009 
-11.511586375472 8.0438238149495 
-12.986881307975 9.6629554024793 
-11.93070697832 7.0540344794649 
-9.232871116411 14.126249096174 
-9.4418533914411 6.8257597594039 
-12.547618016595 7.1744299366755 
-12.175218705404 10.90249555456 
-11.583291863424 8.4766200137333 
-10.813322964809 8.8446170609775 
-10.94375289357 6.8087672512404 
-11.282931639421 6.9557593162504 
-11.827841392767 10.609292989458 
-12.619130342101 7.7316890315961 
-9.5981959574952 12.388998471881 
-9.8980765711609 7.0506064332144 
-9.4254009105687 20.582919200009 
-9.3617177196441 10.944613550335 
-11.868895568064 8.0729760067389 
-10.006755580336 7.4685773659072 
-11.123799019858 14.546797411267 
-10.823607012862 14.78618832609 
-9.9166122232198 9.20498481389 
-9.828354179642 9.3755120351113 
-10.706430386255 9.0743239014591 
-10.491671793717 9.826228531646 
-10.982460975241 9.4932826441149 
-12.182830418115 7.1111325037853 
-10.559121707516 8.5914986119032 
-11.743534245411 8.8810922908261 
-10.118346718647 9.5780622244957 
-11.694590552861 7.0364464832477 
-11.800185971297 11.663462947921 
-12.636294781503 9.1095133619724 
-11.875156356229 7.6028976286956 
-12.061563112091 8.2200220858347 
-12.063548914594 10.366676338438 
-10.98950528947 11.04235011647 
-12.05499728064 8.7963312494722 
-12.967597040062 7.4851532247757 
-12.187247378926 6.5478469123902 
-13.001384830034 9.8051976225739 
-9.9831357732297 7.2846507536027 
-9.6518474532677 8.2638897309352 
-11.4843326258 11.047395102845 
-12.89624726873 6.6119716693448 
-9.2913171798525 7.8123984952182 
-10.731820476266 8.3964366522652 
-12.721454833636 6.743281614623 
-9.1618344418895 7.1084841360304 
-11.210626126625 10.592623567223 
-12.790465862404 8.1555076618299 
-11.37822940401 11.58390703669 
-9.8478020297463 12.529823867461 
-12.59637690396 7.4096479168426 
-10.486674102135 6.6305598157312 
-12.839519149284 6.6715228014235 
-11.169813630613 12.649695777407 
-11.096532950336 8.0751915089124 
-9.2067641676535 8.6029987499229 
-11.383683676744 9.3345426527613 
-9.8773016710214 8.169353529182 
-9.193140099619 6.4273148852132 
-10.219765111484 6.5185735637697 
-9.5662600200669 7.0871149665045 
-11.920917138813 7.6128571758019 
-10.068830621617 9.5297208703647 
-10.921989783077 6.6740923815621 
-13.022856673716 6.8809023758012 
-12.118071029525 9.3973115957964 
-11.257659050081 9.5220746524325 
-9.4730191829696 10.972941460216 
-9.5954161075296 7.4601436972574 
-9.3714888727493 15.071621999694 
-9.9304953314363 7.3156148221055 
-13.041343654661 6.6198425758879 
-9.6378073288405 7.3728693387834 
-12.035220753936 10.855106212884 
-12.042048197179 6.9090896306668 
-10.992988177816 7.124495481228 
-10.808009355747 8.86543459288 
-11.239945675261 8.9165021765227 
-9.4261458262459 7.5353750157855 
-9.8192880322482 10.489838640866 
-9.562449341883 6.5122172420695 
-12.965830553354 9.4199966485071 
-11.947518683433 8.5584033131813 
-11.781688078283 8.230200451807 
-12.259338204613 7.2115651012501 
-12.998353571272 7.9385031988466 
-10.596975964715 6.9029884764218 
-9.2843417722292 8.6931250741177 
-11.149707279965 9.6531846463124 
-12.11178465157 9.2041450382042 
-10.289215630678 6.5859201881154 
-10.934960475616 8.8512987576751 
-12.868689404832 8.4485549464241 
-11.74666441462 8.0911109423396 
-12.901484341434 6.6055111718767 
-12.43743108979 6.6017712391381 
-11.519961903281 6.7974177145656 
-12.707754905545 9.4858356177729 
-11.389400069027 7.9686301721211 
-10.489077655123 11.821787012854 
-11.97073897465 7.7661149794054 
-9.7110975644636 7.6917279545143 
-12.787441526209 7.4864359748949 
-11.460776657887 6.9588472192938 
-10.797483737117 8.1846225193984 
-10.286223342819 6.5467121701516 
-9.4753777078472 9.1703536437009 
-9.882031186521 6.5972428565489 
-9.9676291859573 16.352344112877 
-11.236022974249 7.0092408762696 
-12.805230678075 7.2762389374383 
-10.085297690166 7.8373368260334 
-11.357387702359 8.5383970894713 
-12.499777601815 7.0819488448685 
-13.023349390474 11.908973128066 
-11.855793840447 7.7145697590438 
-10.072907350891 6.8546890893571 
-9.4716604184067 6.4516067855343 
-10.628278592735 7.7456767666075 
-10.897097540999 7.6112067073115 
-9.3925219211885 7.0973180438754 
-11.986794587982 8.4841347492948 
-10.408589313522 8.8649044662316 
-11.367596661851 7.4758159309349 
-9.8636896702488 9.4710762894539 
-12.849265296345 9.266001072918 
-11.078529860162 6.6331509993312 
-10.187383865724 7.1590544392259 
-12.534813036388 7.6056713900055 
-12.339518074708 8.0696594043803 
-11.879070406746 7.3980766161341 
-10.102174553479 8.1560179594051 
-12.48376114979 9.2760988407072 
-12.058225687491 8.6213504564021 
-9.1518108616993 7.357761232177 
-10.531223913509 10.45823355328 
-9.3237575406394 6.8892948344276 
-11.521782870372 6.4648607641817 
-11.375566254202 11.959972554971 
-12.580987721973 10.686586905192 
-10.14646063526 7.7345124075183 
-11.502077404527 8.0938387621602 
-11.334771394178 9.0084261960822 
-12.580819086838 8.6350929009636 
-9.5366492422227 10.292183873235 
-10.975039782055 7.9736834006007 
-12.899913045901 8.510978635572 
-10.003331915915 15.553085900397 
-11.873621756951 12.866420789019 
-12.895992417804 7.490605060281 
-11.641956716806 9.8722647767247 
-10.877371188152 14.294847990692 
-11.352866440291 9.714232322646 
-9.2985369888264 6.8524595451742 
-9.9159203572099 8.6108841223455 
-12.771343593456 8.7806163119805 
-11.21663734913 11.794518598024 
-9.5088583279656 6.4383299566836 
-9.6198614248816 7.5424363796579 
-10.260041297398 12.214884542448 
-11.364028840646 10.36430674304 
-12.602457048682 6.9816212306467 
-10.48987712745 8.6513447214843 
-11.357768814038 7.2904852409568 
-11.787532730514 8.260701297453 
-11.588220014609 7.9734329115055 
-11.466438320553 10.403640914142 
-11.014369819494 11.484898270987 
-10.074067523657 8.762869704596 
-12.798997693536 6.5678282116509 
-9.8842249636432 8.1849146405962 
-12.966122629961 6.6008801929923 
-11.458683311772 17.047969254988 
-12.628845259768 6.5685766108554 
-12.481791588483 6.6792490211853 
-9.401297608565 11.744777085595 
-11.02943391853 9.6983100608312 
-12.040385011476 8.9581625411786 
-11.71938132455 7.7239610852589 
-11.483110750304 6.7347227412017 
-11.101426523443 8.0323601014904 
-9.8486123478765 9.5382994866681 
-12.272629123482 9.943477348973 
-10.875876921556 6.5713709470078 
-12.101178189718 10.709273634102 
-11.888706476864 6.6777823598906 
-10.90912556133 7.6822659844228 
-10.089615685215 6.9745187439487 
-10.256146726664 7.3587919037098 
-10.921029898409 8.0650850245619 
-9.3566449594616 7.91407103435 
-11.880875832039 10.721424978743 
-9.5978317019066 15.000477258382 
-9.8314587949366 7.3216475465658 
-10.630831776381 8.5881035759628 
-9.7935177685347 7.8186029311053 
-9.1355248863087 7.6906202994322 
-11.233958920065 9.0550556101084 
-9.9299742447365 9.0950317887105 
-9.762188556881 12.041827157866 
-9.1379332372646 6.4733568036096 
-11.522661658376 13.703012358887 
-9.367187848155 6.4331078249887 
-9.9712472928792 8.3792934507876 
-12.279732838448 7.0031033213277 
-12.047853353651 6.6648337798892 
-12.501621625386 7.2219957571625 
-9.8254141699152 7.5180227393293 
-11.034795841117 7.3380401407535 
-9.6125058937562 7.2566372046329 
-12.124562163011 7.0121006883617 
-9.4793995324364 8.213810522008 
-12.947426782169 7.5835769562338 
-11.338867156339 7.6876916615687 
-11.610063744061 7.6465633881824 
-9.5563368359732 7.1548686401971 
-9.5962833894776 7.3642728625516 
-9.4507828606634 9.8040572243032 
-10.715730053298 8.5715130446063 
-12.174882761883 9.2632793710168 
-9.4546028572791 8.8059573231804 
-9.3421844059019 8.3529577312724 
-10.528195258904 7.2353723854808 
-10.904524323773 6.7366606988469 
-9.2286308933104 7.2716818518988 
-13.03818409813 6.6062886234103 
-10.659157979179 7.813585380259 
-10.442044303908 9.4264134108428 
-12.763709046139 6.8573092034259 
-10.422233439698 7.6376316762536 
-11.40353100613 7.5181149541609 
-10.960500987526 6.5620361201996 
-9.2831018272397 11.921980378556 
-10.870110996459 12.236102379131 
-9.2427959808233 13.198775848947 
-10.120375475811 7.5904438583269 
-12.350307886378 7.2100805866516 
-12.278561941833 6.8990506835269 
-11.85909958286 7.4836281130058 
-11.662898799985 9.8883557718919 
-10.547204603788 7.7578041615903 
-11.111084213976 9.431366278994 
-9.4227895493994 7.3959726591444 
-11.267685324571 8.8701671211818 
-9.368378889469 8.1691178250066 
-11.206936904279 10.378203251242 
-9.3134366388412 6.636151586812 
-11.207346834047 7.441511760184 
-9.9117739143772 18.669593232261 
-11.605854270764 11.846487232331 
-10.095576942653 7.6116282416354 
-11.291671692208 12.885257118724 
-10.064739740479 11.65214013741 
-11.160682377874 11.471447902429 
-11.598061510858 11.670458166915 
-10.660113257387 8.1470222172885 
-9.4224587384653 12.243473885074 
-9.8931643586719 8.8348014145251 
-10.104511456849 8.0963420123111 
-11.3253027297 8.785878511173 
-9.743219039275 9.4284593403512 
-12.422631816902 8.3750135432279 
-12.127116936233 6.4884642100365 
-12.818667467584 7.3547271504376 
-9.3151418196067 10.906259084457 
-12.42497755982 7.0308854329115 
-11.102143279558 13.647063987893 
-11.537413845566 7.5254498167172 
-11.415220011787 7.3532857840595 
-12.668970083123 10.43746000606 
-10.967593922743 8.5550322024863 
-10.947258515587 12.503025632347 
-11.227307184328 9.929165925967 
-12.558771550148 7.6237631157045 
-11.045699952298 8.0803885701485 
-12.040205366912 11.227229039636 
-10.492988921428 11.325934375806 
-9.9778364847068 8.4700704526825 
-11.012977811068 9.5160237219834 
-10.36102577745 12.608788972416 
-10.528487385719 9.9758733715501 
-12.071106183412 6.6855188813935 
-11.675572427225 6.6489583763164 
-9.2548972942499 7.9767559271588 
-11.34721567317 11.013788140287 
-10.903659919583 11.226160919921 
-9.1402464799021 7.4675303657232 
-11.239098039398 8.7312514348083 
-11.671559741207 14.481685914799 
-12.454185185433 7.0987472546773 
-12.933289463063 13.893429286367 
-12.820730312426 6.8258075895078 
-10.299288077532 9.5251063548385 
-12.253964114366 10.249032450876 
-9.5486643683397 6.9926192249162 
-11.203396589991 16.628729894052 
-10.082845440875 10.925135072363 
-11.845599460723 8.0200546815082 
-10.42756814269 8.1851611775507 
-9.2162642520546 8.6817096144022 
-9.5115400988477 8.327357281509 
-11.478755053333 7.6492019541417 
-12.241306678297 8.4364022206868 
-12.845751392067 8.7715548645982 
-9.1695588997025 8.9773483174022 
-10.394298643895 10.285902589519 
-10.630755177699 8.8105030737586 
-11.535988464647 8.5114013672698 
-10.100983790153 8.0653887424883 
-9.6420976908055 11.453233885657 
-13.010401332484 7.5243773731575 
-10.651271991466 17.041998137745 
-10.869458175724 10.616283262464 
-12.46074324967 6.9772697457231 
-12.223797056413 7.4840106767986 
-9.3719000673659 6.806494531177 
-9.3833627908118 9.8974083825018 
-12.3332136758 9.6203373398452 
-12.978791860765 9.1404675200567 
-10.626843648078 13.488178821041 
-11.627432850583 8.9440998709656 
-10.395792649296 6.6114670179121 
-9.5418249333541 10.488927112369 
-9.4266054810423 9.6629387687364 
-10.008768619284 13.163425165678 
-9.3225743949324 10.594161273413 
-12.167943460987 7.0128419554662 
-10.268525708051 8.368679393114 
-11.638736417832 6.6069016372905 
-12.141859677598 6.4671565426512 
-9.1318682206872 9.4327856163808 
-12.023427335581 6.5236958252237 
-11.703832946701 9.0316679690436 
-9.6816144630635 8.3605382747176 
-9.8948652189984 9.9587230222802 
-12.330166726854 10.491101431063 
-10.214930446612 11.814190314422 
-9.7002556161313 6.5106712781281 
-9.5577294116696 6.485946552267 
-9.3851092968429 9.0785197465657 
-9.2854570114873 9.3229238254368 
-10.918396837294 11.502311947335 
-9.7404686838448 11.043376742642 
-12.674456747208 11.098065855605 
-12.081267799876 7.4852099570685 
-13.008760262082 7.6089112049622 
-10.314331218488 9.8568152513712 
-9.5029447928373 13.032409484037 
-9.6292766307658 7.4892426667211 
-10.999053705114 10.768737670879 
-12.565007895928 7.2921483857797 
-10.857996348402 6.8585710266953 
-10.436477696386 6.8427375573945 
-9.779171085303 8.5942927551936 
-11.529358557188 9.0904563353581 
-9.1633883936761 6.6264955961655 
-9.6023779546352 12.218246640167 
-9.6895604816941 12.18373256721 
-9.4472107585901 10.60454613967 
-9.8677376825467 12.374556398387 
-12.186909312438 6.8724532096294 
-12.223472124244 10.768562215605 
-12.355234195626 6.9537006238985 
-10.383051909832 9.8019146036178 
-10.837806649346 9.3066181726552 
-9.2351457007126 13.746535678642 
-9.5083871295435 7.0705766074512 
-10.034187520947 11.841984468078 
-9.6160314392013 8.845000853693 
-11.586873902971 9.572372831886 
-9.2908774423279 13.051765275997 
-10.64688558394 15.388503887797 
-10.975589590323 7.7670440503696 
-9.3709446707361 6.6536501963515 
-11.737561448124 7.5079341760004 
-12.681019052912 7.106174674352 
-10.826831314284 9.5853786038151 
-11.615645167622 6.5054933274446 
-10.693771679109 12.424210773036 
-11.615198827272 10.67228109221 
-9.2925512741437 8.3301039848418 
-10.025740909727 6.8321520494988 
-12.763760152759 8.7167278458794 
-11.374977314898 8.4815252192361 
-10.387119207821 9.1938702441301 
-12.354563493622 7.289764207751 
-12.104718174494 7.2662761931757 
-10.826373641681 7.5449962158109 
-11.799193777981 8.7957167227721 
-12.69425217215 9.6494764777655 
-11.751441023967 8.8390896532739 
-11.201026610012 8.7787126100985 
-9.9022936099557 8.6052130458079 
-9.6190284860379 9.1830918802914 
-10.345169817429 6.538198269102 
-9.3855245514343 11.260063535739 
-11.187370767018 9.0402604805352 
-9.5933490559584 7.613312434367 
-11.292474549403 7.5122914341529 
-12.465000137193 9.1259667655091 
-11.149469674681 6.6867176014177 
-9.8146135990752 14.038773446305 
-11.905283251996 6.5325228075574 
-12.537006965325 6.8136811255966 
-12.435057753797 7.9520231680575 
-11.419879378495 10.315883016437 
-10.074007536656 6.7994796989686 
-12.246690774676 11.071472106656 
-10.080571781253 7.4413508716849 
-12.681409600453 6.4388029122124 
-11.681296025172 6.454355958944 
-11.113388666854 9.1176013123448 
-11.059709057251 7.8136010511261 
-11.525667653783 6.7170852002563 
-11.076092987598 10.960000326434 
-12.946944616702 6.6617513542768 
-9.8722576336824 10.217760536085 
-12.859226910181 7.5312157266146 
-11.379747656587 6.4664444377188 
-11.916925706157 12.633468340967 
-12.729148066399 9.9183341153979 
-12.813228066952 8.4767795522176 
-9.8233722197546 11.916218001908 
-12.43145941591 9.9362788910995 
-12.595489647021 11.001068171162 
-9.2454146868557 12.466439480954 
-11.176067815938 8.4388211872326 
-11.641029684369 9.487079102949 
-12.917938648876 8.386974449936 
-11.575402942739 7.4000599102669 
-11.531319121162 13.405463770753 
-11.60833579827 8.4186050547975 
-9.2497629165487 7.7884755393934 
-10.509854987377 7.565747422095 
-9.3459510799364 8.0433182884679 
-10.668755465193 11.961112210355 
-12.687552760082 12.083661394699 
-10.06356291173 9.264986469094 
-11.22995298176 11.195790259763 
-10.38632486151 7.4092874359673 
-11.669186547706 10.383579792861 
-11.51701420603 12.373956301942 
-9.6469065298918 9.4228190727191 
-12.155923678325 8.0721996764282 
-11.676334635431 10.631717084882 
-11.963447673555 18.853588799707 
-10.879358011466 11.168671482121 
-12.538361405332 8.7688419853066 
-12.462944039379 6.763004991635 
-10.84900180034 9.7859260046845 
-9.8107170424514 7.3105634738116 
-11.044680202211 12.313311205862 
-13.016249753317 7.3016002926056 
-9.4228853022078 7.4631379673013 
-10.045057298151 6.7799120243361 
-11.29729665035 9.4194454152197 
-9.8291553337853 7.2973094408113 
-9.6580832503862 13.561877675225 
-12.914200632374 8.0828783302271 
-12.597805823558 8.8909804688506 
-10.542052822916 13.607923543485 
-11.054948025413 8.5129427719557 
-12.896408254929 9.6061555733897 
-10.498018242216 8.15557373384 
-9.717327061355 9.3155972745355 
-11.393334492592 6.742882883207 
-9.2765250067983 8.5241673346865 
-9.4760836167485 13.409639994284 
-9.7432059342767 7.3982005164959 
-9.9780376859508 10.599267017133 
-11.75504958161 10.037669407698 
-11.411595892157 11.830260281739 
-9.8995192825193 7.452664956492 
-11.248437611733 7.0882831929659 
-10.449714599901 8.0170595700321 
-10.522821421392 8.4217886849601 
-9.2940057145598 8.7862345809079 
-9.2219691052656 6.7437266003708 
-9.9421075798113 7.8146887243057 
