-7.1999439935738 -8.0244903269803 
-7.974772134029 -9.8460421190164 
-8.1409284870197 -5.7474562298581 
-6.3519861405142 -8.4342940318396 
-6.1098732367784 -9.889299526827 
-6.3286633044582 -5.9331449707534 
-7.3185269116204 -10.896857278083 
-6.2878848541527 -9.4060901628993 
-8.1245194422565 -9.1493582258891 
-8.2894082765116 -7.2129701715161 
-9.1748166410903 -7.8157802457026 
-7.2344621251793 -6.1670614082583 
-7.0796209250153 -7.5104234121677 
-6.8362819588157 -8.5471512114971 
-8.4742729541269 -10.223009097075 
-7.3816076171242 -8.056017994513 
-7.6843032944725 -8.046925087871 
-8.7525366937326 -6.851422575826 
-8.0066636883399 -5.6230522104365 
-7.1838255635279 -7.9666710100926 
-6.838234651428 -10.490139934216 
-6.3155973254403 -7.685449075529 
-8.6406913741294 -7.5418110205272 
-7.383450044304 -10.713981299674 
-6.7381517583532 -13.030844514936 
-7.4870916821279 -10.364198957001 
-6.2132044924293 -12.569141621567 
-8.8768013685094 -10.660487389913 
-6.07963961593 -8.9978533832148 
-8.3537892158078 -7.3893006786849 
-9.1061031223399 -12.427550460469 
-6.3344456500923 -11.492851995044 
-6.1127370984008 -6.1599711967988 
-6.4054060638866 -6.8814347472466 
-8.6282156922373 -11.618034076425 
-8.1493702476705 -12.999540662229 
-7.4930172630056 -9.9438199796044 
-7.101299602445 -6.7479418103696 
-7.7029274510653 -7.7600894581415 
-6.8763149647239 -13.03175349605 
-9.0309299097974 -6.666799358994 
-8.1825994645973 -6.2909469338847 
-8.5665984078297 -7.0065052787895 
-6.1895866711773 -6.8470845339283 
-8.6526848765975 -7.7551800109282 
-6.4736571822983 -6.4745044545029 
-7.8106093633404 -5.9995762161109 
-8.4251180896306 -6.676186031471 
-6.3368761429837 -8.9954508598442 
-8.3026988032255 -7.9822986926674 
-6.2183961759274 -10.407383073933 
-6.1809403173979 -8.5534602942247 
-8.3665609516295 -12.718678971516 
-8.6048713122228 -9.1891156820647 
-7.4106313243225 -8.8883459857352 
-8.4811496470451 -12.409836245385 
-7.495834654333 -8.6969854660639 
-7.309950355816 -8.2801940058568 
-6.165936882747 -7.3774369923148 
-7.7459364593179 -9.5157360068752 
-6.3646449322841 -6.8721974708645 
-7.9524592182236 -5.7647742041621 
-7.1946393995339 -5.5723345989219 
-7.2339651683409 -7.6367914940653 
-6.8731309303729 -6.5486861739429 
-8.0689057922856 -9.6820436920963 
-6.3755271236187 -8.6248798802837 
-6.4791674982362 -6.518703181686 
-8.7428337961016 -8.3715160562973 
-8.0005599001721 -8.2228979187133 
-8.1496001231008 -10.208119055286 
-7.7150654358691 -9.9461466207924 
-9.1975877817214 -5.8305871674697 
-7.9676617116299 -7.4857274005727 
-8.1883883230004 -7.1864909267061 
-6.3128047977422 -9.4102687670266 
-9.2627781396391 -10.248087469952 
-7.4971563129063 -7.0997792675839 
-6.9846790269407 -7.6636068270286 
-8.7610248365647 -5.5905402314077 
-7.3682272563934 -8.3296708703153 
-6.8767773695247 -10.083935341618 
-7.9591069265003 -12.49666145538 
-7.55480913121 -6.9008642586946 
-7.1518626623543 -8.3192641871036 
-7.2544301064532 -10.404962342834 
-9.0166951083076 -11.541723420263 
-7.9151319093991 -14.394348051329 
-8.0821437294398 -11.249348400153 
-7.0708738889775 -15.12338948884 
-6.7812213151509 -7.4358228856139 
-8.0570600856636 -6.232201958362 
-9.1496830827791 -7.7218878830485 
-7.4792083602219 -7.0891538904687 
-7.8671201162769 -8.4079672986046 
-7.8346562045793 -7.6681030783117 
-6.1764401106796 -12.160549424854 
-7.9347041978474 -10.092039405786 
-9.2114408125567 -6.1539166861576 
-6.5821871655569 -12.760835961848 
-8.2951316344778 -5.9691094190259 
-7.9475926729849 -12.780087245867 
-8.0384496300948 -6.6391146427256 
-8.751886458691 -6.0433773309507 
-8.2317002799411 -6.4840316899305 
-6.6182268550761 -7.6955246031432 
-8.2342576406399 -6.3625101817239 
-6.3112133235938 -6.6369604632994 
-6.1023922916838 -12.469045567634 
-9.25626827965 -9.2290252589159 
-7.5634497361375 -6.0280164403187 
-7.61665593478 -8.158253839093 
-9.2448966727791 -18.166108381298 
-7.2612906675237 -8.1418428002511 
-9.0456411518324 -13.876446809331 
-8.2477695299099 -8.4572311703557 
-6.4321862480324 -8.2275081776274 
-8.8930405384037 -6.1202380861789 
-8.9850681651286 -6.2431903459856 
-8.8967345219349 -8.0734593651939 
-9.0567023657759 -6.4551445920233 
-6.9342572687886 -16.551867152226 
-7.7912541619881 -8.3244814946803 
-7.9396448438826 -7.9145747467724 
-9.1282202208776 -8.386319607926 
-6.7394754953957 -12.876664501574 
-6.7486510396789 -9.6820695904444 
-6.5805327354928 -9.5747002904313 
-6.8308524111125 -8.0539070448924 
-7.6190408356084 -7.3331830129951 
-7.3884230836836 -8.2328563429709 
-9.2078482378186 -6.8853750648715 
-7.7622065791417 -6.1183600286278 
-9.1799326021831 -6.8147623375822 
-7.1013132502257 -7.129766989646 
-7.6000288473397 -11.452814240325 
-8.3382331861275 -11.82425415028 
-6.6896186384778 -8.4100320248317 
-8.5262685981572 -5.621926818995 
-7.2930586573594 -6.8755795701683 
-6.37106397395 -15.894349207902 
-6.159322159616 -9.2650658746224 
-7.6518537833318 -7.8306412491233 
-6.7707066702593 -6.6461533872822 
-8.7519052126552 -5.8056220911159 
-7.168609051473 -5.6012500344013 
-8.2933913045936 -9.3142312787212 
-6.3440322552832 -10.337677033712 
-9.0778800895241 -8.7567390275659 
-6.6144446374455 -10.834805403535 
-7.1733141433687 -8.4245491551242 
-6.432303375301 -9.0273203118277 
-6.2250730500507 -8.3221647726666 
-8.3618561392811 -9.7838063223279 
-7.2755946732984 -7.9927784326437 
-8.2565370035982 -9.8888785592629 
-7.2738999535802 -6.0168114221655 
-8.6946214479104 -9.2778427013993 
-7.3085408440333 -7.6546694104323 
-6.3488541300647 -9.0906808729849 
-8.1276013819364 -6.6876950189646 
-7.0540445584745 -9.0680229477189 
-8.3989896075698 -5.9906031632131 
-6.1164481408433 -9.1197833095131 
-8.2495837634675 -6.3729504551621 
-7.6948897093417 -6.511609248221 
-9.2332888300034 -6.2298571520738 
-7.4775569932239 -6.5394595560675 
-7.7063103044526 -6.0995317646355 
-6.9742672936706 -7.034922193547 
-8.6762086743204 -11.418104323117 
-7.4481663669571 -9.3284899139774 
-8.4339691100642 -8.1297720337217 
-7.7323997917992 -7.1685772695771 
-8.071891027248 -6.3172472247973 
-7.4741232054348 -7.4545399698987 
-8.9680040051905 -6.9875690284609 
-6.1635622406458 -7.1967191550667 
-6.3326755658433 -12.252719714053 
-6.3775498533635 -6.4032191507951 
-8.7177171170286 -7.5806818397006 
-8.9014317116693 -7.0957592849262 
-7.7490213512917 -7.0731215901277 
-7.7149033617722 -5.9657669559223 
-8.4197882924217 -7.6481517210705 
-9.0403793365656 -8.1088060789626 
-8.4662902421871 -7.7403472123032 
-8.1400968526279 -5.9074813762611 
-6.9927029085508 -10.703841042182 
-9.2274982661673 -6.0582559871728 
-7.4824764390427 -11.145584662819 
-8.2454170775515 -10.174608611581 
-8.1378911658939 -6.4901347201707 
-9.1106342515669 -8.9109436846518 
-8.2967118522359 -6.3419058509756 
-9.2441168320569 -8.0680244005336 
-6.5358328935958 -8.4200028023242 
-6.73128547676 -10.167075264861 
-7.9178643307739 -6.2474378509073 
-7.1029227378675 -6.0450757576856 
-9.2130064268508 -5.8004979576461 
-6.5865819862779 -10.110631755186 
-8.784127057703 -9.5428574037491 
-7.9286170690355 -7.417407370937 
-8.0083664839843 -6.5244966755384 
-8.3517727445302 -9.5791475583614 
-7.9711183802565 -7.5455831745302 
-7.1764731593076 -5.8201182651774 
-8.4054733648926 -5.9305577804845 
-7.1030795551141 -9.1133138288593 
-8.3423543119691 -8.1610931912751 
-8.1452244980195 -10.420117052267 
-9.1373644656174 -9.4005870533798 
-8.496675487402 -8.1650314766825 
-8.6639153811506 -5.6576949330496 
-8.0630545007548 -6.2925492844611 
-7.8250845739052 -6.6583457414289 
-8.1848350937656 -6.0058812424964 
-7.1746820735699 -6.6719235218481 
-7.766848005809 -7.3264946611818 
-7.2768201566486 -7.4483942182654 
-8.7610188658123 -7.4100993686654 
-9.0318358625715 -8.8381621293193 
-8.0656580696598 -18.892557991722 
-8.0353733209777 -10.111311237859 
-7.292500190149 -8.5406506424084 
-8.9645443546464 -7.1872167613744 
-8.1024856206626 -7.1260077696142 
-6.1967350992726 -7.9202977568619 
-7.6820871531847 -5.6952632732567 
-8.6110596030142 -6.2681601475691 
-7.6986904959254 -12.550987255774 
-6.7531075834944 -6.4012929566045 
-8.3132564344592 -12.704169748966 
-6.9753703430973 -11.530166144992 
-8.0192179111943 -5.9839910272872 
-6.3062025870151 -10.788679054134 
-7.8133882959339 -6.0500173368871 
-6.1337244532089 -9.2603130013763 
-6.9188107524235 -5.6401014243076 
-7.094737373066 -9.9002121487911 
-7.0537348753351 -8.1737128993806 
-7.7844251080375 -11.76995822253 
-7.2118174403257 -7.5273978527979 
-6.305367131808 -9.0746322529136 
-6.9056417916924 -8.7015526833466 
-6.2029253255147 -14.388764511205 
-6.9460980917147 -6.0041265559329 
-7.6172439820462 -11.058109993565 
-7.893553572095 -7.8638228732407 
-7.6233923181797 -11.053287064779 
-6.5402641742337 -7.5350443663553 
-6.903863541592 -7.735672520049 
-9.2254926713706 -5.819001032483 
-8.6399021017474 -10.351793658567 
-9.1309918038068 -5.9350716038764 
-9.2204667735876 -5.8069727621172 
-7.333646723705 -10.69841956236 
-7.0342555820936 -6.9447715940598 
-9.078995187232 -10.585489063598 
-7.0079635305664 -6.8195078951376 
-6.2618429141279 -6.2616296676277 
-7.5220202299635 -6.5949280020828 
-7.9096558502101 -7.6862723282513 
-6.7003922137191 -12.009630992126 
-6.5898984522177 -5.9409489147124 
-7.4706557447173 -9.5661548144088 
-9.2274759298629 -6.8745475722364 
-7.9785889156146 -5.7450916109876 
-8.9992512803889 -5.8298464126842 
-7.7921748954329 -7.0756028660997 
-7.1109865788528 -8.1046786078629 
-6.3249746217466 -15.596424526992 
-6.5567534916282 -8.4875679152636 
-7.0329094521564 -6.6372221455479 
-6.7488808723207 -8.9301187864273 
-8.8062684877693 -6.9625461817002 
-6.683439037859 -13.379958375724 
-6.6957801285022 -10.372426576352 
-8.7503013790122 -14.101655278458 
-8.9736701090661 -7.4395782382685 
-8.1838326823501 -11.110775167734 
-6.8660003154801 -5.673925668708 
-7.4858654682345 -9.5559290270966 
-7.2516197794847 -7.6730901295622 
-6.6435653912856 -6.4869927601531 
-9.0167132395127 -6.5690480487255 
-6.5541321528012 -9.2053904545961 
-6.8673076475167 -20.800452550931 
-7.4210231888539 -7.0275453103005 
-6.2808660081291 -13.812566148167 
-8.3970872625459 -9.8956602843583 
-6.7484051963266 -12.440211340139 
-7.5632917617222 -7.9958947616089 
-6.9419850838781 -7.571123292976 
-8.1472128011559 -8.7693586104658 
-9.1087908199094 -9.0942966171216 
-6.842711326152 -7.8985371731931 
-6.0820912093636 -10.74956477934 
-7.6307221537909 -6.9291314163307 
-7.7415920187633 -11.452801003332 
-8.5638263517431 -7.1100321182137 
-7.6668152319926 -6.8284453662372 
-8.2828067728302 -10.243536587062 
-8.4034956983722 -11.091712821922 
-6.6206695401406 -13.536917253995 
-7.2200993275178 -9.2200345316415 
-7.3085101520851 -8.0963083969156 
-8.4128645140207 -8.7943636277558 
-6.9786623872223 -6.0437824975586 
-6.5624489712322 -8.0652350981876 
-7.5684110349359 -6.6651266630432 
-7.1276649110216 -6.2219248051994 
-8.0601394206975 -7.4447202638951 
-6.692020163777 -9.6302775974537 
-7.1626423881916 -5.650705815332 
-7.517339145451 -8.9766702833933 
-6.4474711679575 -6.9241275628316 
-7.5994006229961 -7.9522559553706 
-8.8656828066393 -5.5983722512648 
-8.0908514691828 -8.7463629957008 
-9.2139187651088 -14.979592510523 
-6.057401324989 -5.9580868959004 
-8.5929702854766 -6.0406950309863 
-6.5399243298388 -5.7295519438406 
-7.8627223866709 -8.4507026036865 
-8.4405969107333 -9.3033724610835 
-6.6099317130597 -10.598702537798 
-8.5470633232721 -8.1297146890132 
-9.2195155049737 -7.0913530559176 
-6.125534640355 -11.361897654103 
-6.2356952663007 -8.4070648096559 
-6.6565973918134 -7.21411970768 
-6.5453249187826 -6.4545451089865 
-7.9234583694644 -12.171336987736 
-6.9817500259469 -11.614045709596 
-7.7231720124086 -12.841736331697 
-6.4804683008231 -8.9976696373776 
-7.0936324881561 -9.4143018594928 
-8.0993558458929 -5.6446143791379 
-7.0905336447327 -9.9688188419153 
-8.2145512579207 -9.6663432409575 
-7.5463147719558 -9.6938086916511 
-8.0009437307188 -7.9367419362888 
-8.0383418218448 -9.3772176854327 
-7.1935464550442 -8.6791549978366 
-6.2397786938459 -8.1118814742049 
-7.3153431117417 -16.30612327713 
-6.0721645015378 -10.536153657758 
-6.2437228245749 -12.060906646998 
-8.4214486076095 -14.305569797553 
-9.2421247654106 -7.5080587188686 
-6.8995317041288 -7.3564278659315 
-6.9065364900118 -10.8885673454 
-8.8365485059831 -14.70620147259 
-7.3656988242732 -11.950798723345 
-6.433225212144 -5.8101282751574 
-6.7172255457024 -7.808044506686 
-9.1064555649961 -10.455780401774 
-8.0666547873324 -8.8736307631171 
-8.2947093483577 -5.8938635213419 
-6.8869701119567 -8.140915562868 
-7.0962835723825 -12.204919254298 
-7.1634736732788 -11.430684753176 
-7.2501931596664 -7.9566231728757 
-7.4818645396799 -7.6658677312902 
-7.5997812516525 -17.191874701303 
-7.5854810470163 -9.9834116828671 
-8.7231208301223 -12.561041050509 
-6.9918294911181 -19.36397427057 
-8.1092839608262 -5.7253483649125 
-6.9463810750415 -9.1685729116145 
-7.9942506670315 -15.724793884326 
-9.1225541754462 -9.2856395299059 
-7.9967826450531 -13.723463461853 
-7.198842366726 -6.9481840957447 
-6.9326008512827 -6.008283002774 
-6.5111378705424 -6.5351947634103 
-7.65644580744 -16.450043640846 
-8.0777927846948 -6.3103473072651 
-8.0033803990488 -7.5650859895092 
-7.6164708357062 -10.846811996819 
-6.1315759191732 -11.275223958794 
-6.3298872896551 -12.24684332007 
-7.6586479619101 -8.406211479613 
-8.6651076651438 -6.7938885444229 
-9.2007263270976 -11.316811998234 
-6.8338739746868 -10.315696919365 
-7.4039159385157 -5.6622929164848 
-6.833955371589 -10.312166888117 
-6.981927412946 -7.7635870479263 
-8.6089612616273 -6.1126993297444 
-6.4178328797052 -12.845661368504 
-8.8893840656859 -12.25464486552 
-8.2387377575218 -9.8630871734854 
-6.9139811540955 -9.6608700168276 
-8.6794029908119 -10.662107362588 
-7.6583678775027 -6.216335045555 
-8.389726986848 -9.0442869124555 
-8.2796692725073 -9.4008702622733 
-7.4258729831477 -10.787166131845 
-8.1045734529111 -6.1363950652007 
-7.429529663415 -7.5545178303494 
-6.7834738364393 -5.932281042632 
-8.8338840683127 -8.1787698356672 
-9.1637117285146 -7.2281332668053 
-6.2037590374517 -10.048132578996 
-6.7550681185315 -6.1439998029054 
-8.8585114878055 -11.499438761744 
-6.5650341591369 -8.3982436939544 
-6.1211841179527 -15.278665472604 
-8.7609756241957 -13.423580637725 
-9.2496619838415 -10.424383203323 
-8.1054612625996 -9.908888501983 
-7.1008491800509 -6.6492473244794 
-7.1194964174567 -8.34609453608 
-6.1914389827348 -6.2837701874303 
-9.1635668909737 -9.2977457539918 
-9.2365295536449 -6.1895266138219 
-7.8008400172772 -5.7838514026799 
-8.200035343622 -6.6575646077723 
-8.5958201197747 -8.7747297365199 
-7.7484409325473 -12.005721667751 
-9.1808128067156 -8.1289960158205 
-6.259923854904 -5.6714315569433 
-6.8980972961832 -6.1546910638115 
-6.7230441123834 -11.117783802396 
-6.2029629157583 -6.3953222150643 
-6.1175624507406 -12.011837982809 
-7.5071286553008 -14.089310263486 
-7.442839437815 -8.9649762030546 
-6.904051491186 -8.1872344527557 
-8.2347512869037 -8.8947112953077 
-7.5117018139358 -6.7496809299094 
-8.0217087857358 -8.5696698432847 
-7.4313310647571 -6.0009457188497 
-6.8241607729964 -11.104000718035 
-8.0066553924636 -12.633911818806 
-6.2315940107073 -9.2699700070739 
-9.227359440435 -12.732613720474 
-9.1803757661472 -11.517173134139 
-7.1079870544417 -9.3759174824576 
-7.1037009969405 -10.275663474274 
-6.2437392290938 -8.0334421345442 
-8.5682464566701 -8.0252030995142 
-7.4034799822286 -16.16930991124 
-7.7580471635567 -7.4241736249658 
-6.7785551879367 -9.6858114762442 
-7.8475260106491 -10.457467893287 
-8.1768527448745 -7.3044048350284 
-9.2015802740768 -7.5238469241646 
-7.0632470907654 -8.789376618006 
-8.4675771293322 -7.1904311816331 
-8.9318165695556 -6.5493957037467 
-6.6275930319963 -5.7215763518338 
-6.3955387878153 -5.8689663852031 
-7.1799980906728 -9.7396785397831 
-6.8386731912071 -7.9478309219878 
-7.3439130090993 -6.909704901568 
-6.5422721740485 -8.8483371056068 
-7.1510239388436 -9.1349485186252 
-7.9154496048208 -7.846801531138 
-7.1038001293593 -6.0024195827225 
-7.3564564033013 -9.6176891715309 
-7.3888228127937 -5.7493807872589 
-7.1727602869184 -6.439251120972 
-7.956992393232 -8.0479751136637 
-8.160618180141 -7.0107614123071 
-7.3547376357787 -16.938883392268 
-7.5684747467161 -10.521837804645 
-7.8891862536427 -8.1908199165734 
-6.8467403332608 -5.7832206812674 
-7.9092187126928 -12.449173201321 
-8.4294361885665 -7.208353005115 
-7.7900082609503 -7.0697887934303 
-8.9741479236614 -6.913039471263 
-8.603952875862 -5.6478488680642 
-6.4645223047119 -10.235039605704 
-8.1366087716143 -17.357940806189 
-6.7394587087262 -8.7793585582633 
-7.5155315211342 -6.0972769265802 
-8.2384653764314 -9.0034493128902 
-8.79387372696 -6.7685959688419 
-7.4923689705594 -9.0207594484062 
-7.2210674347006 -9.2140670978677 
-6.1330446177024 -10.120850344464 
-7.3777706920617 -6.191767428008 
-6.7579165198192 -7.187002297134 
-8.7078575208466 -12.579525901384 
-7.900259273235 -8.101288485946 
-9.1831302252522 -9.6169036875603 
-7.2314758312789 -8.6109621182375 
-7.0090891784735 -6.1534823989029 
-6.7812208154759 -8.660215289039 
-6.648355252965 -11.409153217104 
-8.0386850165685 -6.915894430561 
-6.9734985921001 -9.0939387631922 
-7.426743285139 -12.230720038315 
-7.4844772620347 -8.6922396887512 
-6.5147428520618 -6.0807526537648 
-8.878026145852 -9.0153784695913 
-6.674365948051 -5.9955687284041 
-6.6455811278949 -8.4412847799783 
-8.1269983937479 -6.6740500886499 
-8.2005448790325 -5.6856664885272 
-7.840354821631 -5.7694200129604 
-7.9295190184931 -8.6461121284581 
-9.1546062001038 -8.8638477702696 
-7.2492047053045 -13.314861101641 
-8.0929911361456 -7.039171196105 
-6.7153758381733 -7.7132749006137 
-7.0569959135493 -8.3757904685717 
-6.1215856898351 -7.2825823131974 
-9.1005413413452 -10.771201263143 
-8.6705948690879 -6.4497125451432 
-8.625030990749 -7.1275058059434 
-8.5276706824909 -7.9429661949541 
-8.9809327773892 -8.6793605945436 
-6.2858485258968 -7.9729651682297 
-9.0512971630101 -10.967459744034 
-7.1298748859871 -12.720699146265 
-7.0463345599762 -6.2154274472143 
-8.6767050838107 -7.6128431587068 
-6.6910725780561 -6.8083107593748 
-7.2707506524307 -11.98959056389 
-7.4870628263996 -7.9468297047173 
-8.4740032188243 -8.7435211768483 
-8.2475767611079 -11.284347736752 
-9.1536111608397 -19.388789759888 
-8.8243254336017 -10.057978820166 
-7.5657490355656 -10.210436206731 
-9.1308529534463 -6.0333222396997 
-6.1372525594559 -7.9836105699481 
-7.2053823888152 -6.8820494392584 
-7.7303909757844 -8.9233851012909 
-6.8846479775762 -7.6429553126839 
-6.4410461102116 -9.3052968861419 
-6.4130811348147 -7.538244882861 
-6.7030146068355 -8.6149570835528 
-7.1613016296802 -5.6533003127312 
-7.0940446123229 -7.7532849407666 
-6.3380597488887 -7.2947093860198 
-6.3037002584678 -5.9250045234082 
-7.4448787289129 -10.031180211565 
-7.1547417637274 -6.8023110252629 
-6.1479722056252 -9.753721411334 
-6.9338700680976 -8.2722152301033 
-8.0723265042747 -8.3525530957151 
-9.0281414904768 -12.525505712534 
-7.8821285666632 -12.734678240604 
-8.4058990569565 -7.089148484367 
-6.6197031613975 -6.0231998441904 
-6.9657581581793 -12.756285068114 
-6.5500262844314 -6.6418055868116 
-6.6796015454812 -9.5410591321318 
-7.0925682024681 -5.8025804355918 
-7.4203750954805 -7.7495603917166 
-7.7046858094349 -7.3909215620747 
-8.0651390260317 -5.6202297721452 
-6.4931823141701 -6.7372535573917 
-9.1761561291086 -13.724318956594 
-7.505081618657 -6.9864989231684 
-6.4673537808347 -11.495402600343 
-7.1328055432058 -16.097158855482 
-7.0106951360563 -7.7218146095291 
-6.7656709903686 -6.1953616601051 
-9.2552219665102 -7.631905638057 
-6.4156355666122 -15.2948094451 
-7.5127967697096 -10.726222729216 
-6.0828608038969 -9.6361636827195 
-8.3452595608631 -6.5416651686389 
-7.4051440708699 -6.3691940220535 
-7.8786445529002 -7.1537567990838 
-8.471828160635 -5.8527100722302 
-8.876873518458 -6.5995084359775 
-8.8791457721473 -6.2547452157197 
-8.059332133297 -6.7745371592512 
-6.9832360250571 -5.8092453452817 
-8.9065128958066 -9.1128432467899 
-6.5051078705318 -17.669262009417 
-6.2233208132762 -10.567156962172 
-7.9693147176961 -7.0948974911867 
-6.6138611352895 -8.3796459237766 
-8.2763281170477 -8.5573417367388 
-7.2729718481585 -7.5650589603428 
-6.4103033467571 -5.6401095414039 
-6.2456027940832 -6.3844827932376 
-6.4294200143763 -5.7816542634984 
-6.7692350022556 -8.8017665798863 
-7.8006332344846 -6.0271122653139 
-7.5337940400745 -12.166402585604 
-7.3341662241504 -5.9592827821408 
-6.3121505266662 -6.6803845526026 
-8.1183764493083 -8.6349175770494 
-7.1195280311047 -6.8557748785762 
-6.911041168299 -6.5595156618885 
-7.9755280494186 -6.8434040616237 
-8.2895981258969 -7.1221817070016 
-7.641093613679 -14.606259817062 
-8.2105039072855 -7.6724837186145 
-6.1642329467376 -10.903585729333 
-7.7604210387357 -6.1201664475224 
-6.2468200026374 -5.7974280489526 
-8.4637855775752 -6.8458627442889 
-8.1228414580223 -10.415691928345 
-6.8397913537157 -5.8069610872076 
-8.2024012277613 -5.5772561014588 
-7.394317732833 -5.8939717467228 
-8.7778346184746 -8.4128322766321 
-6.3033583503857 -7.4604386560825 
-6.1270882198554 -5.6058312351031 
-8.3279566680599 -10.444446497237 
-8.1586465555044 -8.3243502397867 
-7.4983380639573 -9.3069808126637 
-6.9881759918553 -5.7254128424613 
-9.098455059052 -7.7649665806135 
-7.4620551135206 -6.2197204538277 
-7.4072252903905 -8.4392080245679 
-6.5748946345489 -6.7143955624622 
-9.0394798944806 -9.8222124140721 
-6.8550324070073 -6.3931318494501 
-7.438291307148 -6.1964913139274 
-6.5221266665711 -12.773183174629 
-8.7925720643473 -9.8450965317113 
-9.2732586436567 -8.513682175912 
-7.3278937863535 -12.110951901141 
-7.3039577642901 -6.3224801059361 
-6.5285063011005 -6.7556598941363 
-6.7195974520736 -6.3097414288721 
-6.9735670130827 -5.9636914010576 
-7.9150761464328 -7.3500259679646 
-9.065461058721 -10.991556818097 
-7.2412693694448 -7.3321520179753 
-7.7234692727923 -11.588277855098 
-7.6224542044443 -9.0695492268294 
-7.772767666824 -8.0700865032514 
-8.6166022527832 -7.964311339806 
-7.40069411052 -10.343097232908 
-8.1227141031636 -15.344926299025 
-8.8347684012432 -12.221842918913 
-8.76783039772 -9.445873573453 
-6.66380945054 -13.286692532655 
-8.6144792489102 -8.1352588275167 
-7.9497897767007 -10.056240252853 
-6.6900517377593 -6.125794305846 
-8.3340758260811 -14.111896860683 
-7.4289983475888 -5.896516666507 
-6.8559701774234 -13.382665973374 
-8.3752508078092 -5.5950069850554 
-7.7528501905305 -11.59674634054 
-7.1097675841968 -8.2469914863627 
-6.1308351779327 -8.8301814891054 
-8.9999572458525 -5.6935125596872 
-8.0733161161054 -10.338482372247 
-9.0433694096173 -8.8813123600813 
-6.3572284349202 -7.9151827632339 
-7.8463922102811 -7.7174695449935 
-6.7065940826016 -11.999549821631 
-7.7581594531912 -13.551709672465 
-7.1577178756458 -6.7967060519574 
-7.1402170861744 -8.6826718277 
-6.7287791508199 -9.3468013583041 
-6.2937406704138 -7.0940511189393 
-8.7673977602639 -6.2162790355582 
-7.6572716217598 -8.3103826075704 
-6.5421033119226 -10.307780981728 
-7.13097167692 -7.4327002330953 
-8.4998927550471 -6.4087058835429 
-8.136524214407 -10.531806323463 
-6.8126394504443 -6.6008957529847 
-6.5539443650688 -18.103444475154 
-6.7343952962675 -10.859329206159 
-8.450971996949 -9.3775889410594 
-6.947946790716 -6.0562885978223 
-6.6903878777556 -7.1042017611018 
-7.2463389499915 -9.7827699663015 
-6.2738844105496 -6.3470208898451 
-8.878135420956 -5.6615046094252 
-8.2213236387443 -9.622079968604 
-6.3631612660969 -12.179321340774 
-6.6083216640874 -7.7215367489122 
-7.6061283332787 -7.7282119153702 
-6.2661230076413 -7.9310908344886 
-7.999568652951 -13.330183548403 
-6.7595680156555 -10.755053975361 
-6.3609328124832 -11.186775757339 
-8.7164740548408 -12.044573188035 
-6.4020543315141 -5.6639636955584 
-6.3441677816922 -10.780812241962 
-7.139422051458 -5.6993930746125 
-6.0730444107534 -8.0419355194199 
-7.7135840337804 -10.684200584878 
-6.9134451165753 -12.726990214494 
-8.1273459268361 -5.9587069674544 
-6.5014946949669 -11.327971569044 
-6.5508913317107 -8.6928576219164 
-7.3878797386484 -7.0646188865468 
-8.2721387928499 -6.5301831062869 
-7.5039166955154 -13.473213903403 
-8.6691283225875 -14.96131542971 
-7.2071715885907 -5.780117630803 
-7.4344543653811 -12.112795073399 
-8.390321865755 -12.635449098111 
-6.4830151462086 -5.6414570179584 
-7.0437785257463 -6.8057172552104 
-6.6955639146005 -8.9636469233565 
-6.9890069158616 -11.455551594653 
-9.0925532923486 -7.1274264647127 
-7.9168284786396 -12.14190364663 
-7.62667140998 -6.0014595843361 
-6.8215785678263 -12.638766554869 
-8.4931140331336 -5.9994938427374 
-7.7605761778903 -12.072485101831 
-6.2317396240209 -14.666557928588 
-7.3395717644226 -9.1056982995149 
-8.6978021181804 -13.952163680737 
-8.2967640368455 -8.7698443912225 
-9.2062165100815 -10.029154021358 
-7.6367572907094 -8.9202374657825 
-7.3962630054156 -8.3362562155635 
-7.9993668846488 -8.6554996043088 
-9.0061518107458 -10.479348985108 
-8.7042305034164 -8.5178401141912 
-6.5437402196025 -9.3191078179327 
-6.6755943686681 -16.939926416301 
-7.9812418698011 -7.5295550839629 
-8.1709420716825 -8.9422231345941 
-7.4290521433295 -10.243034058218 
-6.5980697925847 -10.761345574782 
-7.2914568869313 -11.911191626878 
-7.6706413519605 -11.754971096202 
-7.949451856702 -7.1260198046848 
-8.2210489618704 -11.52409112022 
-6.571259021323 -9.2548863628283 
-9.1312444803119 -13.505577145955 
-6.4898456688412 -11.312680646169 
-6.7505486086326 -6.7125716056259 
-7.5124409051954 -7.2335086651128 
-8.1093185888592 -9.0640387887472 
-6.4833069486884 -8.3455227208087 
-8.9717461866335 -11.424226169349 
-8.9044948041573 -9.9303047498024 
-7.8006106642599 -15.051859724475 
-8.5615815377025 -5.674039189426 
-7.9547182155048 -8.1610235516084 
-6.5144353165663 -9.1443571431719 
-8.1496044165598 -7.2169927433539 
-8.7126178568329 -8.1519711273054 
-6.1302534588117 -6.8957612375268 
-8.2167932886608 -6.1833572761017 
-6.3711401409409 -13.481906506087 
-9.0544372741726 -6.1708797023931 
-8.7534201240124 -12.534718709548 
-6.8276492144602 -10.069218866765 
-6.167781511414 -12.073426292074 
-7.4146557635395 -9.5843593383985 
-8.0263994896443 -5.6712651302297 
-8.7270726543849 -8.5699612786728 
-7.7385200813492 -6.3669495262535 
-8.4900802653984 -13.906712369178 
-8.4275424438076 -7.6619559281306 
-6.304859041936 -13.844142731669 
-7.7470695060237 -8.5712390693083 
-8.0978373607458 -6.2027011614414 
-7.5503587112268 -7.78664158609 
-7.8080056463499 -11.006168749478 
-7.2942816431896 -6.5343796043436 
-8.4343688123437 -7.409206850313 
-8.8132747678714 -7.5360520531049 
-6.3686221033954 -8.5595501366287 
-6.5397301141946 -10.524156505154 
-8.063187899372 -5.9847686247541 
-6.9628662912049 -7.9515683027782 
-6.7164134318994 -6.3101871124786 
-8.1176061394608 -12.02270096573 
-7.1562517074495 -8.1886383008594 
-6.9085399887805 -6.2907701109266 
-8.9060052228094 -14.36352470588 
-7.8518654083469 -6.9085126593862 
-6.6842957014144 -6.3228274801204 
-7.432432840609 -9.8209227870036 
-7.1621417673721 -9.4021494522344 
-6.1780548730791 -7.4430988620471 
-6.1580130478089 -6.471041276005 
-8.4519115628932 -7.246044890096 
-8.8534314538214 -14.130256994545 
-8.5587947987043 -6.3198275015232 
-6.8189694721562 -9.1923225105522 
-6.2846310542504 -12.839044641476 
-9.0390159462207 -15.594073066344 
-6.7157901814215 -6.0729372757901 
-6.750433230674 -16.880819209705 
-9.0502063130825 -6.2796217756924 
-7.4907583909916 -8.6770270966979 
-6.6953332051801 -12.889064900181 
-8.8803049119957 -9.3964939315874 
-7.1804795945841 -7.8772583130872 
-9.2627987530011 -9.9092798312666 
-6.3025118215198 -6.5604690856124 
-7.1081460016483 -13.229867433919 
-7.2733084473042 -7.56951561323 
-7.6609244868724 -10.653566111706 
-9.2536145029828 -8.0612458685002 
-6.8629191471507 -6.6185982648396 
-6.6638287481087 -7.3922597413353 
-8.6278438222746 -6.3674230396043 
-7.0504719726212 -5.5939479668815 
-8.5743687275283 -6.7376287521315 
-6.1184542079999 -11.889243582428 
-6.3771055493409 -10.658365575492 
-6.2575023660351 -5.8886469737697 
-7.1888844544283 -8.1997424890115 
-7.4947377986739 -6.0945416084641 
-8.0151102560145 -7.1254328801715 
-8.1182397536982 -7.3310282171861 
-9.0034297087986 -5.9223580651516 
-6.590976369207 -9.5362612375127 
-6.747593547932 -5.9516055308314 
-8.6953594784575 -8.0231622437678 
-8.6122653129518 -9.1258050471511 
-7.7107014680219 -8.1490219870314 
-7.4003012224192 -5.9376952792807 
-6.2532029216474 -6.4259133577236 
-8.6210218425449 -7.5327888335429 
-8.1893520709511 -11.547741053102 
-7.60338369141 -6.922789891108 
-7.7387498019453 -13.285988595606 
-8.7539097315717 -8.9382269878382 
-8.0560595654387 -6.7457970406711 
-7.1013104875152 -8.124210583647 
-6.7168377051609 -11.454498660226 
-8.2912775242496 -8.0868464517864 
-7.3384248176808 -6.7843175514729 
-8.4688452739348 -7.6901276485955 
-7.5099753805605 -7.0956821288905 
-6.5611155978471 -6.573281390731 
-7.2505706288541 -7.9844427335352 
-6.5247416828727 -10.345636494637 
-6.9900924075643 -5.7759877419443 
-6.8574118069743 -7.1174637470504 
-9.2381711310167 -5.8619800937013 
-6.6975022719551 -7.4484902667037 
-8.3503542261676 -7.8690204037403 
-8.0855945287105 -7.9625538877036 
-9.1803406121691 -6.3512660375397 
-8.4947964056255 -9.9487381914378 
-7.3879277656841 -6.6381343216446 
-7.6891759928199 -9.719029775451 
-6.5566247443096 -6.4500853733993 
-7.4969902722549 -11.13829898114 
-8.0079190981481 -6.5195390420296 
-8.5341236724379 -6.4888058302496 
-7.7886162840353 -9.1534469918827 
-7.7515396137474 -6.2907241099675 
-8.3659393808217 -12.567790306449 
-8.6481956527085 -6.5925993819935 
-6.0785860694841 -6.16278228786 
-8.7136887711334 -5.8971581995504 
-9.0905527477021 -7.0261936538357 
-7.6423725613555 -12.253377833668 
-7.8391285308106 -11.548535622709 
-6.8877113654007 -10.308495425054 
-8.571580065041 -7.1599178419506 
-9.2327132491784 -7.6221018476586 
-8.7711316633201 -7.6125510028152 
-8.0253242399189 -5.5875734473394 
-8.7406871624891 -12.834670964441 
-6.4527045021105 -5.8303965689245 
-6.2500416676707 -12.130823112264 
-6.8909239243365 -8.5469695466598 
-6.3645499002121 -6.0309132653333 
-6.8477634913714 -11.02213546108 
-6.4582759980533 -6.8641793809412 
-6.5043067323358 -8.7265392638277 
-6.4925646358216 -16.711709818198 
-9.2521918820891 -10.333186610037 
-8.0121127516443 -5.8458762622815 
-9.1974881416995 -8.882954161065 
-8.8823512835436 -7.2105191835058 
-6.3809625538354 -7.7525470882401 
-6.3433400764913 -8.1510082621637 
-8.1071222787895 -8.2358178818187 
-8.9232527530221 -6.142507870826 
-8.5391937486313 -5.579618010448 
-8.9281681114884 -9.9657128782306 
-8.0145492689058 -5.6358202543592 
-7.4364663285063 -9.1300699520303 
-9.2784080380529 -5.9650765973251 
-6.91139902059 -8.5367831687952 
-8.0696261590836 -5.9909927840829 
-7.5440220938883 -9.6505815041708 
-6.239986404729 -5.5730679656686 
-7.1296498393161 -5.8966274225658 
-7.2888919711887 -6.5900469199164 
-7.4927420865607 -6.9091900507626 
-7.1459448572171 -8.0077634132188 
-7.0841920636934 -5.8138787455474 
-6.1837976918866 -12.973483697762 
-6.8719211407238 -6.0914464872493 
-7.2426843819528 -5.740417060748 
-8.3184297328247 -8.9425062686329 
-7.3619225316926 -6.2942011809837 
-7.9317289394162 -9.0193134458382 
-6.6545052998446 -16.891127511267 
-9.0638874514118 -7.2564120971082 
-8.9238519093023 -6.0326607941587 
-6.697145895561 -13.323748680361 
-6.0526771707833 -9.4471764731224 
-6.9893933769339 -6.3475412552841 
-7.5640406683676 -12.03642976889 
-8.7960022023847 -6.2515283778015 
-8.3767606571379 -7.9965304605101 
-6.8606440467154 -5.7669725283194 
-8.0634921406787 -7.4400563497076 
-7.5222760557503 -6.1029948878318 
-8.5909012083991 -8.2743421513629 
-6.2577600395108 -6.5963487757394 
-8.9322889119146 -9.9446164350713 
-7.9680187033173 -9.7805673145228 
-8.8649289344831 -15.254680594681 
-8.8957012464749 -6.2514829516868 
-7.4690279671459 -13.433248775456 
-6.8391895791903 -5.947760434158 
-6.8464176081788 -7.8376791483812 
-7.60530902132 -5.97967638895 
-8.5039008756722 -6.0852833066696 
-7.7027988048377 -6.739262097662 
-7.4992691656679 -8.5755872845375 
-7.4288358544373 -7.600661370353 
-6.6320930969384 -8.8613108784567 
-8.114290940803 -13.408923577887 
-7.7963616355291 -8.7683472101728 
-8.033728797088 -9.4230866314095 
-7.448586924206 -9.6538980717672 
-8.8736281492315 -6.9413927656278 
-7.5062849165906 -7.7303736470495 
-6.4874333485916 -10.411904899151 
-8.3992203575307 -6.7849209110849 
-6.9361841784049 -5.8057594907571 
-7.9386970400371 -6.9435165236321 
-8.6077910534158 -8.471476485133 
-7.4549237702453 -6.8271636815696 
-9.2291982816736 -11.500590815842 
-8.8027562750012 -8.4306928948772 
-7.6096929894814 -9.8687789229438 
-7.9064486094724 -8.4997076836051 
-7.2463675399995 -19.868901263792 
-7.1828188443662 -8.6096470174081 
-8.0799281397142 -8.6209640511417 
-6.825724659129 -10.408091744846 
-6.952558505567 -5.8242647025218 
-6.9992487887318 -8.0060207503696 
-7.5141163020131 -7.3570720592725 
-8.1942158856385 -6.3226527244395 
-8.6623627467082 -9.0694616155747 
-7.5421366595923 -6.0280386289346 
-7.3229037107982 -9.0293032555658 
-9.2117601643255 -5.7916983851826 
-8.1144396199504 -7.5777681296588 
-8.9477935966398 -6.5637378985989 
-8.8999494010737 -7.847652262488 
-8.2634812598216 -15.264003196648 
-7.8571240692474 -12.572787275596 
-8.6151523061688 -9.575609173379 
-6.1181219963864 -5.8264361934271 
-7.5556430286124 -7.0401282005667 
-8.1805251267673 -8.1661932304849 
-7.6331261135745 -6.3756793882196 
-6.5938917092438 -6.306989711193 
-7.1175653523005 -8.0778322751949 
-6.6329954722555 -6.446309028088 
-7.5394995035395 -14.840872645768 
-8.5653332488204 -7.3383072915561 
-7.117700266875 -8.0454957690525 
-9.0634745664973 -11.953379473229 
-9.2128319986915 -7.5469000323431 
-6.1545698679119 -5.7183345791369 
-6.7778329412704 -8.2018921109116 
-6.3408629269154 -5.859334685983 
-6.5591485114088 -7.3379746881236 
-8.8425213496319 -6.6045927996456 
-6.4805826089004 -6.6746794266581 
-7.6185762031882 -10.319785394626 
-8.270543379566 -8.9475722253227 
-8.8121350712195 -5.6185893370906 
-8.6658180556543 -5.6424278647596 
-7.174899636786 -12.32409108369 
-8.974918700796 -9.8924164884724 
-8.1807165373768 -8.7565377219674 
-8.5201967769519 -6.2758823243074 
-6.3189767359976 -6.3398701504175 
-8.8421164942943 -8.6259908653441 
-7.9055735433675 -5.7610804893623 
-7.6905394606006 -7.4043364608968 
-8.48370884574 -10.226535743598 
-6.6794444480994 -6.0242287805282 
-7.4990589350372 -7.5380931915016 
-9.1146874282978 -8.5372965902354 
-7.8511675777824 -6.2059332290801 
-8.2716848467539 -6.4332244023336 
-8.3561687419618 -6.7371560430036 
-8.8806501835428 -6.356425444084 
-8.2654865665076 -5.9942728880968 
-6.3602464258713 -12.296135217667 
-6.1917209097967 -9.0767665531863 
-6.8412720407863 -6.5858582593557 
-7.6185995241849 -9.5724333820052 
-8.4536924402592 -9.8178149546795 
-8.850762988303 -8.3478507896988 
-8.3690062629274 -6.7900775517303 
-7.1773065265926 -6.6728021106624 
-7.2568589965437 -5.6435028394574 
-9.0656099245939 -9.0603550499003 
-7.795299332748 -5.6382880410586 
-7.6854345415439 -9.9837053419231 
-6.534514722793 -5.7298563742301 
-7.6822453922476 -12.793051671769 
-8.454780452583 -8.8597146742277 
-9.027612381202 -6.2590307014127 
-7.6256629971318 -7.3339953468514 
-6.0722296798795 -10.727260955306 
-6.5055498434887 -11.328387921402 
-7.8935919124999 -9.6743161679353 
-8.7138779738856 -5.66233718365 
-6.7328783539004 -8.9474109519542 
-8.5349225389815 -9.8081013898205 
-8.0469278619127 -9.5344202503235 
-9.0322782332146 -6.3886575602178 
-6.8187136832972 -8.3985935108542 
-7.5002439523997 -5.7290255828793 
-7.3264586890868 -7.2816178205983 
-7.348635285763 -6.4203435006396 
-7.6994355512263 -8.3051150883565 
-8.4214221879263 -12.785631385504 
-9.1785900965307 -12.608105671286 
-6.8039802687875 -10.932361738909 
-6.6496589914655 -13.66682717367 
-8.9185971843006 -6.358987587729 
-6.9864247649509 -8.6852026260789 
-6.7537129357027 -6.3315896883042 
-6.7206387850228 -8.0332915849753 
-6.5729607811348 -8.4997950881343 
-7.873913094429 -10.240929083716 
-6.0584273445454 -7.9993594298201 
-6.6460783241092 -10.700161522195 
-6.4217764565709 -6.1423218857756 
-7.1061220787821 -6.5475087985907 
-7.886667967455 -12.111892231595 
-6.1923345460573 -7.9968100096324 
-9.2585605407713 -11.36333013944 
-6.2613999399322 -12.435817726429 
-7.7780003001393 -13.298583571874 
-6.0658044576389 -6.6192511268781 
-6.9496170568048 -19.664912697886 
-7.7989134740286 -7.0343010755195 
-8.7613762815349 -6.4064566887917 
-8.8824592839521 -12.096205058464 
-8.3580873164314 -8.5605332367875 
-8.7540094243125 -6.8453887074324 
-6.3870886158211 -6.8257129594367 
-8.1801628907873 -6.1211103464427 
-8.2480577851655 -6.7315721700731 
-8.4309428314637 -7.2245697971456 
-8.5913184942131 -9.003353686468 
-6.8826821643509 -7.5916467869039 
-6.7700307415005 -6.4691113102788 
-8.2347554907766 -10.134730183885 
-9.2562430458491 -12.329869176366 
-7.4163871861672 -8.9902566002612 
-6.9511441898165 -9.4832927705271 
-6.3550896404696 -6.3657165723818 
-6.7054533427103 -15.851857760027 
-6.2617896475093 -16.62150211507 
-6.6115390146599 -10.825142294275 
-8.5496035411054 -13.127415177685 
-9.1609001357735 -5.7509728602454 
-8.4432862376669 -7.1266865809074 
-8.6770992883858 -6.3830581346898 
-7.22549696628 -9.870849332815 
-8.8129324698725 -14.369586751376 
-9.2363059264106 -7.3262467140995 
-8.0843643253798 -7.5392307997745 
-6.8618765911799 -7.3718632568032 
-8.040609895201 -10.796921681872 
-7.684381324711 -5.6023773465096 
-8.0407059408716 -7.5582862377595 
-7.1733373498859 -11.84694840205 
-6.6390327384113 -5.8081767750098 
-8.6413353786392 -8.3158817350143 
-9.0354538300418 -7.695507092378 
-9.1725665792661 -5.791665651675 
-8.5766094756375 -8.1200585883751 
-6.6339557869375 -13.789429681357 
-9.0982626302151 -5.8146034934575 
-8.9658589250756 -11.037550537508 
-6.1235701885756 -12.652611830729 
-8.0484562617264 -6.6298382385815 
-7.3990944354036 -9.295667585507 
-7.8114161417179 -12.541220889704 
-8.5554753909604 -15.15643169292 
-6.4659968007989 -9.8270701526946 
-9.1506401072588 -8.4343766767998 
-6.5946552500244 -5.9954856331077 
-6.812656251021 -9.8232353078346 
-8.6877489896868 -5.9157244530192 
-6.7323557098399 -6.575301908145 
-6.5567136948561 -5.8846757875556 
-6.7899477186526 -13.589889336895 
-7.2828209357489 -7.7907732570142 
-8.201589887453 -5.7812933785792 
-7.8692906430329 -9.2454709589872 
-8.9862547333883 -12.629784470366 
-7.6714522415706 -6.1273206124238 
-7.1031139766148 -5.6108646246043 
-8.0580508851782 -9.3583690349552 
-7.2122637262828 -7.4377476663016 
-8.5428146813014 -6.3133375949296 
-8.0292180532055 -8.5970977699507 
-8.9610851582279 -5.8682262255076 
-6.9418840374636 -9.1149055236604 
-7.6682413980811 -14.103283125098 
-6.8201072004272 -6.7832009355293 
-6.8076091585112 -5.589632431071 
-6.663315944139 -8.331829411783 
-7.1888653869817 -9.8485708559829 
-7.7589860862279 -11.56283130264 
-7.8792864769399 -9.8724559464848 
-6.8679597914942 -7.709402153383 
-7.694607343242 -11.242299039694 
-7.7114284922544 -9.2244386307933 
-8.2931304933844 -10.084425468427 
-7.1257715073691 -6.5810006638361 
-6.1421031165154 -11.409744610889 
-8.0035632776 -6.4810659725918 
-9.0112677470817 -6.763483000931 
-7.1924091055265 -8.2423789054037 
-9.1223795251287 -11.200632654545 
-6.0733476613983 -9.424838726562 
-6.1412289971703 -7.200265684344 
-7.4378732849416 -11.382889849174 
-8.5813935446033 -5.8467115847316 
-8.3444621036326 -9.3748692822118 
-7.3259811932585 -6.5606641260526 
-7.811948765557 -5.9266943896284 
-9.2374595027238 -5.7542395413531 
-6.6621579700584 -7.9380195962372 
-9.2471501867003 -7.5080286212949 
-8.9932583126738 -14.896592608158 
