-2.4578574902395 5.5691020629929 
-2.1099217896612 6.3296763100624 
-2.0028393435057 5.629902920769 
-2.1545117183575 5.7668087070535 
-0.91379179012768 6.3221171728689 
-0.65371474597122 7.0769584641459 
-1.3195823565957 5.2780058176061 
-1.8562910048501 4.7191758271055 
-1.7355417479493 5.5744103849277 
-1.3179108073638 6.3674129295707 
-2.0170162716477 5.0789874048289 
-2.5578241336663 5.0453189748301 
-2.0210663667219 4.9009354405959 
-2.8572933770036 5.706343955203 
-2.9227667152825 5.4096522947559 
-2.7100007609432 5.2431144914745 
-1.250632004773 7.0693417905376 
-2.5116266841425 6.3127447609559 
-2.2365538327847 5.3730496756196 
-1.0067326733671 5.2971893075576 
-2.4673609359071 6.5256258737815 
-1.7463590838479 6.5666346252919 
-2.3083357130807 4.8015465266766 
-2.9875276541556 4.7053937972471 
-1.690059921021 5.3959041587045 
-2.4466691311662 5.4678362126857 
-1.5662965587266 5.9529972510079 
-2.7433879255179 4.556012459972 
-2.4426524993784 5.0926338771431 
-2.7188651169805 5.3625453603755 
-2.5052330096011 5.3392159891364 
-2.5085876860262 5.2284330872254 
-2.3671548218476 5.4018159880917 
-1.5365940683986 5.7164871048458 
-1.464288606455 5.5926799729307 
-1.7633818902675 4.5491559813796 
-2.3650585123501 5.4013311116036 
-2.8483928863883 6.9742302334981 
-1.1036504136709 6.456854641587 
-1.0087770169959 4.9527414612975 
-1.8343678395706 5.2303531387801 
-1.3032965724792 5.2107401713165 
-0.58921143048906 6.6000415131456 
-1.7150461360935 6.0398613104794 
-1.0756577725208 5.7408749357326 
-2.3807372538348 6.7132897626378 
-1.6732741013985 5.1873064820153 
-3.1807719127632 6.7916981128196 
-3.0791551543142 6.3392481215327 
-2.2410534237513 6.0489435817064 
-0.81015978294535 6.1336952732195 
-2.5588311083531 7.0159362672415 
-2.2869642233487 5.7030672430538 
-2.3523479402887 6.0306609390293 
-0.91091818236407 5.5113609281576 
-1.7149298358317 6.6758034443426 
-1.7343803507149 5.2447429733018 
-0.88367981367355 5.8990457328953 
-0.73963407883561 4.7811802584633 
-0.66434426718856 4.8845042329589 
-2.9631265449124 5.0926035853589 
-1.3327653544941 4.5995612516833 
-1.7107994281218 4.9142087690663 
-1.1672872661063 5.6500366168774 
-2.0909795651747 4.8004492849322 
-1.3352845234336 4.6713004502327 
-2.7030723582811 6.8180254284091 
-2.6293177921892 4.5426457102071 
-2.3445179687189 5.4118084097408 
-0.76068132677096 5.6870795777503 
-1.1873778799201 6.4237673794249 
-1.1158095570153 5.4775627867925 
-2.6784191330776 5.8182933575964 
-2.9090965348483 4.5707531914744 
-2.5742815678532 6.2655153306651 
-1.1122217787034 5.3939276765098 
-1.1035616934239 5.4049129989282 
-2.2209190334851 5.5543283365242 
-3.1846280342787 6.8014691276395 
-2.6142456316896 6.5204553471029 
-0.6551267315236 4.7948132882247 
-2.7053678164956 6.8989013055093 
-1.4403529093739 4.8277243402761 
-0.86166070109584 5.6653922173712 
-3.1690702513093 6.6760469739982 
-2.9035520311688 6.7593099060232 
-1.3650814538431 6.066631128009 
-2.4391107281893 5.2620656841755 
-2.1792111413044 4.9204652642057 
-3.0850067026181 6.5967997388612 
-2.7917872075174 6.5020179803614 
-1.1853741929461 4.7361016725447 
-2.151346219142 4.731606766476 
-1.7535885312932 4.9204302739119 
-0.86863441425169 7.2689791123938 
-1.9601795536297 7.2857754709705 
-0.79768947256572 5.4736689217012 
-1.6439574685757 6.0815827722286 
-2.2108437680049 4.819804813805 
-2.1310309995436 5.6087928076931 
-2.0210616199686 6.1193166330067 
-0.86459089851954 6.3170329099418 
-2.2719600571045 4.8744410099395 
-1.8004096690794 5.0440627970191 
-2.8220304882138 5.5538464053565 
-2.4328155141614 7.1322506760239 
-2.6880752275597 5.5114645118186 
-2.5704769745288 5.128121709588 
-1.002774416389 4.7398821752232 
-1.5140553659793 4.6660001804024 
-1.8841930572078 7.216914228542 
-2.5567360245862 5.8576165491831 
-2.5681483661231 4.6096093187718 
-1.1813472274012 4.9319157752416 
-3.022556480666 7.1209925408674 
-1.0811844642401 6.2190982614993 
-1.0000712839385 4.9442574000614 
-3.1351575801001 5.9514193877184 
-2.9136897503039 7.1675026245047 
-0.67276799703605 6.2836619972395 
-1.9318496849067 5.4072453509805 
-0.73270077146662 6.0174906547216 
-1.9049621175321 5.5866937152245 
-2.9827748015078 5.9323013826139 
-2.5810165894051 6.5746254847385 
-0.93197034348473 5.131337279072 
-2.8109299666775 4.9644553127343 
-2.4304783475947 5.2576361984108 
-3.1877388600758 5.5348813142891 
-1.9167605431031 4.701080884785 
-2.2056841644086 6.1558930415436 
-1.4127642563522 6.4874959084843 
-0.96332327787348 4.6750595137187 
-0.77043783201407 4.9344621826664 
-1.3231034257278 6.8501162234141 
-2.9534866438914 6.2912772546011 
-2.1726365697011 5.3665374679229 
-3.0756975625362 6.1498413363675 
-1.0572951194441 6.1499801881928 
-0.8513046096115 4.9262072991432 
-2.161448119579 5.8121112168145 
-0.68150006667491 5.032697027308 
-1.7096367822095 6.1117566995514 
-2.3923823939533 5.2243577436493 
-3.0158105799205 5.2860977623915 
-1.2449159645899 6.1688232335693 
-0.85328303995463 6.0310695724131 
-2.8290654235159 5.6406966211294 
-0.59636529733933 6.7986995162033 
-2.7850849314043 5.2324580111217 
-0.64325047233219 6.6425511681784 
-1.125359738757 5.9042104215329 
-1.5005192099606 5.9672168242835 
-1.5341658182184 4.8617163510097 
-2.5937683315206 7.1538668183866 
-2.0118926496709 5.6415921296483 
-2.6570436237415 6.8968506620447 
-2.2166168473309 5.480075867338 
-2.1730498459636 6.5048954129467 
-2.2783572718069 4.5494300623102 
-0.92161831355885 4.7869063127691 
-0.66442253316778 5.6726081343092 
-1.2069798571583 6.9145882485712 
-0.96482076180124 5.4548446472512 
-2.1060585198041 4.731841531521 
-2.8729827634046 7.0320484604436 
-3.0539579695804 6.305562294663 
-1.1480046859953 5.7767564645181 
-2.3746762819647 6.2375382316209 
-0.96292414531003 4.8256868229716 
-1.752793580171 6.0194130491384 
-2.4621780545124 7.0787497130995 
-2.2186482996618 6.9744475671505 
-2.4391241690365 6.8883164506927 
-1.0066945355979 4.8722747327378 
-1.820688563093 7.1073648359093 
-1.8102148703734 7.2795476657446 
-1.1476663911892 6.5299513422939 
-2.0088768260652 6.2698085663237 
-1.36570070055 6.5476074770923 
-1.9213479762077 7.333597750637 
-2.2646481741268 5.8345556441546 
-0.82900306866529 4.6850549460674 
-1.2802573548096 6.509549594755 
-0.7787884462075 5.452162817267 
-2.8687542296229 7.1035484385332 
-0.5204804462793 4.7612630552863 
-3.024572361003 6.3677053228326 
-2.569378719966 4.8551667674825 
-1.5789705577522 5.7416463114037 
-1.4970462974295 4.5838817572805 
-2.8929788374196 5.5104224026715 
-2.982592331497 6.8756039311249 
-2.2204766486486 6.8551945944486 
-1.475083928651 4.9424836099355 
-0.79141920229411 4.8027753048459 
-0.87964620612764 6.1939276689257 
-3.074109388442 4.875623779639 
-1.1934340213696 5.5783239591145 
-0.56040459120266 5.1070074212406 
-1.7935575918049 5.6934712846426 
-3.177213146547 5.9360786985801 
-1.1529538429816 5.7513306495044 
-0.93092710994332 5.3323686478492 
-1.0338017637273 6.6436963595673 
-0.88640248005547 6.2333444893173 
-1.5293593147314 4.857878214304 
-2.0515027564159 5.5355105760423 
-0.91727634557541 6.646387275434 
-0.81789242684384 6.6064423192276 
-2.3407702226266 5.1997353179769 
-0.93696365304285 6.2940410198058 
-1.9600457047721 5.6117487795408 
-0.84941813706319 5.4546782083824 
-3.1572172680295 6.8866136819281 
-2.201829032034 5.4739224124521 
-2.5577294146842 4.8071239465956 
-1.9100107677619 4.7934710923199 
-0.60155132369718 5.9638171550238 
-1.7943774846273 6.5657231732082 
-2.2439772682686 6.5812557335051 
-1.935561307993 4.9027200912291 
-1.8171578351909 6.6115268682223 
-2.1128798323673 4.7072897254022 
-1.766458376169 6.6943961877646 
-3.0413342895298 6.6219341081847 
-1.403208484284 6.8160783078635 
-1.8559212963319 6.4369918797511 
-1.0411609692234 5.7929834696319 
-0.83147669847122 6.8357873589015 
-2.9454743638806 6.8544220807829 
-0.72559867340119 6.8602471539143 
-1.0081214377471 5.1980771426068 
-1.3829067628459 7.2650552804072 
-1.8643027483575 6.1759231569417 
-1.6652908941617 5.4671611544644 
-3.0529849336256 6.5611575141614 
-1.1526966637858 4.8765916940635 
-3.2009874998718 5.725950572515 
-1.5108590068262 5.8146688819437 
-1.5503982006423 6.7873608163202 
-1.6544188756219 4.8201185721531 
-1.1966785657521 6.7821147333167 
-2.9045308023959 4.5839990351659 
-1.4903616608725 5.8905561205076 
-2.9882517991025 6.1335405165199 
-0.57275918178971 5.7730627017522 
-2.807881184005 5.0232716428049 
-2.7772889290414 6.2458588868815 
-1.8933089963886 4.8227523679947 
-1.5899119564252 5.8184865444408 
-2.8277306478905 4.9554764834302 
-2.9996158018031 4.5815891714037 
-2.734541545969 6.9773712423953 
-1.1079529349353 6.1686318652313 
-2.6853223105463 5.1210695843245 
-2.1392972880168 6.8739265365849 
-1.1804099279354 5.4679594894332 
-0.57090391043999 5.2015840789832 
-3.0936200216805 4.6213318037091 
-2.3191109634606 4.8869818423073 
-0.94671157636575 6.28041711802 
-1.0141677106643 6.202892528156 
-2.5372305106723 4.5425362153451 
-2.1489799181557 5.8851410156009 
-1.0784565099328 5.1249887302448 
-1.8586573896311 5.1524697975395 
-2.0952678419429 4.9798320013679 
-2.0595574773456 5.0507048353691 
-2.694358270834 6.760040017292 
-2.107834172819 5.4456312834169 
-2.6614415824539 6.8441316191221 
-2.5409797540536 7.3402194011788 
-1.4067372679254 5.6632777954751 
-1.3383536327949 7.1101123165817 
-1.424548995941 7.1946568220026 
-1.9253285569335 7.1902803020492 
-3.0803600387356 4.8987021355781 
-0.90481899246155 4.5841223008053 
-2.2564009650931 6.3314171476156 
-3.1795524796386 5.1050661625948 
-0.6817802619072 5.6033477916167 
-2.9159610823244 4.8567467112565 
-1.5649397387654 5.4450873487378 
-3.0681610463892 6.085200116759 
-0.63939665394101 6.2302572956144 
-1.1123582129091 6.7285926557222 
-3.156093872052 5.4388501735291 
-1.0660416623023 5.6278045073166 
-2.3687117196778 6.8893882304403 
-1.2315854995211 6.3472150712412 
-1.1152560388165 7.241191791186 
-2.5037490809128 6.0944852030921 
-0.52058897282299 4.8766339924905 
-2.8181698265408 4.6100177929371 
-1.3365455127423 5.461201774949 
-1.2024244615925 4.8625787594521 
-1.0023979238105 7.0878812022336 
-1.3347436154234 4.6831229861323 
-1.2419698052002 6.2152469603699 
-0.83129827939458 5.780595247348 
-1.3783408291499 5.897851206647 
-2.9588626390278 5.2689315106666 
-2.7030363504325 7.1682190194151 
-2.6944360143421 5.2836500454805 
-3.0537298588207 6.8623725130921 
-1.2605883626166 4.6354881515323 
-2.2702282851308 6.1861697314628 
-1.4881001757552 4.8659241820526 
-1.4251289631742 6.4247296776673 
-1.7162082246432 4.844219116015 
-0.92079569560481 5.6681735789521 
-1.9646079472127 5.2028812725727 
-0.94586074105489 6.1753729564819 
-1.0808950916911 5.1329039963389 
-0.87647627978281 5.6995145031115 
-1.4762263031979 4.969292879256 
-2.7540662710909 4.6305815681639 
-1.1754834893436 4.8342760587276 
-3.1124503541611 5.4209325663971 
-1.7687282291569 7.0378797299836 
-2.0237147597328 6.8970184796236 
-1.5771166549054 4.5926692793911 
-0.97293273423156 5.7987246420414 
-1.96161184911 6.9998389666441 
-0.79107320928101 6.0554394731545 
-2.9915763109558 6.2985209798195 
-0.58934629657528 6.3845000467336 
-2.9273151145881 7.256828256698 
-1.5931086054848 5.2153211432136 
-2.6545451244996 5.1676579643119 
-0.7136115573689 6.0560787790016 
-3.0085287269277 6.184383244186 
-0.60642865815322 5.2369053020418 
-2.5871881086882 5.4924341627766 
-1.4472962739719 6.5137580523138 
-1.9825276765487 5.0937891165892 
-3.1661395589464 6.9633166217371 
-3.1129175452812 4.6752470742126 
-1.3393821626167 5.896549710265 
-1.8510647380969 5.6065621007625 
-3.1950560358112 4.7144936510962 
-0.9132567648922 5.2127164381708 
-2.6262140253833 6.0029766300067 
-2.4882465984514 5.6848213892734 
-2.819275698163 5.5858013120097 
-2.0251639333706 4.775805523947 
-0.73241647507671 5.5583717742068 
-2.2346051113524 4.858304396517 
-2.2737274310181 6.3355704724714 
-0.65585620719068 7.0497048685276 
-2.6066286295772 5.3473489911934 
-1.0821646457567 5.1561595466204 
-0.61202651227891 4.8949076419238 
-2.1827111504458 5.4083085608825 
-1.7991383868795 5.1174025710964 
-1.3414563894929 5.7560186623569 
-2.0234563637837 6.1245003520837 
-0.9544233872 5.5502834175199 
-1.271640900131 5.034516533648 
-1.0986094700903 6.1388649886584 
-2.9142530411195 4.8266124225683 
-1.2587680232506 5.5889493999993 
-0.53248082550741 4.6372378634714 
-0.59259357713045 4.666973368724 
-3.1822143556678 4.5394674250818 
-1.9053245550851 6.6216341252659 
-1.1004801933469 6.1604900984826 
-2.7095206024145 6.1068617876835 
-0.95322507169121 6.5366582456589 
-1.7843264415847 5.2334201291406 
-2.4068236519498 6.737858405274 
-2.0074566726475 5.2380215270815 
-1.4306895246183 4.6089792747502 
-2.1951988920457 5.8355837205002 
-2.2952021999647 4.7523373541314 
-2.7287032790083 5.9951631102922 
-2.333470849812 7.0065791204806 
-2.360536300789 5.6741135253733 
-2.1150447098919 4.8609927464986 
-2.8750453416615 6.3720949258196 
-1.1544225714286 5.7123255996916 
-2.4272949873251 5.7004445424293 
-3.0377419886904 6.685294639348 
-2.8913344524199 6.5930008098759 
-0.71957734090254 5.3641281388383 
-2.4465796158356 4.9903035943117 
-2.0777500090983 6.9171846459757 
-2.6708911242819 6.819259407288 
-2.1221634233767 4.9707055002515 
-2.6225793132607 6.1285694761251 
-1.1079750579988 4.9706059706423 
-2.1390571435679 5.1815286347551 
-1.0981044844325 6.8503094215775 
-2.073749842699 4.9356655799373 
-1.5450991959832 7.0061062595292 
-1.483180545524 6.052081971293 
-3.1610807689394 5.4402512138205 
-0.66104750140719 5.4918282716911 
-1.1695471520115 5.6366692508403 
-2.0316296381493 4.8337377471087 
-1.9476894281263 6.8266411659578 
-1.4340849932822 7.0204428029399 
-2.4187305924528 7.3273659927374 
-0.55926838704501 6.8334805874138 
-2.9583381493203 6.4996348961171 
-0.97967747944429 6.2414743583251 
-2.5277707418372 5.983977000873 
-2.6744573331092 6.3748211867633 
-2.1095479344719 6.9400166375708 
-3.0852328784944 4.7139091059662 
-2.9846927581953 6.7078622915894 
-2.5127427765727 6.4710452429693 
-2.2708840562219 4.775251088279 
-2.7964642156087 7.1527609097939 
-2.6050222653079 4.5486665305803 
-2.3235155967532 6.597051417373 
-3.1450429629617 4.8062636261288 
-1.2664441109803 7.2922632394464 
-2.4768416787895 6.7570897313807 
-2.681865391254 6.8225068786273 
-2.5536422673245 5.5940042120133 
-2.2092495336187 5.4644032897387 
-1.4766771408017 5.625552975923 
-1.670274958148 4.8043609686329 
-2.7856605453051 5.1757202083574 
-2.2736675622933 5.1855866227352 
-0.92095587131144 6.5212097371637 
-0.91526979235805 6.0182284336329 
-3.193466416567 5.9682961043226 
-1.737654433281 6.620998333321 
-0.63486239515004 5.8777062651932 
-2.9676213526144 5.9219231041198 
-1.8438170549039 6.9597130069328 
-2.9892766053767 6.5840823912838 
-2.7430773132597 6.8424886553632 
-2.7585914928118 5.5980138408702 
-1.4040978906703 4.6818826786935 
-2.0276983339271 7.2106768716806 
-2.319484262328 6.1018532039037 
-1.2387670049296 6.4277021879881 
-0.60938037471173 6.2482339404796 
-0.98509593575349 5.5169562009543 
-2.962531904842 6.4250030486637 
-1.3308260872367 5.8962908132518 
-1.9169582025373 5.4062254526715 
-2.1597621665173 6.7429040885357 
-1.1573785891832 5.9276811853874 
-1.4428474010318 5.2744680240653 
-2.3995347608208 5.3112126848362 
-1.0244029119204 6.9607509189362 
-1.0925451955032 5.6369116367779 
-0.63606217403923 5.5931214700064 
-1.2826213360606 6.9847398930802 
-0.65209954141103 6.5714288297332 
-0.78716926808588 4.8485768842954 
-2.0169977759949 5.1426274182752 
-1.0511872448897 6.9549818508612 
-2.90725179987 7.0174573627296 
-2.7309464868612 5.5863635485502 
-0.53812066225544 5.9887959577162 
-1.900212260423 5.561544157295 
-1.3957387600632 5.9723604000926 
-2.2388899269292 6.0001255650745 
-1.5904399231637 6.5790444603458 
-1.0279957888183 6.3085703601557 
-3.1885323767101 5.7419562774695 
-2.1713354117418 6.2179608973212 
-2.0994481411674 5.6236098694167 
-2.1774945178907 6.5193007860668 
-2.6894890449804 6.0995525887732 
-2.484609200967 6.700149631355 
-2.7733704907537 4.5421730627389 
-2.1484135321638 7.3056875598774 
-2.9664148762857 6.6862945424955 
-2.8157362775973 6.2118898652049 
-0.74503523896826 5.1569227367778 
-1.1445236251372 5.3650332139012 
-2.0896664765838 6.3329071080198 
-2.251308323319 4.6649659122682 
-1.2800278151755 6.1807206190608 
-0.63374937981899 5.9410616375691 
-2.9476724180549 7.1294330439589 
-0.773419373612 4.7844324816261 
-1.1796173621296 5.8772599259039 
-3.033017125428 5.1379999631588 
-2.7059464027482 4.9029483225576 
-1.4738392901018 6.2549507586976 
-1.2926296873875 5.4267086400063 
-1.0134452416702 4.855041274754 
-1.540366135671 6.8982209468623 
-0.6767762459273 4.7962674498557 
-1.4441911919417 6.8107015781607 
-1.3987248505421 6.0789636705072 
-1.9526138837387 5.0753211706192 
-1.7365757182495 5.6619992072949 
-2.4293853342244 4.8088567692946 
-1.8159787582115 5.0469679457572 
-3.1238054365821 6.6350706925672 
-2.8151361664772 4.8055395431381 
-3.1117418852268 6.1693453531779 
-1.4760388744104 6.4808817762091 
-3.0796892882874 5.5131731777627 
-2.4273561485691 6.488388750636 
-2.3548653644507 6.8345313513089 
-0.63391308294038 5.4483974645602 
-0.60087303116777 4.5512898732837 
-1.9874065812182 5.4060420668552 
-0.91873324901929 5.7029667746019 
-1.000716212824 6.9908741126531 
-0.80956195169443 5.571770696486 
-1.9916261196975 5.4855329350203 
-2.1083660188884 5.9785912475417 
-2.9616007703682 5.5892310775083 
-1.6187107768246 4.6551216080657 
-1.1075919514754 5.876005324367 
-2.8031659568942 7.1207152405655 
-1.8201422365351 6.9337487655877 
-1.3920505928116 5.7471400281715 
-0.8943692871531 6.7431007989781 
-0.88702823394704 4.5991049548208 
-2.0505348160303 7.0401249618972 
-1.6279992001903 5.5050285444134 
-0.52055631955591 5.6026783092251 
-2.2152888036003 5.4313401182462 
-2.0435686065781 5.6293325665168 
-1.8227894857769 5.2203811432664 
-1.2249839787677 5.5245082886705 
-0.59919015246787 6.6013855279317 
-1.1226516110499 6.632216677092 
-2.4350706535581 4.7113728538496 
-2.3481785595739 4.7137860574327 
-2.0423661900051 6.0153483421731 
-2.9401691188636 6.1364415655913 
-2.2805977506942 4.6621035269421 
-3.0199355611148 5.9546442068305 
-0.94158653722434 6.3581017194666 
-2.9468385269542 4.8411948405584 
-0.55063697060886 4.8737930726507 
-2.9128055160534 6.2550713555699 
-2.0876244985442 6.1747250096545 
-2.5983202914089 5.0650601099252 
-1.1195289525776 5.66713139169 
-0.74320762905071 4.7680895023336 
-2.3241598300085 7.0281395621026 
-1.1568145246281 5.7832637926525 
-2.149266454312 5.2844185292145 
-0.79974853827501 5.0444946521545 
-2.455494145649 5.0610154229152 
-2.3050690102812 5.0355732805735 
-1.1115336586601 5.5935804659645 
-1.3970611524796 6.765356515794 
-1.216690127573 6.4940146796171 
-1.2288725103687 6.8086592620556 
-1.3226479479417 6.7841776351843 
-0.77121288317736 5.4434442737404 
-2.3270626183502 7.3204583975212 
-2.3333019277721 5.9608366735221 
-2.697298735361 5.0353535217588 
-1.7988251116692 4.8753906941545 
-3.0431975894317 4.7595016839642 
-1.3435848898131 5.1406217094195 
-1.2722680023112 5.4988247356638 
-1.2875696595774 4.8450711834908 
-2.4404180482022 4.7274146094515 
-1.5886605214311 5.9991847586864 
-1.2812872699566 6.5406202670893 
-1.0174233492654 5.6950641158815 
-2.2533819627587 6.4651055845208 
-2.1616723680414 5.7452579953908 
-1.7515374661117 6.3877808534229 
-1.2665121710201 4.6912157336169 
-1.897247497853 6.8266912534692 
-1.5886482414868 5.2773424274334 
-0.84642538651807 4.9760107100937 
-1.7467181896164 6.7343222780523 
-1.4651193384567 5.7770495631236 
-2.8936229732186 5.9566475924101 
-2.0372926855003 6.5640684617278 
-1.0119524565282 6.6695290448559 
-1.9089859278603 5.7218613752814 
-1.7016379582381 4.9847466407752 
-1.5383780540616 4.6191722501818 
-1.014000522863 5.1407328369865 
-3.0826248550147 4.8027601599568 
-2.9232261672547 7.0317668315337 
-1.7115307349936 4.9582228563541 
-2.9470430796528 7.007649831387 
-1.945447541579 6.3491214067223 
-1.4339859831338 7.0310091688927 
-2.4173613516762 4.6139629890891 
-1.9540455849149 6.5420031089676 
-0.54355598976703 4.8779132075623 
-3.040125902756 6.4434042434783 
-0.79529132640993 5.1829400760707 
-2.8282506031275 6.4029931109598 
-2.9522120162092 6.2585885425796 
-1.620916157106 4.6232564066235 
-0.78049320117374 7.1852321775072 
-0.67585782250606 4.9680216602117 
-1.230141823534 7.3078467166328 
-1.501453282964 6.0896451490679 
-0.85769941447028 6.1940071736418 
-1.1037047057217 6.7058710113632 
-2.9592520971976 5.2595483576322 
-1.8701280444554 5.5036864578525 
-2.0945631344001 7.2996073902187 
-1.6613362887455 6.38642009736 
-1.9819855333352 6.3911884000567 
-0.82909028260481 4.7815194965409 
-0.68364067504099 5.3523219722432 
-1.2790010298182 5.979842630343 
-2.5528869320633 5.8552833174505 
-2.4127848266343 5.4056739301776 
-1.2885094909498 5.5119582999549 
-2.4654252377063 7.2006805591717 
-1.752855125386 6.7140429053016 
-0.85335388896796 6.0623217286988 
-2.765173467287 6.6075840521674 
-1.3175714120871 4.5556760098568 
-1.2127676959811 5.563691384165 
-1.1758115608572 6.707205699918 
-3.1371238811698 6.0509673541196 
-2.0354548363224 5.1563272101664 
-1.8750871342405 5.8398801027491 
-2.9290787111518 5.5037740197299 
-1.7298275390738 6.3412203101836 
-0.76972979035288 7.2338003015762 
-2.1150174426807 5.1581451824221 
-2.7763503150865 4.5494890607802 
-2.9426466633859 6.0541778484072 
-2.6089139237439 6.7401274248392 
-2.8493552180202 5.2112963664974 
-2.0751860381542 4.6011096122352 
-1.7033501206327 6.1488627259755 
-1.1732453523063 6.5497958001242 
-2.4142513497304 6.7458156502793 
-3.1386547810627 5.4428207285779 
-2.470953413746 4.5750034841686 
-1.6039151589315 6.982655779618 
-0.88001369224518 5.6033451238651 
-2.6285844064483 7.1445058367322 
-0.73098339614149 5.4933823719087 
-1.9049843914166 7.0208552062614 
-1.878793978148 6.6239245695637 
-3.1985063363046 6.0049045258722 
-3.1616784226219 5.5462622407348 
-1.6264236337835 6.1894779677742 
-2.7341909148165 4.7018128479046 
-1.5472760911213 4.9269258108464 
-1.2310993723942 4.8580448236523 
-0.80504761458643 6.7208081351347 
-1.1401668824662 5.4447878559844 
-0.56309347957656 5.4462299071993 
-1.0594151656641 6.0251399845436 
-1.5597219779558 5.0355815136891 
-1.9128318415858 6.6615065331929 
-2.5993166724442 6.9776536728521 
-2.9462597356319 5.7718351736913 
-1.6919191782908 5.2652536622118 
-2.718639532079 7.189875222101 
-1.1474351586628 4.7521117053378 
-1.5474041275254 6.2578571388714 
-2.1020208613601 6.5661762502072 
-2.3169818953869 6.1374175191733 
-2.9305593204849 4.9134747488361 
-2.3275339291324 5.9876790940769 
-1.2344186582116 5.15945597207 
-1.3587040839841 5.1282569447004 
-3.1441543192858 4.8110044270336 
-2.9954863287976 6.7215700380558 
-2.0891893078824 5.2311165004828 
-1.8115029790641 6.5817549837306 
-0.6649926020265 4.7916474155327 
-1.2785175273063 5.5792941566479 
-1.4864691082836 5.4030163310224 
-2.3308658459451 5.1155953691813 
-0.58667445857976 4.7834637163111 
-3.0223029593277 5.5501304059443 
-2.9641733783242 5.3578524676667 
-1.714145724899 6.8913905664209 
-0.89919465770121 4.7078471430796 
-1.3806866985469 5.6429968970445 
-1.6722239050892 6.6647529143719 
-1.564546172395 5.9917947351796 
-2.4269963924874 6.7097756172077 
-2.1056515304053 5.2223385368545 
-1.8505493838214 4.9563960554673 
-0.53792154725771 4.5664444138836 
-0.91742694997974 7.2829785517119 
-1.4149843301046 5.8162860858721 
-2.0919983217094 7.1202295295545 
-0.58350555751775 5.0530829837164 
-1.2143361682277 4.8816384837847 
-2.6449676519246 4.8010219487254 
-1.7605290011277 4.7649732295705 
-0.5519761753527 4.7592248324343 
-1.498848478327 5.5873122994933 
-1.5151944742407 5.0271964121928 
-2.1210674616515 5.0722302429504 
-2.4829141507575 6.6713730128556 
-1.809950514521 4.7893008863364 
-0.86685051294477 5.9384123695481 
-2.9549564382365 5.9207435760067 
-2.3438327638051 4.6797207103104 
-1.7795756227007 7.1115473885456 
-2.2471333935807 6.4500900113489 
-0.63783734126976 6.3068276034358 
-2.122153754316 5.2096610708769 
-0.57951580910846 5.2534533220373 
-2.6448986695394 6.2726446657814 
-2.6810236324824 5.7344693835904 
-2.8089974913818 5.0062934313067 
-3.1538420632007 6.7696340461459 
-2.2320300114562 5.2736666349013 
-2.7270012973787 6.240486838514 
-1.170765471224 6.833613938 
-2.5867144974084 6.4158240808712 
-2.2043581900585 4.6230805341453 
-2.281419903044 5.9706825044306 
-2.189691708872 6.6141463968414 
-2.485820286254 5.3111417363665 
-1.7292500080205 4.5685392036165 
-1.2149104471781 6.5781665775696 
-2.0634003791255 6.1589905150974 
-2.1700470957166 5.2742134489751 
-2.427126549386 6.2619455399606 
-1.3783306265078 7.1858089903089 
-0.69165598670986 4.5422294505859 
-1.5306064529637 4.7323499287806 
-2.5753164001788 6.5046197675838 
-1.2502015939637 5.9821922001737 
-1.7971226894077 7.0354995122293 
-1.5438839247924 4.8188193521636 
-1.1568504113084 5.5527672962481 
-2.5692521234839 7.0138725752024 
-3.020309230359 6.3792507542134 
-2.3546233997789 6.1238104860603 
-0.6159365595783 5.1204627047864 
-1.4266261749471 6.0828847067657 
-0.60559771721601 6.2350658735646 
-2.4593791864914 5.8727420736091 
-1.6513320550507 6.7854744545711 
-1.2641567553486 4.5785195140383 
-1.6461993266878 5.2777909116793 
-2.9769168329738 5.7113556033231 
-2.3544502637205 5.6124024994169 
-1.2891794404406 5.2311833383091 
-0.80035589792441 4.814647319386 
-1.8047041125516 5.2264291692989 
-2.4888393761797 4.9194122282611 
-1.6138946612407 4.615215100389 
-1.555673742785 5.6653485082297 
-2.0812608921466 5.0522469550901 
-2.4142105609153 6.8973147075911 
-3.0794748873537 5.4064834505922 
-2.8045681391109 4.6102683067816 
-0.88752543615355 4.9907607809122 
-0.63219212907274 6.1501374482837 
-0.51954006587878 4.8134517779 
-1.9612033127541 4.9426417452855 
-2.9411378647044 4.8331248463127 
-2.5744744490296 7.2857666255519 
-1.9749107561951 5.0387346470091 
-0.62296178808742 5.4694651435418 
-1.3896220900222 6.300103475366 
-2.3335377449855 5.9867146103208 
-1.9759990236526 6.3700828946633 
-0.54128494148843 5.9410006562155 
-0.65637600205567 6.9560347558988 
-2.5252689933881 4.7316509215991 
-1.7416962512487 5.6999925565347 
-3.0888543975684 6.7524389146612 
-1.9286475274768 4.6392176769477 
-1.6646027862648 5.6873124264274 
-2.2627430387263 5.8081328248209 
-2.9212133424508 5.3732486162548 
-0.93219041389202 6.6678939331154 
-3.1635038092049 6.5437565041478 
-2.6763312435058 4.8138641962515 
-1.0549968999616 5.5653518558639 
-2.4222426291261 4.8189009938744 
-2.3124671455271 4.5532694549347 
-0.90031521170076 6.3494734801442 
-2.5576848806453 5.0371395421193 
-1.6292512469249 5.4284762094876 
-2.3397943361876 6.9553807326218 
-1.4520774963557 4.5928276028543 
-0.53974948666446 6.4200525858776 
-2.2141774830151 4.6565272791471 
-1.8969764721284 6.4160128677419 
-0.99624145672076 5.4613524558991 
-1.2772592124693 6.0832963637855 
-0.96692596553531 6.2687452454995 
-2.2319167188798 5.4045896450784 
-3.0898713506934 5.6135903037953 
-1.9405054734245 6.3282090288145 
-0.62986242277776 6.3387220816343 
-1.8868102344362 6.1668368462523 
-2.7770516150768 4.9885531960408 
-0.709421920619 4.5406641431691 
-3.0262450882122 5.4289431839844 
-2.9149899181354 5.4602391396242 
-2.085358320452 7.2611106568878 
-2.0220075659381 4.6328104275611 
-1.3855614919958 7.0656958972125 
-0.68136448723641 6.731958513544 
-2.4936356518144 5.9187311733333 
-2.4970165626878 6.3171025483585 
-2.1843732281834 5.6110339082407 
-1.8507205776932 5.9832605418704 
-0.88918981921808 4.723911761306 
-1.302676978705 7.1376594874691 
-2.0484373489649 5.8733722294763 
-2.0585041983067 4.855187345016 
-1.8664294655458 5.9041067266392 
-1.1411683214331 6.0469791469754 
-0.83985102308995 4.8685776271335 
-2.7479322188255 5.6634433973669 
-2.1061465274704 4.8730430509751 
-0.79367108347288 5.7314639063092 
-1.6838160321416 4.5928646040499 
-2.6380988425092 6.5822374359181 
-1.6939379013781 4.9922928314575 
-3.0782400089564 7.2943914251254 
-0.89388033050125 5.9898651082309 
-2.6782023782994 6.7526571639706 
-1.0922074238687 6.898420991916 
-2.5064744668344 4.9525484357011 
-2.8517824645371 6.004089387277 
-1.4446895053101 6.0715033046767 
-1.8891508802926 6.179368793811 
-0.80717619673542 5.9021353740905 
-1.6083668374267 4.972432641716 
-2.6038964917884 5.4160941772756 
-1.4952737120608 5.3586770642557 
-2.5128619389923 5.5179546872635 
-1.720450512285 7.2933790415641 
-0.81573342360491 7.07832885356 
-1.265558445303 5.0327330031161 
-1.1367912655209 5.1446097089489 
-1.4921147971321 7.1945122197291 
-2.4458247453859 6.856911069494 
-0.7567441979351 5.0762507353193 
-0.86661072569368 4.6857215451327 
-2.6169991546516 5.305023987714 
-1.3234875253085 6.3695998143062 
-2.2314823865041 6.1140183029325 
-1.2708528305402 6.7939664570352 
-2.0138265586617 6.1786825646458 
-3.1804067578148 4.8716796697756 
-1.9269138165644 6.0561261366282 
-1.6909979932553 7.0030130336935 
-1.0478813583837 4.5548359453284 
-0.89578080989503 5.4988368362295 
-1.1914364766421 5.3799344953925 
-2.7381528944883 6.4141804389255 
-2.1997435357452 5.4551627231418 
-2.3097685094838 4.9151468516087 
-1.5960397227109 5.8648061547482 
-1.1552286396757 5.0612953672855 
-1.3877819813614 4.5435388766999 
-1.0609634024678 4.906431708216 
-3.0113254027268 5.8638074633791 
-1.3304859149729 4.7531823623142 
-1.9953726411772 6.0830415205804 
-2.5952337370673 6.7071895721694 
-2.0620349732966 5.4491260352675 
-0.81436818634466 6.1067765547472 
-2.6362323959262 5.6700498103889 
-1.6480863459941 7.1925691604083 
-2.3587707785196 7.1152163547913 
-2.9119373682817 5.5451616872147 
-1.9459586419973 6.6472348486566 
-0.9844751806362 5.6475827904701 
-2.541205163843 6.9824382398759 
-2.0504268968161 5.0408745132997 
-2.1272911040568 4.6937272490306 
-3.1961076543303 6.8972651948677 
-2.1936392461631 6.4767949899035 
-2.283061036974 6.416952231135 
-1.5382190582239 5.7134887569899 
-1.0974152368842 6.5791633364148 
-1.4180223330992 7.2660665817724 
-3.089022680642 4.9622604760526 
-2.3834871243034 4.7875564117601 
-3.1142116493147 5.8555776151233 
-2.843496921778 5.6732135118087 
-3.1892510625841 4.7745847018488 
-2.419043162366 4.9142886831742 
-2.5354852589767 5.0703843683605 
-2.8920841174492 4.8961840918513 
-2.2139775354053 5.1720649052365 
-2.754823036918 6.6376547309179 
-1.6613491176511 5.0930470206979 
-0.69532871508197 4.6185149410124 
-0.95157428354908 5.9893807956995 
-2.3165748680892 6.2372480775267 
-0.69760216851525 5.3589294810265 
-1.4480694804156 5.491565363687 
-2.3746305462561 6.4374015265447 
-2.103433447448 5.4445617860066 
-0.55651677972558 6.3455234123553 
-2.7631986205678 6.4766316848528 
-2.3184000715188 6.0359174750016 
-0.63547777500013 6.2255662142263 
-1.775033552771 5.0503260880734 
-2.0821897992353 6.2021369676347 
-0.53564747276089 4.9120034443254 
-2.6711239496491 6.6756764516728 
-1.9725586912636 5.0191797138918 
-1.48939459134 5.0900551635635 
-2.8697363433506 5.7891922606538 
-1.0095218057343 5.2182645002625 
-0.76499090366631 4.5396332400928 
-2.565630869547 6.2126981658985 
-1.8930738394919 6.0365730314294 
-0.94124960735623 4.6035622384557 
-0.77857080227395 6.221355464084 
-0.7217647677402 5.5412141972684 
-0.91160072147611 6.2548663179281 
-3.1284365294287 4.6085170042611 
-2.7822435966665 5.003289616874 
-1.4332387144305 6.6277273780928 
-1.4208318085767 5.2266298679623 
-1.3977735051645 4.9292743723126 
-0.69683004711595 5.2997580545929 
-2.7689506444463 5.5461092301973 
-0.78199046382504 6.0027989638682 
-1.7160771101256 5.6178453800819 
-0.72802987041197 5.3723172609217 
-2.2152900899155 4.5844772100973 
-1.539760986268 5.1703325595139 
-1.3352788373661 5.2227995494628 
-1.8324018857097 6.0905890866527 
-1.9802332316069 5.0175729774775 
-1.9326201951256 5.1754741964849 
-1.915070480705 5.2297407558434 
-3.1703440592831 7.2992002907055 
-2.3821953511952 6.3466078723936 
-1.0712784358613 5.5100795974315 
-2.2864922001371 6.2868237748831 
-0.72604783450668 7.3112359237431 
-1.8939416132146 5.2234976198109 
-2.531578551941 4.9283883164961 
-0.64413744949186 4.6471544599982 
-1.460833092564 5.328890946727 
-2.22930018194 5.9713623858382 
-1.2028677819753 5.0747727193817 
-0.91871378482111 5.4088732544806 
-2.3075584370221 5.2941019991905 
-1.9994506788961 6.1711154593536 
-2.9134733068676 5.6718469160494 
-2.1314485058235 4.9323557188768 
-1.1366415652526 4.7138907010706 
-2.1462364681664 4.5715108415224 
-2.5292736321565 6.4097631263518 
-3.0472801032817 6.1181169915247 
-2.7873235254054 6.5024679729419 
-2.2107693963031 5.5011548300609 
-2.2445504062691 7.333292791435 
-2.335458018012 5.9930056485347 
-1.0971109621327 6.8889190258864 
-1.1651797502585 5.5141874593181 
-3.0145473691727 5.2596606002875 
-2.5658049631046 5.8589764677687 
-2.8074227007289 5.8042548749461 
-1.2364408349662 7.0207570556176 
-2.8941790506422 5.7623759345696 
-2.3259108197826 6.4541111124929 
-0.96147822314512 5.9383217784808 
-0.85736142185417 4.6754275304189 
-2.0409935927705 4.5687330884364 
-0.87482821785741 7.1023683753004 
-1.6954470065304 5.1648693118314 
-1.1222545292333 5.2302371970667 
-2.9590378001859 6.5336249235742 
-1.0284106631285 4.7327094762339 
-2.8193932145033 6.4480114097041 
-0.94562756643226 6.676740380286 
-1.7358649573734 5.4684251688659 
-1.4364477330244 6.7937074661041 
-2.8312064898392 4.9375377616082 
-3.0665338462388 5.0331242304032 
-2.7103282685238 6.7762717644179 
-2.9267397487034 5.6075616624303 
-1.1912369880656 6.6139154654312 
-0.86664267836078 7.1071235631632 
-1.0400252298077 5.6020202588641 
-1.0325702905273 6.3308591102742 
-3.0454138444089 6.9925056278712 
-1.2536919206189 5.3445088212566 
-2.8711023053051 5.5796318305016 
-2.5585800190862 6.0740464830813 
-1.6554678327804 7.0920426542496 
-1.1732835438097 4.5714471851293 
-2.0777279454826 4.9019163293623 
-2.6611881461548 6.5759472625409 
-1.0201634312239 4.5424677668973 
-2.3423527701716 5.1240511103382 
-1.8073447349993 7.2683289021674 
-3.0635259359755 6.1603026896468 
-1.9434336067261 5.7250001035388 
-1.6211705849255 6.302365483065 
-2.3252218556462 6.3965707689612 
-2.2526925883867 4.840444563824 
-1.3269649824765 6.1941591161461 
-2.4846888566744 5.9470989783235 
-1.4017546965763 6.6032845116846 
-2.2242830522133 4.6154866494181 
-0.82296286669537 4.901589560246 
-2.8437229602754 5.6076542445944 
-0.52545912210127 7.1660506220706 
-1.0817984760504 5.098807936277 
-2.8895625638999 5.4324844379637 
-0.58063515299326 4.9314064687772 
-2.6136030198798 4.5428953165075 
-0.53539849552736 4.795825757121 
-1.9005480951417 5.1257307316921 
-2.5291884116661 4.5969892873972 
-1.9930069407805 5.3486350001665 
-3.1467335684476 5.7307081594933 
-1.9229280869154 5.4019462931647 
-2.3032625034099 5.0650940079249 
-2.9199106009874 6.1041590950662 
-0.80855615303327 6.7469541439354 
-0.82752793450232 5.1013221383888 
-2.6100323158683 6.645541531392 
-1.135546164326 5.3889733713372 
-2.8896786326787 6.0988241175639 
-1.5319403687301 6.5020793097782 
-3.1785876028674 5.5398582460457 
-2.2936470223109 4.8353631974662 
-2.3009050450731 4.7678305612981 
-2.2366538077687 6.7656180141186 
-2.9230393171953 4.9067510850939 
-2.2861483408498 5.4398460804348 
-1.3994871181757 6.9298108840502 
-1.578945729729 6.8307625935866 
-2.6366280507198 7.1091376253247 
-2.4830820651605 6.8372502733307 
-0.63706276457317 5.8475341302973 
-0.81296128449242 4.8547723344745 
-2.4032654735011 4.6527709515632 
-1.4214133755721 6.9939862382881 
-3.0141689205151 5.6271306445103 
-2.6917130034861 5.5064205837996 
-2.8703531663173 5.2868185008604 
-3.1341897651477 6.1951192130656 
-2.7596704397786 5.8164332456757 
-2.2570268737133 6.1346807860668 
-0.62548805564403 6.7200414403375 
-2.5334807338157 4.909758468532 
-2.5007364849672 7.0983716392992 
-0.62743958931223 7.0315568691902 
-0.77512512319739 6.2348463404024 
-1.3943733576234 5.1139017225925 
-1.3495052542558 4.9046183901296 
-1.3824801769255 6.4139946480973 
-0.88496379807927 5.3785464821862 
-1.4848448221909 4.90335771092 
-2.8836315914514 4.9286014880786 
-2.3013898726414 4.6949950395618 
-1.7344875724291 6.9301221551596 
-1.8921354665082 5.4983749162046 
-1.5697914341639 5.5812120570739 
-2.2495644802042 6.1164624735228 
-2.1509905828622 5.9361429356012 
-1.6388886293889 7.12191422436 
-2.0754095277824 5.5746131776673 
-1.9639634968432 6.4997951224678 
-2.5067247359288 5.4118088672847 
-2.3943312651289 4.8788936050947 
-1.9084932262412 5.0217670597674 
-2.2616297855359 6.5940787775522 
-2.1956439862466 4.8728821488258 
-3.1140022967973 4.8259808351543 
-1.7660534787153 6.3053572395846 
-0.72983101720754 7.1040056061717 
-0.6571251914975 7.3408670820025 
-1.2312265368001 5.2005359737989 
-1.3909512574132 4.8456163152637 
-1.9289567353247 4.6198684226428 
-1.4134656943438 4.720451027895 
-0.60716039429433 4.9972089837278 
-2.1830353329168 4.7667263425319 
-1.953920126892 5.5570666270185 
-2.7021389237066 6.9228400300012 
-1.9275608084089 6.5394559790292 
-2.0779366065768 7.0100045057687 
-1.6944203121549 5.9749356207379 
-1.3251329999197 6.4317994542143 
-1.5250473533716 6.8043722185972 
-0.51677981847382 5.5951891199203 
-2.1233552810883 7.0573726325957 
-3.1777809409054 4.8266267997217 
-2.5630532696406 4.5681920758175 
-0.82309826287153 6.7443271006773 
-2.8953616709832 6.2150345038634 
-2.7303755895634 7.2759682127124 
-0.81627457789492 7.2376736238405 
-2.7229865712272 4.8738958105635 
-2.8757000510432 4.6385479594327 
-2.2658781139626 7.2553459013129 
-0.62705172084657 4.9423206384827 
-1.9185318201613 5.2533675932838 
-1.9383778374569 4.6744499745428 
-1.9878063363041 5.3327831702356 
-1.622983465284 5.3645387012944 
-3.0935253420654 6.4235891523689 
-1.5903486725595 5.397991455032 
-1.1390935699683 5.2910422995998 
-2.4841915524364 6.8142660891275 
-0.83065201412774 5.2002299238822 
-2.3569753055464 6.3999196884164 
-0.68614719298222 6.0811182161202 
-2.4477028070505 4.7765678746765 
-0.98598062204887 5.9951095864535 
-0.53073633893165 5.4866209464971 
-2.251969867816 5.9034328015552 
-2.5620491987091 7.1282234753698 
-1.1837839372884 6.0831149510382 
-1.3784006949805 6.8918657880216 
-2.6657161235241 7.3252424979746 
-0.76830877320706 7.0031002027495 
-2.3340017717133 4.9865552343389 
-2.5794704006287 4.7044422583442 
-2.2890326689915 5.1663108075406 
-2.6696285829143 5.6633038404897 
-1.4076965632594 6.4947818828012 
-2.2251290444972 5.2452889031387 
-2.8279232228179 6.3191922075994 
-0.60928493454844 5.6327261696849 
-0.68855254495781 6.2965021284872 
-2.8214036974138 6.5201886031338 
-2.4878002010962 5.545985848388 
-0.96116143658629 5.7385808280413 
-0.51961589609655 4.668397936958 
-3.1128471850769 4.9375301947378 
-1.2176729852138 4.7096131815278 
-3.0828136625096 6.4721940522532 
-0.99263359115729 6.2169670411377 
-0.64646263233975 4.601305375429 
-1.3020020336906 6.3644274216776 
-2.7272693557094 7.0516472281068 
-2.8877353795375 5.3520743435291 
-3.0801038845832 6.1975667406778 
