-15.517764488026 0.071942200322445 
-27.898016339826 0.62228777377776 
-18.271373457553 -0.43462240471709 
-19.765254485463 0.31570832713253 
-19.571051764149 0.75281160461554 
-18.046588710507 -0.21404065728614 
-17.519566676095 0.57403713834182 
-15.540737421526 0.41804573828832 
-18.929601806906 0.6194989027532 
-16.803061236811 -0.19525007638568 
-20.962003900022 0.46032551938669 
-15.499998621277 -0.13558124024241 
-17.871218942969 0.049497233088152 
-16.062714205063 0.044097837572515 
-15.693517712996 0.50822576952278 
-19.127816293157 0.077086220413522 
-28.28183993523 -0.023591344176956 
-21.631776583199 0.036211433613398 
-19.552968808734 -0.19999548297627 
-26.137343119087 -0.5353711517163 
-15.86127113655 0.34634681308081 
-21.514906516646 -0.24858396581118 
-23.430013640784 -0.48231399944645 
-24.687343297816 -0.57905011665345 
-18.336747923966 0.74573998324688 
-20.437853977652 0.52974237432408 
-19.119716761238 -0.63195952423982 
-27.543945764715 0.4520785656131 
-19.060051788985 0.17806433676322 
-18.508552206518 -0.34635206096624 
-23.982026369503 0.30225550420043 
-16.48200018167 0.73196311506244 
-18.019208107184 -0.14768545076481 
-22.450767564512 0.18762606358242 
-24.758312882965 -0.083567800109288 
-16.146305838066 0.40362360214975 
-16.05715736163 0.40688545893288 
-17.816384748786 0.49051365346158 
-20.183163398497 -0.17589108094355 
-23.043572769656 -0.42124134935837 
-17.73287106572 0.14275206299772 
-17.237735558934 -0.39342443986854 
-21.21737133001 -0.15821780440785 
-15.997344520204 0.65679862780122 
-20.85979472762 -0.040162473947423 
-22.086582720688 0.39260518274266 
-20.373271598219 0.41335497147865 
-19.893793704632 0.20958997709861 
-21.31842719875 -0.35951712148886 
-19.169811754733 -0.17729440715345 
-21.876964015148 0.26697516443922 
-15.398766440216 0.5548291240925 
-19.031308013122 -0.16939694379104 
-19.718279682125 -0.55288293346212 
-27.440464756368 -0.08695196435295 
-29.730231824025 0.72696972077532 
-16.938104246711 -0.62491556729165 
-22.589702041249 0.39012433829963 
-24.351724338281 -0.62768259884666 
-24.909327672081 -0.229611881936 
-21.87131391078 0.15852654497729 
-18.026524071251 -0.17891179700855 
-23.064207003561 0.42899860353745 
-19.624888514046 0.74864834714295 
-19.23908237625 -0.43421510007758 
-18.598163703675 0.52639662526786 
-29.509882694635 -0.4501886687206 
-14.745482692581 0.75014733964109 
-16.32266435038 -0.23490074760989 
-25.17853175276 0.13110129008082 
-28.871536784867 -0.46171711733767 
-17.832110593371 -0.27121542744769 
-27.69422815615 0.23347979775881 
-29.388166647892 0.74554054869295 
-23.997653786151 -0.43666783445669 
-20.717532351511 -0.1955176045724 
-14.826449867462 -0.18138696148848 
-24.487620472216 0.28183103411816 
-18.801308386401 -0.61555465889864 
-14.942738470998 -0.61116315887966 
-16.171620512091 -0.018667899020597 
-21.159224189643 0.3920396383856 
-16.549933471914 -0.075259811570192 
-16.573026059485 -0.26101422940568 
-17.081199429728 -0.4347588767429 
-15.123662049505 -0.59240249371859 
-23.644564981427 -0.2886873913057 
-16.017388207791 0.094660599723281 
-21.3650852382 0.56993604244536 
-16.935007822229 0.56674690135166 
-20.416743367087 -0.42362114549936 
-22.814559919815 -0.42366551339473 
-15.329428036293 0.51678766212756 
-25.164476195367 0.6290350661009 
-17.23186032993 0.65286857701833 
-18.49429735332 -0.32089141998906 
-21.805001667645 0.022675449566147 
-14.757591621043 -0.56442197542109 
-23.840837551907 0.40552944420737 
-19.895532417793 -0.2709964300495 
-20.518831619904 -0.0087572013032773 
-16.324883594196 -0.62673366468083 
-14.873200953841 0.72224035867155 
-22.049231118914 0.48743332388514 
-16.600186096456 -0.02094562725599 
-15.478486529534 0.47997591751361 
-21.016815175836 0.046799440638799 
-21.046956137963 0.44161323660166 
-18.951942632883 0.70095154393111 
-17.861104648716 -0.097479950961679 
-15.581156744248 0.54608038041024 
-15.989452512656 0.11297353051771 
-19.409919434982 -0.43778403278815 
-16.242256650199 0.35657279705878 
-22.701345628774 -0.62686251286757 
-22.989677046001 0.31766597869919 
-20.928073802208 0.039110158939553 
-17.321564375327 0.55867239154315 
-20.020910713718 -0.51074294804021 
-22.417054477472 0.37494177727113 
-16.934651122744 0.06697433635717 
-16.924716884332 -0.46216576308722 
-17.596507530308 0.25105708173298 
-15.402758984564 0.17538800275434 
-19.363573627813 -0.034280486472722 
-18.074482926131 -0.62569714069229 
-24.534623702371 -0.55824749107225 
-16.540529130148 0.61909387575472 
-16.70184406983 0.50903103133208 
-19.927182727701 0.065265111009885 
-15.404153686699 -0.37804713757461 
-29.408647249736 0.28253610258719 
-25.044046420934 0.39824756424746 
-20.997519717432 -0.5947750067814 
-21.17333831631 0.12314298252378 
-21.267167209537 0.4788111250363 
-14.97650865555 0.097691784532554 
-15.084096814139 0.196116644706 
-22.916558152588 0.36626424285843 
-19.843635505301 0.58395588300024 
-25.43779384875 0.46288717911947 
-19.48316785426 -0.46137669705444 
-19.171727912444 0.11762333859715 
-24.992251774258 -0.25124286410103 
-15.027371704795 -0.074816162899414 
-18.544823432148 0.027144078906783 
-22.17931619649 -0.26558315973584 
-19.45397135485 0.5824435679429 
-18.579554196979 0.17316977819815 
-16.534419720997 -0.46255236407032 
-16.441850078116 0.61522071284953 
-17.401766749472 0.20185801038351 
-20.77486318477 0.094517256388365 
-18.359274773843 0.70139498162073 
-23.523707680619 -0.054547014236024 
-20.998565690805 0.090921969327269 
-17.486155935403 -0.22373477914385 
-19.742969734757 -0.2034843709785 
-25.092483626766 0.60967253469977 
-20.723471385973 0.23460384899425 
-18.99294366696 0.70612895688062 
-21.213871015716 0.62349243416778 
-21.909647009209 0.064164751735845 
-17.853549184244 0.71314947975893 
-16.758593010429 -0.57870647161529 
-19.286415352786 0.43543620296704 
-20.1017732346 0.19098415110298 
-21.076454636484 0.72926164254295 
-22.452620699477 0.40306843776311 
-15.038989184719 0.419000820648 
-20.674080049615 -0.28170498402238 
-20.820041811432 0.36783675537031 
-22.583462686652 -0.15699624939286 
-18.707523168111 0.44625995171902 
-18.548762894344 -0.19131858676915 
-15.8194522368 -0.58145843189615 
-15.212371645476 0.047262912286811 
-17.548408756716 -0.14396992239707 
-21.85323517306 0.12393567117643 
-16.666648354695 0.56320230738056 
-15.594109888043 -0.31198665233133 
-15.77075790583 0.72121323829881 
-16.445471563443 0.5983342770429 
-18.053554732524 0.48597518008307 
-18.484001085062 0.10293348935761 
-15.438015022488 -0.14099144034615 
-15.564535042027 0.53425666375303 
-16.717340805819 0.50486621440826 
-28.25760470382 0.57781996805045 
-19.481236084834 -0.25905129975874 
-28.893626226656 0.46618749619393 
-16.751203365355 0.36322541768547 
-25.182702358637 -0.012216304378478 
-20.937662055198 -0.28033170011111 
-29.107170686987 0.51146055012339 
-29.153934961209 -0.4179751059122 
-17.658545955013 -0.58447066755964 
-15.775610671898 -0.41336516828955 
-24.619661323613 -0.52294387574822 
-15.535112524508 -0.48162155900886 
-21.132803662959 -0.017549735702236 
-16.627444461813 -0.4291422092602 
-15.224619597772 -0.055832242874053 
-14.745225283396 0.27108574130883 
-20.520966804402 0.080943061345564 
-22.755801018214 0.18686268128327 
-19.761251300481 -0.14554134651718 
-15.180977619114 0.26444656066311 
-27.348434463953 0.46722667944821 
-18.277540978763 -0.09446238020293 
-23.38212241433 -0.34791098106611 
-23.242611667794 0.18063384448005 
-16.619744216925 0.13172717768343 
-14.783746866609 -0.52080917322191 
-18.659060048886 0.36388638096518 
-17.008561728861 0.29872126380959 
-15.21587965434 0.070004919668918 
-23.894384903951 0.03170292711579 
-23.930032498877 0.229071723156 
-18.107833673548 0.31965507971558 
-18.332410222295 0.56516078225423 
-16.154968026683 0.2966822052915 
-16.532531690576 -0.32765070509233 
-17.278014877251 -0.09056747501471 
-20.406255360119 -0.075165816502277 
-21.548237308084 -0.54191714101067 
-21.868544687735 0.62606490815317 
-22.802846105489 -0.22723486469812 
-15.360054601526 -0.29970392864414 
-19.89421766078 -0.62876561367443 
-17.140455759795 -0.46735045990342 
-17.84174247187 0.28815722358313 
-17.490970825161 -0.18397513753047 
-24.181328376298 0.3798841142498 
-19.851112970749 0.16722725084297 
-22.75285599299 0.63458261002109 
-16.608648158224 -0.39709872299076 
-16.089637817756 0.49267639544601 
-21.211693371315 -0.16753198870514 
-23.984789959188 0.5315342860852 
-14.863975882478 -0.62848996849079 
-14.881786291432 0.74740274554486 
-23.968471172769 -0.50238370973231 
-18.480908567471 -0.48355548633545 
-21.15923740242 0.57750641704022 
-27.300853302758 0.66882800828279 
-20.518300747057 0.22432929388709 
-22.788036920154 -0.010748603223734 
-17.702698894172 0.44651537041459 
-17.031255314145 0.44220436308348 
-16.649252463869 0.71961452647462 
-17.779869336868 -0.56602045473318 
-16.311245298365 -0.5381392729608 
-18.619659606663 0.4393108218736 
-24.701603935886 -0.20506982378299 
-15.349385543434 0.65709484727144 
-22.713685666942 0.49544159495141 
-19.338693225834 -0.31975176769653 
-20.955089242756 0.27589792788212 
-16.609663244347 -0.16822525231734 
-25.587700121556 -0.21802654518717 
-14.885787360998 0.015467781593238 
-21.98396996817 0.10605906096823 
-17.066606802996 0.26477465351369 
-22.6886110878 0.45659845542851 
-21.295175705565 -0.2481068332865 
-21.538389236088 -0.22924222722647 
-15.781682750974 0.57348755786604 
-27.847482203358 0.10444375089932 
-26.747321034798 -0.26782552701813 
-17.550445429721 0.23173466375491 
-19.542109997193 -0.26349640817218 
-16.9027981856 0.73335222555689 
-19.55927615841 0.18920524293455 
-21.775178262244 -0.59912207967814 
-19.121915199317 0.69217260477346 
-23.437493249069 0.28584352284136 
-23.94479997225 0.71574147080648 
-16.748459536898 0.072179960391889 
-21.381401379634 0.4162616886111 
-21.957959438612 0.68642958128227 
-17.446389839921 0.11450398951896 
-22.565157180683 0.28051735490756 
-14.722986448837 0.71322066222524 
-25.891927034628 0.58549172245271 
-16.391592465205 -0.61737209782458 
-17.624800429307 0.53029446618504 
-16.971788221158 -0.065997277140882 
-19.924483567911 0.18784973725456 
-21.110217157298 0.62325689045925 
-18.224337228174 0.58282248891229 
-18.393592418746 0.29876900636832 
-15.111365896746 -0.47942635431372 
-15.028225557433 0.70972605433483 
-14.971974632202 -0.40547453163618 
-21.039257606785 -0.18142049078258 
-20.665448381211 0.72851634381213 
-20.039420997606 0.64165237342426 
-15.927574486058 0.70280032315223 
-29.315216989347 0.38934123536535 
-16.561530450777 0.48970742414015 
-20.139675498402 -0.63577072753302 
-17.148008360762 0.5025459924429 
-16.157264569953 0.39564657563299 
-16.107336251334 -0.30538227309965 
-16.964169550058 -0.46374575983301 
-19.639333497042 0.031907057287879 
-14.954040735012 -0.42666752425682 
-20.972703735386 0.6167144476828 
-14.854116152361 0.01594283939661 
-15.338748005337 0.72922852523948 
-20.720723786066 -0.041056219586476 
-20.987605298568 0.7327695739838 
-17.352026789707 -0.013828766303623 
-21.637300820455 -0.089260625274284 
-21.593969260157 0.22283658640514 
-17.365819826519 0.14112038830721 
-19.277843101591 0.44783062049451 
-18.31351931209 0.024274270836151 
-17.044286769288 -0.33493915141743 
-20.617769626256 -0.62480990842104 
-21.805060717021 0.54767654511845 
-28.496147095636 0.32585663162637 
-28.609565163949 0.67874390744519 
-16.192975698484 0.10702429970662 
-14.741884109333 -0.064399530467283 
-15.544059350187 -0.063406772150532 
-22.06882860956 0.066678205539161 
-17.3185415237 0.16019629606163 
-24.702319148041 -0.63544237997779 
-28.504317894037 0.18334428422569 
-18.201468786647 0.1446575763245 
-23.054154406935 0.1893424636554 
-16.228296385649 -0.62334595553614 
-19.097155145465 0.27451935095571 
-16.783147365688 0.51310583973066 
-19.604607275093 0.68239211743334 
-14.854334312218 0.6757800499532 
-16.122338728898 -0.1106001404302 
-15.372687062687 -0.2065879513735 
-23.831786085912 -0.43228824903621 
-20.831206690813 -0.40994045017216 
-24.702670061025 0.53439601204592 
-22.1041586159 0.42608574630197 
-20.292937189453 -0.058718231974187 
-24.713195128706 -0.40012592843877 
-20.693821233209 0.35332810553886 
-18.822820543767 0.74497453362629 
-27.775293485618 0.46761431040342 
-22.440429673556 -0.49424656297389 
-17.273622903195 -0.48272440547988 
-16.334692764073 -0.18395982703947 
-22.633702851838 0.62073471002711 
-22.826317079378 -0.019263566852221 
-26.138830692075 -0.011215991790467 
-18.710557175705 0.13154331046361 
-22.290174369747 0.3368475298209 
-16.685724330569 0.12988020256145 
-15.205923841015 0.69167000902985 
-21.18225446066 -0.33177099378843 
-22.652760030233 0.66418114266155 
-18.380380107818 -0.2840477698019 
-21.538972607193 0.65567090942853 
-14.861749551752 0.32513293063444 
-26.817321771587 -0.27907646418735 
-16.644319901625 -0.39965864603799 
-19.792399550743 0.36488293219514 
-16.527703077538 0.25416921779501 
-18.843842343542 0.5401397596058 
-18.574603203352 0.58670764551318 
-22.732757059447 0.53495188601678 
-15.229865657244 0.66468815585896 
-15.143233987111 -0.62616816507322 
-26.970302612254 -0.23953219270242 
-18.878936312804 0.74375098804235 
-18.550122638641 0.304868866602 
-17.080034153627 -0.15028261569443 
-17.474632438063 0.35315270729666 
-19.426453215356 -0.25254485480353 
-15.628631237132 -0.0066672672669195 
-21.383435091837 0.55547058142818 
-25.17803216577 -0.016476284544353 
-25.454019298861 0.38177433080169 
-19.115559257293 0.13023395961131 
-18.825662516118 -0.50393521515487 
-19.637338997802 0.63287665324661 
-22.928128285146 -0.48872590456478 
-15.16534771919 -0.40337458199365 
-22.180278796526 0.72998583224744 
-15.889997755772 0.56809985721964 
-23.021768387183 0.31760957604773 
-19.972161852972 0.43097477363189 
-29.81372443553 0.25543396956606 
-16.002210399033 -0.32672259990069 
-25.644958758816 0.71610645148927 
-15.142751093401 -0.55246079619102 
-18.190276795889 0.28638843573585 
-20.08344191091 0.34924042414374 
-16.491720471162 0.46101818668505 
-19.264182586278 -0.46692546450876 
-23.14888067122 0.062248952363288 
-18.018707412877 0.0801132718701 
-17.249654042197 0.25010534332454 
-14.858781552485 -0.06060247236142 
-17.757470341106 0.20986085688913 
-16.243834253241 -0.61652147315867 
-15.618599992336 -0.39314623014588 
-19.358646470644 -0.29459508043899 
-15.949189994914 0.36291907021433 
-17.311666911639 -0.03572066485243 
-14.695719441718 0.48507322590337 
-21.20436845706 -0.033995496792695 
-16.280846895634 0.27083042800941 
-21.760631631788 -0.23439237111525 
-22.034394853919 -0.24844953235088 
-18.168869468981 0.16168168501296 
-17.542154114305 0.67853504186324 
-29.12568269374 -0.53110175259554 
-23.410139351531 -0.17199894645706 
-23.522935642844 -0.30473581940246 
-19.376099967348 -0.24770534214006 
-27.087689761806 -0.25487711524341 
-15.808771857745 -0.11525136382375 
-22.53976708302 0.05470557534691 
-16.187602209605 0.16915023170003 
-26.833683179229 0.092361010253359 
-20.964814148702 0.045690010465921 
-18.637113317883 0.26535907596949 
-16.494470355389 0.49239077757498 
-18.047054613254 0.72994838114576 
-28.82533745259 0.66613258435848 
-17.539052252644 0.071239984422613 
-22.202909369889 -0.012311043970815 
-24.116400789609 0.60352492601814 
-20.886692322318 0.53102720312562 
-16.545398854807 0.11518973772818 
-15.295728624339 0.70087151026743 
-14.793569557733 -0.085379373052679 
-18.081253967373 -0.037029392411045 
-24.981900891156 -0.59931281221146 
-23.474761620566 -0.13574061318592 
-20.320560149135 0.025518158485753 
-22.763789830567 0.40891288644651 
-22.792391676394 0.64518607789606 
-20.630374753513 0.73512537298417 
-27.724985409448 -0.24693125554397 
-18.202441019239 -0.4746525613401 
-15.146914407382 0.044156789417091 
-27.855858496929 0.68692185122106 
-15.770789644659 -0.49083016901014 
-21.668714566655 0.1645824932202 
-15.887617703015 -0.27712934927476 
-17.343293790671 0.38842967130859 
-18.458035348043 0.48681053924424 
-24.34204259637 0.54949279898096 
-22.267347495211 -0.017442702714686 
-22.027185787091 0.71152742739162 
-20.401141023428 -0.25203046182933 
-14.774930283354 0.60930943857383 
-14.883209216191 0.58958744166773 
-28.227346258528 -0.17736775863206 
-21.682337506141 0.016477609380039 
-15.818663450257 0.3456764916516 
-17.100537310026 -0.19075584904222 
-16.027272205709 0.20512713750108 
-22.009682635729 -0.51456016519079 
-26.311772517214 0.32038277445307 
-16.514059781666 0.63522267442599 
-20.145924157814 -0.14626876780822 
-20.426232612787 -0.076420585841987 
-20.720859438965 0.15787745874207 
-16.893866609982 -0.0065956018064757 
-21.683717382824 0.31894387529725 
-15.628434155207 -0.22279774070203 
-17.237411573279 -0.4799253439228 
-15.207532754111 0.55567724091651 
-16.99917411206 -0.50982941606819 
-23.276047148708 0.70417094342221 
-21.555927016897 0.5972546618549 
-20.470501932009 0.464569315052 
-26.125469379284 0.0032332900974734 
-18.530001007271 -0.5246621448532 
-20.987979877776 -0.1293766286168 
-19.393886313472 -0.5389781568228 
-17.8558346655 -0.27606171781976 
-18.849843063213 0.74185245879696 
-27.878414269165 0.51151526567031 
-15.717867816807 -0.33942171588929 
-19.652598367716 -0.084305165804764 
-16.590262644133 0.35258204616754 
-22.104102020658 0.68070517216368 
-15.917642890344 0.31193659799352 
-22.093504100842 0.13614205138767 
-14.807192473921 0.026382621750801 
-27.600329360246 -0.46451858303499 
-20.638316669071 0.099134095600783 
-25.781382725935 -0.45724082771311 
-23.64406824247 0.24000244726737 
-16.331918264764 -0.22576804259042 
-16.940345584627 0.30483679984804 
-14.964897849417 -0.48228832595737 
-28.994724007041 0.35370238697413 
-20.773941546999 -0.06089039747582 
-24.791255295277 0.45154850761846 
-15.803499352432 -0.63449430354075 
-26.008628376939 0.048090546163452 
-21.13652949798 0.18304689242063 
-24.487073326311 0.71057695627327 
-21.184405735999 0.59610475985898 
-16.406950693883 0.078603128502743 
-16.462199980973 0.53134734592712 
-18.137884317914 -0.37649133284523 
-18.282242259255 -0.50347520345654 
-15.133833719768 0.21171424932747 
-14.731334406943 -0.05380551744684 
-15.177453954711 -0.33370694645693 
-21.270351249442 -0.12326611965125 
-25.38900558515 0.4180020830796 
-15.908731812009 0.57429281238359 
-16.123088073339 0.71765909684254 
-21.228899890368 -0.047705068525192 
-17.550560107783 -0.54686466942661 
-15.673581291031 0.49123642461293 
-18.91165842251 0.48210737896645 
-21.245153703626 0.44381792318512 
-19.44144064471 -0.13130794842641 
-15.615327640751 -0.6341481562183 
-24.426321927305 -0.023176058263046 
-15.361632285243 0.054370674255801 
-17.331030857812 0.70694519815055 
-15.227716751111 -0.26725648915212 
-26.730162600682 -0.17267851979915 
-22.022215996087 -0.15809096235951 
-29.10533446427 -0.41277133769283 
-18.696611270132 0.13087910572013 
-15.044185487073 -0.17864853924936 
-21.246447086357 0.11541917322449 
-18.826661416369 0.51149835906691 
-16.443212419276 0.46259264644443 
-18.075790285696 0.70557993580141 
-14.903714248784 0.065329838866646 
-23.639739786303 0.34432253350437 
-21.929470731304 -0.59322178947538 
-22.187026590108 -0.19821998190512 
-18.269762591131 0.60265807689031 
-16.548032159809 -0.23815963893608 
-19.576412271439 0.26571709289436 
-15.11483072241 0.73957677350602 
-18.237616009258 0.32147780578195 
-23.221808003691 -0.017502378630021 
-17.143509096125 0.27446979013476 
-18.781261895415 -0.2475151432061 
-19.700503814802 0.62823886865834 
-17.787422343329 0.63017581507335 
-20.965216386767 -0.12000334838393 
-16.315439647577 0.44461971042011 
-21.260367678311 0.55176755261812 
-21.657830814758 0.32897607507899 
-21.574728490091 -0.62888821497979 
-18.463426815335 -0.12390051504717 
-15.889301181894 -0.38703892140197 
-16.415007381564 -0.093823308309189 
-18.221286866229 -0.61151719238458 
-21.715119600917 0.1100693318165 
-18.028826327617 -0.58181531501372 
-20.890111419773 0.16042590313153 
-19.625386090895 0.68245363875465 
-24.821477967587 -0.2420054958657 
-21.806913392207 -0.0076308953906001 
-27.341708206538 0.17234520501015 
-14.868553820735 -0.1632647193108 
-20.074156636301 -0.15520384457085 
-26.538680867429 -0.09191533268522 
-16.76665911986 0.71442388436695 
-15.039311113494 0.58831759961241 
-23.067340388178 -0.48363848279012 
-22.169656525881 0.54679291748812 
-14.984842818144 0.094941302212445 
-15.665365061585 -0.070291604729291 
-20.726575960287 -0.30602683325481 
-14.922153580518 -0.55850020648684 
-15.825788504432 -0.53495977035897 
-16.95317746783 0.69068338191753 
-21.055915085122 0.46556520262139 
-17.383072496023 0.11817901388039 
-19.5992196016 0.43688410072573 
-20.58508656262 0.46057723041666 
-19.907795131659 0.31756039225133 
-19.579589201577 0.75432155207912 
-27.64168541534 0.64177756655198 
-15.736177773944 0.72016293689921 
-19.904727566115 0.26887107119342 
-20.953488922065 0.3076575219683 
-14.705298768212 -0.56460249205983 
-25.313244341419 0.07401369075322 
-17.004525339438 -0.20773208742428 
-14.896580780016 -0.19282060057528 
-16.16976291483 -0.0064293190969393 
-21.534220974169 0.012482387989126 
-16.591137145926 0.22530111763286 
-22.279286283304 0.5302227206699 
-20.333601464773 0.44192796350034 
-22.745234545097 -0.38249808172892 
-23.270239917715 0.24598112452087 
-21.207198998892 0.71770941173089 
-17.787209808086 -0.40261513551948 
-16.262095421999 0.51190311516531 
-15.662420344588 0.64017936850653 
-22.374959579415 0.55735966470254 
-18.82511898153 0.60928974991299 
-14.868093316809 0.14725874190614 
-17.665357432657 -0.49227697791651 
-22.02502041336 0.53988191464169 
-20.33610218848 0.64255448192631 
-15.364422043338 -0.44523715076073 
-23.651944238253 0.34235203568292 
-24.418340568518 -0.61403166837545 
-20.320626486642 -0.53584407210792 
-16.174820402805 0.18572637537958 
-22.073589636051 -0.51412351330271 
-18.537245914487 -0.10170489748405 
-17.14436740692 0.65946781467126 
-14.895790135341 0.75198028088825 
-18.106315425375 0.5092076624436 
-26.144537114925 0.72425757780871 
-18.929186402677 0.20079031931037 
-20.944770603817 -0.35846116354605 
-17.613459733031 0.68234089877684 
-15.192988729435 0.18007334086321 
-16.671636687979 0.64128395948731 
-17.360171161255 -0.52685248861867 
-26.528823482733 0.052411563645141 
-17.581536869137 0.33785659692115 
-22.951141182071 0.25583536168366 
-15.171172990778 0.59543748144689 
-23.539545340413 -0.51123164190943 
-26.73068553442 0.18807846943565 
-24.282207025169 0.19305808386132 
-26.587091647143 -0.092860198971499 
-24.215676607229 0.67362766517606 
-19.976266239665 -0.62224914570927 
-15.75769063136 0.60612850613168 
-16.943547855539 0.026380954339706 
-23.055528642413 -0.5938903283009 
-15.799515696651 0.43705627942619 
-18.855243315828 -0.11095133141387 
-22.164335277824 0.69149918305865 
-21.302469071606 0.10926179300537 
-22.020981359647 -0.38285175802924 
-17.205877443567 0.5093215732072 
-15.762220734728 0.31985085225805 
-18.627203791267 -0.21594281166188 
-21.359955095024 0.15818207651864 
-22.799956530663 0.72232068472442 
-18.703980940301 -0.12302188696398 
-23.376880676213 0.53571936379371 
-25.75152553664 0.053067072057513 
-21.271088888309 0.60239190896061 
-27.659653615219 -0.43866045207281 
-18.065011887878 -0.55753321109459 
-18.280499848534 0.40241647044378 
-19.955520207021 -0.28439192366062 
-23.030322789198 0.49845144470597 
-25.262092552792 -0.56317339104802 
-14.967053793745 0.10021425020273 
-18.578645134826 -0.46813191616707 
-24.516506921314 -0.11715837771048 
-16.022315582313 0.34064138986828 
-20.309536861713 -0.51040012067709 
-16.998871127383 -0.42392302738963 
-20.969650668575 0.73687442902816 
-18.38960591798 -0.20570375973017 
-17.009018405452 -0.31917777781285 
-16.117684711511 0.52528391520315 
-19.881772037777 -0.0024761205645838 
-21.506241615297 0.33108116703917 
-16.613987427115 0.22583783276105 
-16.767677840566 0.58304989877849 
-23.189062752458 -0.39693947195988 
-16.230082518959 0.53736164579181 
-19.637573548509 0.00050063142652634 
-18.780638170119 0.090803001240164 
-16.81470115648 0.53838344272295 
-23.682834084278 0.14955763507996 
-17.558887967849 0.20616150492605 
-15.672742374841 0.07140949807387 
-17.983217930203 0.55510397681625 
-15.761272062187 -0.098608084786266 
-25.425754625286 0.52896759699024 
-25.225063735115 -0.42844507939119 
-19.86203794659 -0.0099592812432197 
-21.047014712573 -0.37345461494968 
-26.454351438159 0.45440857342623 
-23.213791151767 -0.23644605237889 
-15.677956804785 -0.53615202199125 
-29.729052272989 0.17757112928647 
-16.120620058323 0.09972186784949 
-18.981475498709 -0.63589755581608 
-19.267654006072 0.003136451266244 
-16.563079269851 0.3152459297387 
-23.252250009864 0.65867331525072 
-22.415812940735 -0.21345549199587 
-20.399450356156 0.46723281277804 
-21.045540252186 -0.058658298059923 
-17.265975390748 0.45311357833858 
-16.607800706019 -0.3344856999039 
-16.759790340165 0.61248667682156 
-19.17643091369 -0.052506011154171 
-15.575397533031 0.37994554929099 
-15.812905328978 0.56549489000145 
-18.429542486815 -0.46376944884045 
-21.183671268168 0.03619933373229 
-15.475133838879 -0.33050487424052 
-20.283972932581 -0.077828243105721 
-18.154914229193 0.64997200261202 
-14.823860368753 -0.55059528455897 
-22.791258862317 -0.36295733279045 
-15.968744945872 0.49299098825874 
-22.711367213303 0.33679585701591 
-22.503180606143 -0.60085377923393 
-28.82233263311 0.081077083489093 
-16.782779497343 0.26833520141367 
-15.305550331358 -0.50314932948581 
-30.022901462805 0.75156421854823 
-23.832544774284 0.67807450237502 
-16.525435890984 -0.35803491870386 
-20.349454906476 -0.53315895975198 
-20.379045527387 0.40492034288339 
-20.611341181962 0.68790948956854 
-17.394571914764 0.61029257348543 
-16.327800438551 0.20540427126442 
-27.595267167548 0.61902582293255 
-24.037973920684 -0.1275813511305 
-19.697947971991 -0.45256895136604 
-19.244030990367 -0.21193906766243 
-17.958069512463 0.48701123068705 
-23.889229282361 0.20188234920041 
-23.935915214599 0.55016156811166 
-25.10025265498 -0.19088593065507 
-24.030916908338 0.59642421831084 
-22.581657118505 -0.092979879389758 
-27.860958016501 0.43852033827787 
-23.600181387332 -0.065060058401875 
-15.313936794772 0.48262464565245 
-17.913855575887 -0.39017001692762 
-25.042919030008 0.64056157961588 
-15.935087785601 -0.32100543018778 
-22.261179746475 0.25134062598103 
-25.183149392205 0.30549360826744 
-20.11495210367 -0.17636534983235 
-15.059460902738 0.22149431039408 
-15.077438826882 0.24399612324386 
-14.756081717483 -0.12316277905114 
-24.751422841144 0.16006395491437 
-25.875450569653 0.72231057356947 
-18.019586713434 -0.53464721741539 
-21.941478721565 -0.33947156316408 
-19.777329910963 0.10144126189997 
-23.105313575409 -0.46003751054445 
-14.837130499399 0.56704886395899 
-23.828935980106 0.56350284217432 
-17.205618873617 -0.35028144927178 
-17.89023535835 -0.46724286852771 
-19.461839108093 -0.22817642234475 
-18.391138015623 0.22040433814884 
-15.920239533523 0.088825948356789 
-14.860629653178 0.71978392344074 
-15.395857057432 0.04259590218858 
-25.292970644942 0.61732070847184 
-18.42524881424 0.23318644393734 
-19.055176235013 -0.44423445649917 
-19.390353872453 -0.10136917392722 
-16.362930948865 -0.037165841869961 
-22.889441435157 0.45809414568853 
-28.377769412288 0.68780366792191 
-24.605600757339 -0.30090751481217 
-19.94082760427 0.39914537909439 
-19.090959667133 0.37286604313004 
-20.780784244259 -0.31554987591572 
-20.944709838389 -0.32835682756782 
-18.863504877094 -0.2182638589475 
-15.985323583431 0.64751100349051 
-16.401385270941 0.62778295121825 
-21.156479877908 -0.47255597839318 
-16.307493375777 0.69753400797227 
-20.917495822603 0.016356437775531 
-15.846749183693 -0.41502043476642 
-16.07487529214 -0.59932804806178 
-20.145718406068 -0.56987484247762 
-21.827508098236 0.42599149240787 
-17.795062452681 0.44800354387726 
-20.936661840971 -0.090062268618603 
-15.38472319291 -0.28157063444784 
-29.22901303283 -0.22975786774138 
-15.057751367526 0.40980430182481 
-17.590305126909 0.39498328675773 
-27.930701282303 0.18886139148822 
-15.566563455835 -0.20695105707044 
-19.49775414246 -0.59607867821799 
-18.42365782314 0.22661226824944 
-20.946314005131 -0.53280208682527 
-16.940548078412 0.1015782220207 
-22.947013973459 0.21375221178507 
-17.822770502596 0.53189157404724 
-15.412289790103 0.45234420950279 
-15.787344672269 0.11740584343283 
-24.61443689672 0.67812054209575 
-22.83197882504 0.23404805637021 
-20.208053167439 0.60579544641242 
-17.990322018658 0.67269275503315 
-19.755106039114 -0.001307311573528 
-21.09538759087 0.60024162235851 
-25.530819970864 0.17010748730217 
-22.294091497384 0.37242588334168 
-20.563897671561 0.48724136814833 
-17.885410614878 0.11473236989308 
-19.186143870666 0.22220151112063 
-15.764402654112 -0.18758706928466 
-19.463091222859 0.63147426441056 
-19.064837291044 0.51454098699286 
-26.037724314125 0.020654696331534 
-23.295296380387 0.2368108101943 
-17.023634073858 0.54747945051546 
-24.347188628847 -0.23054224444584 
-17.924673033891 -0.057813976900276 
-19.537364606257 0.17094181277112 
-16.950638840688 0.71721963981855 
-15.906000347582 0.01094816295925 
-15.071352465291 0.72577393781401 
-24.3267712432 0.31313940999269 
-20.057528792883 -0.31884097268489 
-19.731216422259 0.38217701625378 
-16.255543712658 -0.31935047134604 
-19.861324024806 0.085869668450602 
-19.690017172291 0.60120686880413 
-24.462455540248 0.45790856729065 
-20.615127673009 -0.15147217033645 
-28.080008841995 0.53560850976925 
-16.817280464582 -0.035082951945947 
-24.862642627371 -0.29235482198906 
-20.758394594897 0.16118888266441 
-23.102762648591 0.24077282950675 
-15.729306080395 0.63339428036398 
-16.003011202575 0.1545577871784 
-20.223207245379 0.72407325193358 
-24.695373789316 -0.42616278399331 
-16.045442555914 -0.29220531836995 
-26.419630203103 0.68462003451473 
-19.425205608288 0.5416677501734 
-18.397905354531 -0.46128405862849 
-20.555127444299 -0.36997570556364 
-19.223224552432 -0.47054191941325 
-24.214251770494 0.09035336418722 
-18.448285155703 -0.30333125380935 
-23.383609364251 0.58127089276889 
-19.340245266216 0.12660454033121 
-17.299804609742 -0.26236117270246 
-15.681866848975 0.54670694797183 
-16.806844047111 0.036040564505991 
-15.40669200964 -0.29745621842398 
-21.146094224972 -0.50223937563727 
-15.816395615603 0.21955048525701 
-17.626497883985 0.47298012799384 
-28.538982030106 0.27466500853229 
-17.129034840201 -0.049957907165254 
-15.913864317172 0.58531311931486 
-14.845873775886 -0.61082379514886 
-19.78163034743 0.68180186867765 
-26.311849637374 0.0016455232647532 
-15.306808057696 -0.30901104519915 
-20.50647696281 -0.34526367206675 
-26.850859324619 -0.43639956720247 
-20.922472644127 0.092695782809741 
-20.412721922116 -0.33329209709298 
-14.9750518809 -0.16462569548378 
-18.235452525683 0.0892149261095 
-15.699678522014 -0.075865178049803 
-23.80795858368 0.43827495269532 
-15.765126772441 0.12412466172709 
-17.551883710651 0.67022530215049 
-22.078262203827 0.60579094383415 
-23.819281311315 -0.41925253992247 
-15.070714484747 -0.061057638254904 
-18.667930915818 -0.35554149468368 
-15.460479708586 -0.53013064165174 
-17.679492223248 -0.34648850446997 
-17.760339325377 0.44800559264601 
-23.008325260798 0.44714102830585 
-15.07317625187 -0.24498163835009 
-15.856771320633 0.56802914413461 
-19.855267863892 -0.55028488399132 
-18.949177237073 0.11389122125593 
-26.790356096042 0.44763958425767 
-27.046498151754 0.29839410041346 
-19.574304709576 -0.083197476005777 
-16.822578383069 -0.56567184437334 
-25.030073349759 0.7011639230791 
-15.700269959065 -0.0037857089900761 
-17.271918346854 -0.49751574204254 
-14.981872003312 0.23921845900849 
-18.499461577548 0.061725004628517 
-27.889565760486 0.56556249213007 
-23.905909385374 0.60243194126624 
-20.954677870028 -0.14939585847841 
-17.680910948664 0.036729181735898 
-19.312275839969 -0.5388830765632 
-19.395119427996 0.026409206639207 
-22.638815850105 0.66126911580827 
-15.28257208163 -0.19240860290686 
-26.83525398922 -0.097488661180393 
-24.885522515596 0.1545944132536 
-23.603893457476 -0.42227829429357 
-23.019969487532 -0.050799309983224 
-19.781453953881 -0.32719154575216 
-25.218988028246 0.37955564921769 
-22.023838768832 -0.16125182742355 
-18.422480795113 0.38127614702371 
-18.617253811564 -0.29706659830689 
-23.52338926969 0.6542213536321 
-21.042732793219 0.53313121329199 
-26.534235496589 0.0052045180741893 
-19.342201530946 0.15711271325417 
-27.78090088061 -0.53654020301581 
-15.803772188397 0.24047060658898 
-14.702184130834 -0.32845880193152 
-20.948658203426 -0.51686814815228 
-20.362348511787 0.26676801220545 
-19.99189167474 -0.19976244616509 
-18.231414435436 0.16320474223291 
-16.900459080508 -0.081495780201764 
-18.162855592543 -0.44930058952955 
-20.753798995466 0.58785068674411 
-16.312564665833 -0.099941069142515 
-23.542074463967 0.43676100706014 
-16.78442505007 -0.29824400736867 
-26.970538289558 -0.27833264080485 
-19.572816429094 0.70827545328062 
-20.941482490454 0.56454882505794 
-28.744433399773 -0.63484106177665 
-20.306069358225 -0.25719660928151 
-17.896512259548 -0.1643974889584 
-21.192544306709 -0.32040296124726 
-19.108772252377 0.39013345453753 
-18.707270174286 0.082964182461315 
-16.338230835872 -0.20001160521484 
-16.766536665061 0.7086139529911 
-19.081279792485 0.03845585543427 
-17.707076512787 0.21997378277303 
-20.416364300976 0.45004227843382 
-15.07431421437 -0.51788119626525 
-21.045924351631 -0.57699575103959 
-24.841170150117 0.62524143461642 
-19.344937242785 0.41179269547532 
-18.890622737067 0.50051898186461 
-28.666651271983 0.52312988905441 
-16.896650416392 -0.63093320208765 
-22.016233775369 0.72793476541952 
-16.067954732098 -0.4614766424809 
-25.095607925379 0.51723527675019 
-18.485245269754 -0.39061606874283 
-18.485761685803 -0.2249215480908 
-15.960269966561 -0.26255822237445 
-17.659017762869 0.22744423958475 
-19.237565866286 -0.14247842914134 
-15.430946413928 -0.25074450421892 
-29.499566017304 0.67411420861956 
-22.852342375625 0.65761609707279 
-24.741323239817 0.41181122520106 
-21.342325403478 -0.095631676862725 
-18.120637089622 0.23849551444627 
-26.721537404184 0.68539596525241 
-19.276642500575 0.70354146543174 
-25.856202899884 -0.39283065008583 
-24.858831974197 -0.17210889456617 
-22.081449328289 0.10437102630931 
-15.088797876846 0.53894937140972 
-16.50070364291 -0.12767153681063 
-29.401751351729 0.43918465159074 
-16.000532521815 0.1001611809818 
-17.182858436205 0.13342382274788 
-26.343260816765 0.31297571716745 
-22.338959678602 0.52240018019037 
-16.50581095192 0.74986494265027 
-19.936919744546 0.17005186678146 
-26.893670333775 0.3888489933315 
-23.240908007996 0.23865748559442 
-20.023200011695 -0.49244570954778 
-17.988124043817 -0.36830226589116 
-15.036166367302 0.71459101031991 
-17.931147350772 0.22321190526768 
-26.008817001149 -0.014856496005893 
-22.154659921967 0.29562054611788 
-21.692416636813 0.43995376038221 
-20.392566697286 0.40997676272592 
-16.995526226714 0.55928117376772 
-22.70463959163 0.27731441348221 
-14.767887508974 0.5896494653055 
-17.980364883939 -0.34903278947785 
-15.897289963816 -0.45729239863902 
-18.099696405609 -0.077867492916636 
-22.125804372582 0.68951669234826 
-19.718381440257 0.052030556461451 
-22.010886622371 -0.16069383108479 
-16.076199220256 0.12486157967797 
-22.196832866433 0.19763987407713 
-22.226400149566 -0.1001135906682 
-29.44580267419 0.35563059629253 
-20.766078534933 -0.18311931798668 
-24.720595726971 0.52366551506254 
-24.335540468942 -0.40422581730328 
-27.157210993192 0.28855652416253 
-21.318394472884 -0.52063381914438 
-15.445715485796 0.27995986599572 
-16.332041543041 0.60048151890921 
-15.513697051904 0.073151234132777 
-17.114267229672 -0.05846292793647 
-23.172444948009 -0.52213551686656 
-18.44205543542 0.67112343958635 
-24.033156220424 -0.040283760061272 
-16.177224073298 -0.55046428299483 
-19.217019715861 0.2145772313104 
-16.945331633457 0.25295005902532 
-17.40804261945 0.67178850861716 
-25.527087108241 -0.46155101609208 
-15.000413313717 0.32163312299551 
-27.697320586591 0.32776010154005 
-14.707705260693 -0.31385616638417 
-28.604033695852 0.40067617452181 
-18.981205639104 0.54847737333362 
-19.976626901972 0.071740883722162 
-20.782775624209 0.52341517417612 
-19.855592799749 0.64663461848512 
-18.060463527193 -0.087765752945335 
-17.07400609005 0.73715798547312 
-16.326133846981 0.68345694865144 
-19.760217029137 -0.61357322119451 
-16.563980746865 0.4962104513962 
-26.601988110274 -0.49707933690418 
-15.139262660326 0.3163645456584 
-19.365908248887 -0.59259522514829 
-16.508958030216 0.40695262695039 
-23.070094711941 0.26024816912931 
-21.315469413978 -0.15449971304431 
-15.042677654547 0.43187636725772 
-16.041480597371 -0.61209052996115 
-25.188454468056 0.037432436686409 
-17.523831393494 0.23587064315451 
-21.878877319657 0.55147976508665 
-15.896656292155 -0.50575318555772 
-24.985614459601 0.46339786826743 
-24.739637944473 -0.40243491794078 
-27.730873515098 0.72116576247605 
-16.956941170809 -0.075769770951028 
-17.69007024455 0.10427299539288 
-15.028959680185 -0.24988462317925 
-15.896115830498 0.49675114730343 
-28.805084468902 -0.15625799093189 
-16.781859878605 0.38109401977356 
-21.137577204041 0.029935005601297 
-20.681312014371 -0.14448074712033 
-24.516222892708 0.24357575749683 
-17.362879433799 0.48039685177383 
-14.970006587805 -0.0032019318658527 
-20.637011241222 0.30532763131991 
-20.286693556307 -0.18039356068885 
-18.649059846556 -0.42156088611574 
-16.210277356737 -0.27594663492945 
-19.670186294531 -0.19586419491827 
-18.867214737699 0.71479869177913 
-15.090177104016 0.7286348005444 
-15.488608572858 0.75194250395475 
-23.592937413124 -0.00058282503078511 
-23.38972254639 0.046186176702419 
-25.68652098788 0.21277498669472 
-23.413452018232 0.6881866712036 
-19.650034379452 -0.52645328286795 
-17.730311390082 -0.39595731307207 
-22.703143752196 0.5228501693225 
-22.025221799526 -0.073668610256059 
-14.738063829791 0.44623265714148 
-28.239703526792 -0.18688665912012 
-23.323638972347 -0.20440439779193 
-23.817531979899 -0.23688772043787 
-15.354865120018 0.66247202078187 
-18.668234111503 -0.37175315859756 
-23.818223035861 0.020682596923725 
-15.422318477997 0.17433560415427 
-18.202103423979 0.17737807178223 
-25.122217814285 -0.49367973550544 
-15.357611052354 0.65414093980914 
-20.4510134811 0.11263450916818 
-15.525448171401 0.65983712693966 
-28.085136626174 0.18619667064482 
-23.088996619065 0.062599706704312 
-24.06641274913 -0.32060780653474 
-15.535643446194 -0.13362593162602 
-24.978392629741 -0.46178680839492 
-16.820485432755 -0.12743787360363 
-15.144259187667 0.74669710232307 
-20.705516546483 -0.28804478465466 
-19.107766044844 0.56640649577747 
-16.226134126347 -0.04501310983753 
-19.006118000313 0.2943874185707 
-22.981816528385 0.65238663247682 
-22.371050903289 0.30997916897517 
-16.199537237757 -0.36850242003584 
-15.261665558143 -0.13252115180673 
-19.33925381053 -0.46187205802669 
-23.009036064895 0.65623782531582 
-24.179257852139 0.43172720027214 
-27.477134798316 0.59934316021052 
-22.194775595312 0.29879381612127 
-19.618225050583 -0.099978227540169 
-22.138455961217 -0.022469309564996 
-27.994146148643 0.36307816144156 
-16.240678799231 -0.39540782314161 
-22.125994327519 0.30631743670672 
-23.369956002981 0.64840411005116 
-22.339161639732 -0.42968810272583 
-28.735841085774 -0.009621906618015 
-23.377333651831 -0.46113353755545 
-22.185314461849 0.63966323553391 
-21.757931972426 -0.46377568637453 
-14.795944259871 -0.046994835512111 
-24.939732204528 -0.31787097494611 
-26.454567583553 -0.16534294057291 
-19.161351987337 0.13419233230635 
-14.945072153429 -0.55716164914142 
-25.463985860875 -0.24792148593477 
-28.599336523736 0.27965347290896 
-15.006713582449 0.47887679517235 
-16.093313447658 0.28267329693032 
-23.143877166356 -0.48745025735071 
-22.841071433738 -0.52402929428691 
-17.076515481737 0.44058382478594 
-24.031202150408 0.43411436209662 
-30.707389733924 0.52086670251928 
-15.080232446482 -0.10858643931237 
-20.938105590467 -0.36796114339244 
-28.534843806047 -0.48047571190033 
-16.916236773693 -0.29165524871209 
-17.627843104912 0.03783925016082 
-20.537755499112 -0.26888541110225 
-20.729441263956 -0.19422346249336 
-20.796353440305 0.57460723875263 
