0.091611634634957 5.9040307820074 
0.75723210061496 5.7255813290149 
-0.45687027767046 4.8684446068153 
2.1979041281767 4.8579045283542 
0.83657971873214 6.3823426983195 
0.53776296842199 6.1791312255254 
0.83561566900506 5.2823556489229 
1.2744003803178 7.0703670244665 
-0.19029489503975 6.6261359810732 
0.17238406590937 7.2447713587862 
1.6020207668145 4.671800847305 
0.80168847729455 5.801375568824 
0.92738613549212 6.2124776895415 
2.1434196005064 7.0084336710878 
1.3607804855761 4.965774440399 
1.4582447947437 6.8556024040606 
1.3265636716234 5.5887814924343 
1.0701755485982 5.5622923476019 
1.086114755107 7.2524967695894 
-0.21863399167886 7.0749750495434 
0.19830283278014 5.099403613845 
1.1363117426205 5.8254957982492 
1.251730392092 6.6423337878482 
1.5823753852237 5.868840514094 
1.8368561687582 6.5601997670301 
2.3117392274201 5.8536932907379 
0.14958987158852 5.5323795259586 
1.8149001651647 4.7367652147577 
0.16528586338325 5.5004298727852 
2.3017075141694 5.7212777125607 
1.1771536325979 4.8887698527337 
1.0585551456933 5.6687927637258 
0.69667328493442 5.8778470517322 
2.1946072677383 6.3548445060588 
0.19733339599855 5.8462988798067 
-0.17255931786436 6.5240083844448 
1.1313664325918 4.8332214190012 
0.83004742418525 5.2746304144141 
1.4265019089426 4.944510542851 
2.2590961465024 5.2120357916397 
1.3938314158476 5.026452145522 
-0.062375795203086 4.6444619324406 
2.3082754149024 7.0294952212888 
1.3425478712126 5.2846131115364 
1.1247485644024 4.5746791190776 
0.95142612830842 4.6740072772355 
1.5108575603192 5.6546114729059 
1.4976146098468 5.0692913907549 
1.9321753009205 6.8971307839806 
-0.48473815572409 6.8272677567893 
0.65318643496167 5.8457873646136 
0.63514564951059 4.6838020306141 
1.5098722503496 5.446050256781 
1.5573439716963 6.7471286255543 
0.81639675565115 4.7005194921555 
-0.2570053139469 6.2179787775613 
0.70568386625883 6.093064887861 
-0.44752886409969 5.3280825428319 
1.7057821555694 5.769848160911 
0.23203441311755 5.4883980760064 
-0.27260155269483 6.1224424533187 
-0.41323410316544 4.7272249705961 
0.28444662520279 6.6555141776422 
2.3207143812501 4.8326853997001 
0.45854498137779 5.2730516483725 
1.9350348374566 6.0645129644095 
0.60362989864865 5.3530584161255 
0.82849983475352 4.7241816720826 
1.5495736084389 6.8691433548918 
-0.27689996194802 4.8507460864142 
0.70253588742178 5.7511021519123 
0.38117615773551 5.4338084606834 
-0.31791112676388 5.2967591397586 
0.88455097471851 4.908626823359 
0.14447191968521 5.7507941259483 
2.0572956108201 5.4778933084802 
2.1180168385625 5.8770869445125 
2.1983212844616 5.2279793757746 
2.1961631400313 5.9945086115865 
0.42162028051033 7.1715094333172 
1.8909996022633 5.7469530305087 
1.5348017113983 5.6836275660793 
0.18732375338433 4.7134932377498 
1.8964522141671 6.3076622838493 
1.5703794670879 7.0332018376821 
-0.47779641821258 5.9699780984672 
0.27446696237171 7.1460951198092 
-0.28514906536551 6.7830962170727 
0.2889403184346 4.8302276724276 
0.36328663126185 6.4664511697253 
-0.46087043096993 5.7211205183667 
0.34317583613319 5.2215198447155 
-0.42642295496803 5.401478555733 
-0.47500253748543 5.1358605748513 
0.27016022670077 7.2696922734582 
0.94067818246433 6.0179767786352 
1.6788107964143 4.7776453788888 
-0.15360803253365 5.215057144944 
1.9357399194157 5.3146879907552 
2.2646772087068 4.6184140957487 
-0.36339296431081 6.3125603065929 
-0.28638885241599 6.9847454633362 
-0.12857232507464 5.2896587163221 
0.30829181995743 7.1959494182941 
1.7941262587367 5.9586122623539 
2.0804357836486 4.5570061379267 
1.2285026563717 5.4757890744077 
0.52559297461587 5.3232458561294 
1.0766297657314 7.1310945041254 
-0.082003856178131 7.1249661196192 
0.87666158123445 6.6186101497556 
2.2939419788721 5.5948280146941 
1.2371829381228 4.6901364653873 
0.87144232847611 4.7826656919453 
0.67436137525621 5.4770306347632 
1.502470837527 6.105119460843 
1.105150658278 5.1144138852076 
1.4878374345679 4.5988154905867 
0.76491220444043 6.0843374223269 
0.83859208253576 5.9424379685902 
1.1518815134464 5.4883144658501 
-0.22296266675584 5.9749717665808 
1.8802722491812 5.0376354044753 
-0.078368976972108 6.0953588853827 
2.3157505238335 5.4606769260742 
1.434979108533 5.6757878317581 
0.96902250128721 5.9665198404834 
0.2213209772911 4.8698855056853 
-0.20526374990802 5.9855277573285 
1.9092927234825 5.5288401558317 
2.1481001944115 6.499844287198 
0.64600539563192 4.8372652409112 
-0.019690825687688 6.0332178482004 
0.0045077503987148 5.9426015146072 
-0.12755903848657 5.6509891780625 
1.0845005068048 5.6315808531237 
0.42229190667317 5.0139708476529 
0.8044542198203 5.676592657073 
1.1282407782751 4.7859929807821 
0.49578927132892 7.2161479525576 
1.6061816499366 5.5416772168581 
-0.50597595398197 5.7032284115416 
0.10277916541477 7.0222728602821 
0.28520798179338 4.8545891985654 
0.28534348911838 6.8110788814232 
1.2388140115196 4.8755661215166 
1.9265389158802 5.3816414135928 
0.59645561028414 5.9865958191085 
0.43088079357365 7.0385850641372 
0.92002332659935 6.1607818011669 
-0.47805081687726 6.5700013683727 
-0.11076327186726 6.0919636364029 
2.3133117293782 6.2128824776207 
2.2396691466264 5.2296179642866 
0.33432973918962 6.2426231018821 
2.3106728163001 5.0411962189636 
0.22861527440432 6.7317015699382 
0.7221006513334 5.354668465853 
-0.050464407270157 5.8525160633181 
1.3655922877649 6.9518411251513 
-0.12911860330126 4.9551483250449 
0.62854008873952 6.5998938424782 
0.076312851491675 5.9823546283004 
1.151499254208 5.9359278347791 
1.6715029254874 6.3720030535589 
0.13551540492552 5.2548860634335 
2.1207365013979 4.5791621863254 
1.0187401775795 5.2181308279586 
1.3723507220147 4.8939114408481 
1.8749551092671 4.7942961668462 
0.55731481755313 6.904018984797 
1.5306595355556 6.7730027839292 
1.4463531308026 5.1604263525764 
0.95538643541544 4.7541905046837 
0.87429858480064 4.622176562779 
1.3934520853387 6.8326216529421 
1.3321568697138 6.7792335077345 
0.23793895546676 5.6025449565063 
0.7160432542813 4.8809088160488 
-0.085401484431404 7.2550548919394 
-0.39314276487611 4.945412021507 
0.41938677375697 5.5695137714474 
-0.015726316226015 5.27876944284 
0.37459841124819 5.6679910848873 
0.89165051495307 6.4248138513995 
1.1054296487111 6.8942276999702 
0.66606268468322 5.9292115452868 
1.7343129359996 4.7057882916388 
0.16905472665796 6.6444199140625 
0.41601092604877 4.6188140139149 
2.2157649810863 6.2425797195344 
0.19190337637303 6.4088435524788 
-0.18011513711105 5.1805785471424 
0.10968209828935 5.1788232298506 
2.2820953298761 5.5287274640948 
1.1799499550449 4.665312629645 
-0.49839578325863 6.6852549408137 
0.53993967287249 5.0066319888667 
1.9849705736881 7.2611177965814 
0.58778505491112 5.5876690550828 
1.0778842711917 5.7232919551829 
0.43106909462114 4.6862580164445 
0.40182092620039 6.8181196517234 
1.6384810934891 5.9728348830675 
0.83095121783307 7.1747107786203 
1.2587225986578 5.0389732451526 
0.69154644656858 6.64945773833 
1.6076374441191 6.7954979959827 
-0.34465286380453 6.8476964372785 
0.61603455313765 6.6198917985572 
1.5533586335194 6.2388434725341 
0.41238624952483 6.6591908956598 
1.1236566718503 5.18753282066 
1.6717579137082 6.2540838554001 
1.7397623331118 5.7038211461591 
2.221056257678 4.8813153957035 
1.6635055864633 4.8304192497754 
2.1593014719165 5.0969795530885 
0.71351933825782 6.4155935006946 
1.229959249937 5.2224012974436 
1.6163705082663 6.9920111524005 
1.8185741654956 4.5779243211732 
1.1378457921324 5.9656843960704 
0.77518145362866 6.859014516013 
2.3028431213453 5.48055264656 
1.7233671513506 5.6028175431929 
-0.43270970532308 4.5531716012442 
0.56817615319801 6.5764978387916 
-0.49939725841255 4.9459513705625 
-0.047239869066481 6.5272125685898 
-0.22081680090367 5.9340705538469 
1.0076417879711 5.1040115912249 
2.1900158833075 5.3141541729238 
0.34207075188052 4.6935427561728 
1.3284976125317 6.892212555468 
0.76089812567437 5.6011138933871 
0.092329642262583 5.669491749401 
0.90354274596397 5.1866389549672 
1.2363003599116 6.4276594545204 
1.8858366723851 5.6202597923161 
-0.1572757656012 5.6033121712342 
2.115954637826 6.9094621668148 
0.63138925667488 5.8890899478454 
0.67695937059817 6.4819388325562 
-0.13861698220788 5.4371492472135 
1.4932978006895 4.7125819898749 
1.5047268831686 5.1432279677511 
0.4386892726502 6.5922677170086 
0.76102141083402 5.3547248769995 
0.86963264528406 4.6018097150518 
0.49049851667684 4.9312259368157 
1.3272140131634 5.043862813249 
1.2040592076588 5.7293705404014 
0.048825735845793 4.7695942213634 
-0.21541613386432 4.7273057700358 
-0.42669175878512 5.3911339119321 
-0.24087742200307 5.8815952880072 
1.5027836034482 7.1689983227496 
0.37717456288537 6.0842130071601 
0.89461090893128 6.0664698665717 
-0.17180192660408 6.2201501041792 
1.5866021114979 4.9456380849038 
2.0285470421795 6.1008068529206 
0.5125386334036 6.6356953031319 
-0.4635454335306 6.9118194826875 
1.2161329832222 5.1391525370401 
2.198239116433 5.4613113258927 
0.43214582886594 4.9066655923852 
1.8953932836674 5.3018107068302 
1.0319314182327 6.2239849018118 
1.4327147677209 6.1462854425649 
2.3209275207789 4.8528719207194 
-0.4135421756708 4.5532979510794 
-0.20387416979242 6.6693449394503 
0.30924504550099 6.3015222136158 
-0.2492891101836 6.091958196133 
-0.38639995861153 5.0122217426597 
-0.50411482786195 4.8675442279603 
1.3631828405247 6.4429397497846 
0.81048744936346 4.8722305851567 
2.002027281106 7.0223368192641 
1.1838183055538 4.9560642388929 
0.47478270332579 6.0160741926903 
1.6991471938344 5.9355160277098 
-0.34042337607292 7.1828837425941 
0.63740119011749 6.5850007324675 
0.74991217110592 4.9307226916534 
1.2553217676186 6.7354572829031 
-0.092939955850857 6.5382193369997 
1.0053329819044 5.4328577971185 
0.56571571208426 6.0262622656709 
-0.037195889513713 5.5786374070207 
0.022920711485105 5.0144586435047 
-0.29173132621153 4.6573223835387 
0.94503108025522 6.2682440990881 
1.8079346516873 5.3565924098104 
0.17999848394834 5.8719831200754 
1.0025003195586 5.5331751466731 
0.37817317634689 4.9435789809216 
2.1839010290948 4.6219305440161 
1.276787802775 6.9909679078967 
1.1295601266581 4.8475627709316 
-0.11795391976747 5.754191769739 
1.2464494291195 4.8081209616366 
0.9803839175149 4.8779780951276 
2.0955383135209 6.7159124807942 
-0.5079424942133 5.7298257801896 
1.8813218692764 5.0435190530617 
1.8258530295587 6.313924572781 
1.8862495522227 4.6254584641505 
1.4159307312772 7.0528161371929 
0.55992185381133 6.8692160425856 
0.14830968124868 5.8906626513785 
0.43003053136119 6.0578571315448 
1.0553214293906 4.6241933903646 
0.3888194834466 4.5435553456945 
1.3360868136696 6.9170082545425 
-0.39021065784784 5.4679169634329 
1.3431357842326 4.7630768452769 
-0.27450579593343 4.8826224428243 
0.9465610168461 5.4317918462644 
-0.28410459860427 5.2191625153379 
0.13903414347621 5.9475225268439 
0.67543407520223 4.6395097781502 
0.16240609197924 6.0894398573682 
1.4605508610331 5.5837002442154 
0.003209162585891 5.4919411667769 
-0.27316549850964 7.189630463993 
-0.28561070073421 5.8559377457442 
0.21935425597591 5.4622092527431 
-0.47781809556368 5.2092627081024 
0.49828093269504 4.9432635391181 
0.8647866394786 7.1291895430698 
0.80541358082586 6.5729162494573 
1.1939921438972 5.5952790594105 
1.6522993007632 7.127052908296 
0.37960255677446 6.7781726158078 
2.279579713371 7.195858414248 
0.23269104166148 6.7211905145168 
-0.16648289809121 5.8888715288197 
-0.35841775140327 5.9057130811645 
1.5604968519441 6.4202490950852 
1.6337053231814 5.5315482518709 
2.1061425697664 6.8264435701233 
0.88041065092112 6.3207900005428 
0.58493782274203 6.8222192673123 
-0.23155503066645 5.439457058406 
0.46227023437592 5.0096084726703 
-0.35443565446385 5.3038906039042 
0.59541683274286 5.5146861681006 
2.2250826136813 5.9327278338139 
1.3186585922823 7.2622645082412 
0.36678423039859 6.8955118760856 
-0.35818053200709 6.4078501070207 
0.047297032271978 7.0774751194726 
0.13601171819279 5.675202793261 
1.2380836868625 4.7731798163963 
1.4313479974612 6.110583276307 
0.31954877509043 6.9472351558764 
0.11831206000083 5.8036013241676 
0.55900806464309 5.8636945276218 
1.8066054789129 7.0447455207502 
1.871816738274 5.0699671488946 
0.063616852722285 6.3822515978202 
1.9380129651917 7.002511317329 
-0.22621040657267 6.2668031001327 
2.0740233208089 7.2637601117186 
0.91029023791857 5.2149867176593 
0.071028412477776 6.4375032661872 
-0.42246695040696 4.6338058364858 
1.1284766589905 5.3631571864017 
1.553285423928 5.0368821353523 
2.1902077601004 6.6264079693776 
0.15776704252966 6.0273887061551 
0.17547341562003 5.1877769660857 
-0.3029251671866 5.6638334053363 
-0.43374524510293 5.6419842299455 
0.94360163226167 4.9905237422756 
-0.13155092648589 6.08005511494 
0.56589027399905 5.2794310823965 
0.60600451887325 5.6077297750528 
-0.043200699888203 6.1801753200738 
0.37973815092621 6.9974946026052 
1.4406759941604 6.1760551374943 
0.00014908160169913 6.1153673128956 
1.0476976868662 5.4294898019672 
-0.50961186941138 6.870932660913 
2.1843662853889 6.1763686241616 
2.2064893439506 4.9310878653473 
0.32832913206559 5.4514958146413 
0.58430968933509 6.042743001196 
1.2411989591584 6.1282852211259 
1.9704402827635 6.1381731142662 
1.2990706831593 5.2625968507767 
1.8671028962356 6.7818988975358 
-0.25947529130877 7.0297905651668 
0.5657448796021 6.308657402853 
1.0656032871492 6.1313038240031 
-0.015920952166698 5.4499435802264 
-0.23272080322681 4.7885204311141 
0.010478840979844 6.2786344497206 
1.2101919111311 4.96509929512 
0.28162620294929 5.675579240913 
0.22428117881874 5.0095806599917 
1.2130484172804 5.8199952404465 
1.8603976458097 6.7748298084484 
0.8392039799219 6.1277967969972 
0.44194400788311 5.1917279861462 
1.3486627367004 5.4259648428317 
1.5635529636743 5.7195315536639 
2.1172802273753 6.3050802784233 
0.12959480336414 5.4271902928543 
1.3985258462247 5.1258856225691 
-0.18588155259385 4.983031916569 
-0.34219606928814 4.9646660456464 
2.157381919969 4.9325834724985 
1.9810446310488 5.8619630845872 
0.064811940009472 5.591220737172 
0.51146633983378 7.1787440588949 
-0.037265529596155 4.636293887852 
-0.26038345624418 4.833780324042 
1.169383103032 5.2640131260403 
1.5345007063912 6.1537638728616 
0.86071205825111 5.447997333266 
-0.12905893469772 5.1318070368063 
0.94057783560716 5.446342948944 
1.2839869455725 5.6740084152964 
-0.46088814230453 6.1588869060628 
1.7894702452614 6.6930857594322 
2.0411150305777 6.1694411801972 
2.0946935724068 6.1009617389992 
-0.3333243773729 4.9924260815694 
1.2861966955246 4.6030507034166 
0.66110384510108 4.5474559777663 
1.8777383175866 5.3234301708789 
1.9532250501994 6.3496195312582 
0.26684037176304 6.3287982170387 
-0.34983297590475 4.5729945794918 
1.6328567326533 6.1482762825286 
-0.38114915695622 5.0025316491758 
-0.10337334917617 6.7805746727962 
1.6378127758343 6.017755958182 
0.037002160179333 5.4923803234676 
1.6999826973478 5.1526427055389 
1.803884068858 4.7638845603329 
1.622287259165 5.0553353149675 
0.45651273382844 7.0734538495183 
-0.29924682304481 7.108616262122 
1.8320982886481 6.0185080333925 
0.90721045049803 5.0193496220355 
1.9265877392919 6.1974169204592 
2.2486246953372 5.8757386251545 
1.2843693314037 4.8554503331218 
0.50179890530349 4.5669200969883 
1.005121884846 7.1505375363609 
0.7683425492894 6.6087362500098 
-0.28760276446038 4.598032146161 
0.7973275438242 6.2654379948142 
1.8985377325682 4.8695543875353 
0.42434384815647 6.6086595647744 
1.3980801397653 7.0088096570226 
-0.30417774217153 5.824663884184 
-0.37904931480718 5.0603529549613 
0.41868419938257 5.0470934286638 
1.7424162063584 6.5318827591755 
0.29873698060761 6.7708056561726 
2.175613415466 6.3845533526132 
0.9333904288289 6.7345383672676 
-0.20658164564601 4.9596748478064 
0.59093553957092 6.0269079201801 
2.0054106941201 5.8037285187839 
-0.19619598884347 6.4838703198275 
0.91072150271862 7.2044863996122 
0.52849130721408 6.6800847796462 
1.8439497372702 6.9876507160487 
0.82179146278563 5.3718463313169 
0.047808817226265 4.9696333072028 
0.79490467980428 6.6437292608748 
0.2097894399202 5.5047053042231 
0.18327882058361 5.7873574222532 
2.2844337581987 4.6823129099127 
0.2836531778974 7.0331587496836 
-0.020486788165844 6.6591358170637 
-0.30400653186239 4.6011912096909 
0.76792718276636 4.8538729170607 
0.71041086567896 5.8961116484089 
1.7742436526354 5.219228936133 
0.79961523765932 6.5955801024801 
1.0084723010251 5.8408762350303 
1.5876581968178 5.9628070708711 
1.339915357994 5.7983279556109 
-0.13713301061613 6.8206434763142 
-0.31245619683098 5.9184858035567 
1.3704813985594 6.1711453341609 
0.31077872733314 6.1908748068725 
-0.20202107726222 7.041750124517 
1.2261995207817 6.6882918017924 
1.9029981257142 7.2545556221466 
1.0283438522325 5.3384353761289 
1.353414008945 6.7679759194692 
0.36307263166298 4.9313437157689 
2.0806588546656 6.1138824218076 
-0.1948699124334 5.6112244747644 
1.4581669031612 5.9632985813523 
-0.28634534816573 6.2693082111852 
0.38728310826311 4.792364290275 
1.6622035414666 4.5770187987707 
-0.26800336657493 5.5863911537345 
1.0657486583343 6.5942117782206 
-0.19099675380427 6.0203243466575 
1.2953071784585 6.984006874352 
1.0119798262431 6.3657288469213 
1.3087381128641 6.1816518350138 
2.261563674715 5.094904729821 
1.599359682312 7.2581852480229 
1.5887187216515 5.4696405701567 
-0.1120723475833 6.9781738371441 
1.2183068593714 5.8167112251909 
2.1284891942296 5.6967525613563 
1.304295464236 6.3205822376703 
0.65117072550689 4.865124817526 
0.46568246279444 5.5805742023588 
1.7263107988065 5.0141620064141 
0.55232221296124 4.9003212062749 
0.44007903859534 5.9753162370841 
1.0288039539887 5.4024894880444 
1.4128556762788 5.3848080091268 
1.6019896247567 4.6763018407369 
-0.043117811410564 6.1845545243754 
0.43759862463512 6.5865589768429 
1.267504305056 4.5786474467803 
1.4851296179012 5.5497057146646 
2.28391946591 6.0640724570943 
1.9028564272639 6.7697110483717 
-0.1146768458385 4.9720808717474 
1.3870033935346 7.130478195868 
1.5656762797867 6.3318883199289 
1.2198690650279 6.5917289148147 
-0.019078446995124 4.8678338343111 
0.24494827915564 6.2315118814907 
-0.0067877423979494 5.5695930641822 
0.94074103882308 6.1473216495686 
2.2247370998017 6.029788307961 
-0.24837094223275 6.3357719931769 
-0.31081631793305 6.9162561342551 
-0.34799986508051 5.5752254665607 
1.9137509435862 5.5046758258196 
1.7388611106108 6.6986990263452 
0.092477831037832 4.603188391604 
-0.46545173092246 6.2983409250886 
-0.40610786713463 5.6000068582334 
0.16828766502895 6.695196039274 
0.83584581028155 5.2021945825588 
0.84985448470165 6.4358144415429 
-0.15393868806653 5.5566806992959 
0.99795951756482 7.148369531615 
1.7305285240819 5.9484983940504 
2.2649991410875 7.2495170279997 
1.9848835095963 5.1898155196173 
1.4691275818018 4.6156509855986 
1.6265953305717 5.3767889337641 
-0.28264278216537 6.0321176854094 
0.030085305567675 5.5114195464054 
1.1940302032959 4.6746614050495 
1.4874459869124 5.1159134612789 
-0.0044079204163915 5.65322209749 
0.72012982786756 6.269145371088 
1.1614125253556 5.719911886056 
1.8454707447412 6.1508967255993 
-0.15264974383801 5.1567588307015 
1.4424394637057 5.6980599667545 
0.7180135663837 6.1353464220696 
0.37793023070165 6.1154427362217 
1.4743531028602 4.5882323304119 
0.9511936289439 4.7246782431218 
-0.014185317515389 5.5782558567694 
1.720356676892 6.980113490832 
2.1227613343169 5.1740001833944 
2.0079208325274 5.975859744778 
1.0063000359277 6.9688693875707 
0.36246818153913 6.450492334343 
1.7725617418955 5.8732203853383 
1.801796989922 5.3929445709783 
0.6849529818408 6.7709788701623 
0.80794063258801 4.5476071270359 
1.0195082041997 6.0694216446939 
1.8550526667634 6.6879549808637 
-0.37483152726385 6.7454721585053 
0.77309628600228 5.2515779902672 
1.2307707611309 5.3633906891425 
0.27836744406337 5.6302366158622 
1.8699234161413 4.658183499275 
0.49067196564777 5.6996128583141 
1.9933237816779 6.3673931968034 
1.4511982231428 5.8013647926282 
1.2080850652417 6.049305148754 
1.5946509744377 5.8607168352898 
0.53013569679582 6.3434514768685 
1.3866944651386 4.8457836899321 
0.13796004011918 4.79515005395 
2.0390753641165 6.6529522190994 
-0.40425690448693 5.0393062854575 
-0.27311695976541 7.270376131355 
1.3614164982572 6.584729570963 
1.8797902925356 5.1236469276478 
1.4260112456209 5.0736733817357 
0.58558070442586 6.340805375605 
1.3377666515608 5.8794782674618 
-0.16521896096549 4.8558070372677 
0.7247610669553 6.5281892490202 
-0.33115852038673 5.6325050237635 
0.60430388105448 5.5799349032704 
0.54135489265369 4.7062851265595 
1.4250085051393 5.7289890741308 
0.39456007327954 5.1217780535408 
-0.44180707111032 5.7426265885321 
-0.23412484405298 7.2316964414046 
0.26990183969811 5.1484709308711 
-0.049816094869655 5.0366035486032 
0.08016971280388 4.5818136743422 
-0.12433356625853 6.5872956403916 
-0.053486627731382 5.2208315737171 
0.73707501069706 5.0754835445385 
-0.49875661820919 4.7114649128613 
1.3657146773123 4.6566689504185 
0.39020285685698 6.2913983576712 
1.2261086434797 5.8370901733488 
-0.43883556627698 5.5282776723 
1.2396747460775 6.0455627323834 
1.2727878301809 5.1726343125773 
0.037541643921924 4.8606652429625 
0.056650517084686 7.1307573084263 
1.100045286932 5.98952506787 
0.65083109691104 6.476927110709 
0.87558835359695 4.5672194482664 
1.7349374694187 7.1682266373293 
1.5605933093994 5.9251829651524 
0.47916231592558 5.4865503201291 
0.34869752251222 6.3636571756079 
0.8981858892167 6.8404121979595 
1.300468470356 6.8815496106974 
1.0424720620415 5.6325927465485 
0.15059357396108 6.2934278029406 
2.162318691905 4.7519036731118 
1.4981994833577 6.2355981062883 
0.41571181036075 6.8453326163418 
2.1224396956025 5.6186848585424 
-0.10585927510247 6.8472612620799 
-0.052816958824722 6.1541053228046 
-0.28611834967687 5.5215547118778 
2.0794164212041 4.8639509587427 
0.17941158502852 4.7349262746413 
2.1723404815093 5.3829787489675 
-0.43167278449032 6.3804480490546 
1.7091776583722 6.0961916285029 
0.011459134966166 7.1476399726603 
2.187809430169 4.6600290041605 
0.62819936116089 4.592367062296 
-0.25712445511427 7.2466475257663 
0.47929055951161 6.4570609752359 
0.53395934193716 4.6516384010863 
0.37461097809722 5.5875626142982 
2.2154373661703 5.3757856058549 
0.99392072117264 7.2331952103711 
0.3222151974965 5.0414446274938 
-0.38704392763203 6.5155258507873 
0.42846676014634 5.2418443944424 
1.568196172608 5.6056118813701 
2.2406449771436 5.3674381053262 
0.71218062704636 4.8080500173462 
0.6642830223717 5.0485897705703 
0.033680467942494 5.228771041321 
-0.20449243533255 5.3852951505441 
-0.038656933011624 7.013811466588 
0.65776494918308 5.9740857594841 
0.25306910658735 6.6845159277235 
0.98325770785119 5.8474114092535 
0.78320911102711 5.1016371181445 
1.7143755826867 5.5669171861774 
1.7763574317963 6.2613468891707 
0.044271931530871 4.9107425105791 
1.3674194464259 4.6645324473826 
2.1787289170085 6.088276051146 
0.35404185441772 6.783796992526 
0.44053450238327 5.1481217125478 
1.9343932495544 6.5629284326766 
-0.11763481775574 5.2137823961293 
-0.45458699591235 6.111935490771 
-0.10576868140234 5.7315030794288 
0.31556792264997 5.3471562857614 
0.46776237188948 4.7568840247645 
0.65840684563904 6.1024152063582 
1.0618738336335 4.7376965355547 
0.66222869402739 6.1162763532443 
2.2156305994447 7.2606020500006 
2.2045730010991 4.9215828514355 
1.5501933506904 4.6308623090688 
0.20773309007385 5.1752580212712 
0.75435189229383 6.0504922214938 
0.85255771402917 5.1232404836153 
1.8965669427273 7.0174787963291 
2.1290994295073 4.6471246835756 
2.3008461318467 6.0831246367008 
-0.045914874116961 5.3235683899024 
2.2232983388536 5.4075132849592 
1.9425490176682 5.6248954011415 
1.9163045384217 5.5900664384771 
-0.43083987624641 4.8745752201492 
0.99400964530671 6.5346292299005 
1.8227749504768 5.4816969954775 
2.2728919174762 4.625079841799 
1.5817618720723 6.8935031318722 
0.74720393229622 7.1765886083856 
0.43650146797086 7.114853342866 
1.7585784374878 5.0978515396043 
1.6372660980509 5.6936162772213 
0.25422450551023 6.1714924881828 
0.85666668608008 6.9646640956755 
1.3035776493859 7.1752005796527 
1.8985492677015 4.7824575693634 
0.52852678548795 5.3681133675272 
1.5270598678646 6.9997620667219 
1.1141187358431 6.5900648113923 
2.2069762944909 4.8204071391435 
0.85234169246176 4.8040889359674 
0.041949809373189 4.6315114951932 
0.70599115934783 7.2587273442806 
-0.050724876786982 5.555423250041 
2.0279928679474 6.8498095887395 
-0.021325161809395 7.1808631113282 
0.58254185270585 5.6458751261586 
1.1924941587853 4.717106363268 
0.93276700796746 5.4808425729589 
-0.14290184067762 5.3865107892901 
2.2781389774151 6.6315054759676 
0.64703290167822 7.1283417921322 
1.7397704187822 5.2376358355552 
1.458816133906 5.952987497777 
0.37734982702778 6.5924538968807 
1.6074434236864 5.8305674665391 
1.1860143069606 7.2681265629839 
1.795207622836 6.7925826258792 
1.6004945862976 5.2595137290722 
1.1366065865401 5.9303724344491 
-0.43615499083239 6.019469111766 
2.2094014590238 4.7310913767613 
0.37440589682195 5.9454445215899 
-0.29151703920599 5.7543067645578 
0.10999763884373 4.8131474817311 
0.31840263298913 4.9531144796178 
1.4879158326627 6.3751473065036 
1.0074437235939 5.7915231955906 
0.78527585605086 6.3040696163974 
0.86135258260575 6.1604193729357 
1.4572216855312 4.5762134471012 
1.4479988302627 4.8252700707054 
-0.042573928531311 5.6265559630962 
1.8604812950536 4.9991854051665 
0.80309806351276 5.1341241409471 
-0.35602592519224 4.8764164465087 
1.3028679980569 6.4385826249142 
-0.27785570536169 5.4470731013453 
-0.14510766139538 5.8424570032454 
1.8392241784396 7.2544550948727 
1.931592922762 4.8626584381231 
0.99344975211739 5.7511362246366 
0.43900493878375 5.8450716436902 
2.2180672394787 5.7741718996714 
1.0090775547694 6.3788163182574 
0.40118651310913 4.9569814952183 
0.40208540825782 5.9554057772922 
0.57291207278007 6.2785411818952 
0.45109350127942 5.106258825814 
0.29507015828911 4.8089068556476 
0.87206960878811 6.202068999818 
0.036396192316751 5.136070919341 
1.8432423767587 5.8969677552081 
1.2589860599749 4.6683440359504 
0.69224804286761 5.0046393114919 
1.9756302323085 5.1307462723684 
0.85662983258285 5.3873054162792 
-0.03094083054167 6.3041688999175 
0.99619969043636 7.0304020413323 
1.6557485260274 5.4040858198648 
-0.11401605929457 5.8666782701618 
0.3438814734188 4.8525443608914 
1.9506262350809 6.3534294117604 
0.30557085356424 6.8261110039478 
1.0727411743017 5.2720407875037 
1.3773349642222 6.5775659461203 
1.0215391118607 5.6763304449609 
1.0452047003018 4.7702465836416 
-0.010846793585184 6.1282634454704 
1.4764227882048 5.5739528175441 
-0.13979529877459 5.9884162060675 
0.61235237466769 6.7862185684558 
0.73751010849429 6.0368858250548 
0.1576858823415 6.8758453679002 
1.2606086668206 6.2604669165811 
1.5751170088271 6.2600925511569 
2.124705212144 4.5416097059365 
1.5815473087134 5.479536439495 
-0.27346471010851 6.1217798485944 
0.1059351898709 6.3177222981893 
-0.065525655440398 4.6685969677376 
-0.36371878497453 4.8151477848819 
-0.46900378349463 5.1963198460438 
0.49688784550739 6.163152794275 
1.8638772148629 4.7135611843104 
-0.30067987332196 5.6060986477724 
1.2793457262742 7.1903378801686 
0.18208334708223 5.7356165416621 
0.84228805011975 6.3608765994512 
0.9466504794715 5.5958374003583 
1.0029679741744 6.220764640928 
0.65873990446669 6.776843652461 
1.3313795861168 7.1839317168456 
0.17741129666911 6.5048720014351 
0.59462203377629 6.1152847197644 
0.73683624934434 6.0841406737244 
0.16246265675386 5.1296348842525 
0.14187107701989 5.1534243956142 
1.5959784835662 6.1153728001715 
1.5806493608561 4.720052618181 
0.70720102514352 5.8037013544765 
1.5890516529398 4.6089778545699 
0.77160262767235 5.490142366383 
2.0868939959839 5.1624036820584 
2.1678343266775 4.9380108074378 
1.4843423132959 5.1574553207451 
1.1920940801128 7.2702487541483 
-0.3119947082435 5.1898476365067 
0.76410383804291 4.5850873572131 
-0.038630872558128 6.1758318283019 
1.2310301990529 7.0487016031789 
0.15638590976668 4.5423029293819 
2.1953009597861 5.3418637864075 
1.717964709049 5.3816479494204 
0.013451510157026 5.0495849590193 
2.0966983633223 5.56722142025 
0.12156559885996 6.6245075333867 
0.94597029192916 5.8662807151177 
1.4935253545187 6.3134305945504 
1.7764032141938 5.8591556466203 
-0.099113472462894 5.0763306022333 
0.57570598774129 5.4479078506275 
1.6864344537094 6.7145603795923 
2.1171592875146 5.0944710740564 
1.5171269979948 5.9155295213071 
-0.24319763267774 5.4410159311546 
1.6260522914454 6.4501542496606 
-0.0042723890850358 5.6487100185041 
1.9669401922847 5.9923179274431 
1.1797500970591 7.0034339766594 
1.886503469335 7.1879486476296 
0.79874830438688 4.5736302355461 
1.8046474790296 7.2119671653942 
-0.01264007844813 7.1340551606526 
0.56670567389123 6.1036401103606 
0.67681789538899 6.6461732226562 
1.8906860740732 6.2911143213651 
1.6367707879501 5.5016657175641 
0.70355599223138 5.6503031252574 
-0.013010932592063 5.6363300451001 
-0.34555627630114 5.8946811698581 
1.4182908364254 6.2678693371596 
0.52786748779218 5.8882394732758 
-0.42228861494355 6.3215221279452 
-0.10444569091753 5.9546734363468 
1.2354418240418 4.6986283174523 
0.0077699391202754 6.8102808852964 
2.0201251999724 4.7520386959787 
1.0814638857023 5.5797095474017 
1.3924237730188 4.7421864517109 
0.33850854720046 5.5280761031651 
1.3650036118746 5.6850259091599 
0.4325449677023 4.5568442445231 
1.0787027644658 5.6905123522719 
1.1685928180997 6.3491760964319 
0.90915034035509 4.5533880308069 
0.57601735430456 6.6095702782293 
0.70804035680161 6.4619882146721 
1.8653434481212 4.7715415598854 
1.6153876913635 5.2708726319379 
0.018470241400189 5.2614098147188 
1.1319207605558 7.2261167661457 
-0.46560995576475 5.9035205486016 
-0.20617195996945 5.5674455905125 
-0.096625926488496 4.5487758326314 
-0.46145320908198 6.3702294981469 
1.1893878380838 7.0637840206669 
1.7870110682817 5.3171990068369 
1.9597489946659 5.0412228217843 
1.5065491310279 4.6588235646476 
-0.3833579207657 6.7361452398812 
-0.096725660908788 5.8706067528666 
1.1891787277202 5.1970925649909 
0.48547747475276 4.6166227413443 
2.3260718075849 4.6120408182746 
-0.16920691452627 5.351604447193 
0.46753712607815 5.994283142935 
1.1181026829757 6.8355650719142 
0.46176139186 4.8987746376 
0.57147849701063 5.7883396436282 
1.5245816695826 6.8375822514813 
0.30823962801604 5.1737898420693 
1.1691268350119 6.4137491313537 
0.80716908994769 5.5778321015388 
1.9922354140445 6.9507032546814 
-0.30108888533592 4.9006343274685 
1.0579839889836 6.2135847665584 
1.6094986503354 6.2235323467092 
-0.14487971223671 6.9772529214048 
2.0356863857393 5.7669583662285 
0.24996225201291 6.3033683355885 
0.99529219604691 6.1141457259089 
2.2938816789482 4.8497239142766 
-0.40743126617959 4.6431065232727 
1.3809660872937 5.97417831417 
1.3383956539113 4.9915025048208 
0.84582313466771 6.5224467790313 
2.1102968705468 6.035048965192 
1.6720215370936 5.9458016998444 
1.3999046779127 4.9660668737201 
2.0393276987239 5.1684910388936 
1.0866174942628 5.3127606931928 
0.80635709173143 5.9743519831622 
1.0556169192477 4.5542990088264 
1.3619832102952 5.029928856799 
1.4142655565638 4.9722715671575 
1.4009904174984 6.5313044636238 
1.1496433257881 4.6386300879955 
2.0701062802245 6.4187991712378 
-0.37072071717296 4.9676529761303 
1.5335777461743 4.5632702901882 
2.0754578179299 6.4694031853684 
0.89844475953662 6.4583627561251 
-0.43125388204239 6.3462032936429 
1.2494130080239 6.8806269773013 
0.81480009759709 6.4114361485318 
0.012287770667525 6.8755847831436 
0.60209666029575 5.0513380877231 
-0.11687710458403 4.591866693853 
0.55194576902703 6.2282591467296 
2.2139249517168 5.9302997522418 
-0.31200724605183 5.8409509894157 
1.4519125087014 6.1989783729192 
1.1054380891199 5.1905096766402 
0.31602358234547 6.191973284204 
0.13312797745772 6.6870292925688 
0.66226330387865 5.8116323054519 
1.0962411957312 5.868956253273 
1.5552093356854 5.1679888128826 
0.0053300838366157 4.5746478734829 
-0.51554489575821 5.6230722406437 
1.2679953744065 6.3166938495455 
0.52026779350738 5.9813775702964 
2.0572085961335 6.1388153051351 
-0.27129509625625 6.2801902909053 
-0.098637457830579 6.4904737589428 
0.48644073855023 4.6362388502092 
-0.48293213920843 6.6636639015476 
0.13783215356811 5.2869530136745 
2.2845997993492 5.5655360179365 
-0.25592287331428 5.3628945619224 
1.5335940915907 7.0594379920672 
1.3391137540909 5.9018827998366 
2.1612447783714 7.2580083711741 
2.207593450582 4.8925075026381 
1.3752505393776 6.5190918792247 
0.79380151227834 5.7525410496245 
-0.19003021706564 6.940789154753 
1.7158475607401 4.6941875208679 
-0.12860419174967 5.4981830507131 
1.3037556934807 6.5462798503765 
1.6976090690284 4.6972398909127 
1.621912661758 6.1122216075814 
-0.2938634661417 6.5464351912141 
2.3078975295866 5.3907082094487 
1.0990365411989 5.2482647999676 
2.0144370517776 5.5967249453546 
0.0081823688584838 6.6833303005801 
0.27798876463904 6.5427460861931 
1.6633680764852 5.9952305108539 
0.44752348272682 5.055528904894 
0.93552725758726 4.5890761250963 
1.262391190498 4.8861180633196 
1.9946575696214 4.943145461849 
2.0969696802004 6.7836861598239 
1.7695631121572 6.9790266683705 
2.092782570935 6.9144405746186 
0.16783866658206 4.6268642160295 
0.14975881807543 6.2174715363783 
2.1111036637568 4.9991373861507 
1.0048668380529 6.4445388159455 
0.7419628569414 5.2346116040055 
0.32092100730445 6.5390882153712 
0.78918080444352 6.7375363339838 
0.95863258624018 5.5815499988016 
1.5098274946368 5.4950975752433 
0.58907047237766 6.7780287031854 
0.070830087199301 5.6956596037111 
0.88800860599904 4.6820074127972 
-0.32600705547719 5.2143583870895 
0.85110517708256 4.8269151585153 
0.60330523401637 5.9340272857288 
-0.34827964003651 5.4995382515808 
2.1291397305613 6.074338186839 
1.8391455315499 6.4428876418717 
-0.13377302257562 4.7061502911635 
0.056901916950112 4.5650305873143 
0.94413776430358 5.5046399613425 
1.0701830692807 5.4678429596256 
-0.36432359480803 6.6253292604361 
-0.31494463707583 5.2874894064272 
0.31770964274437 5.7108311748042 
-0.51396280531353 6.1546398827945 
0.59290358424416 5.3568124620339 
0.36426412277837 5.9612301734611 
-0.032131971716005 5.2873730114019 
0.68573686862504 5.7548415629406 
1.8240036565988 5.8672855446303 
0.97133007937696 5.0914485640845 
0.32896249363731 7.1509613501195 
0.40681997411137 5.9917154204366 
0.55294088890547 5.3563245084391 
-0.48716384302875 6.0148133711942 
0.89484365168019 5.0961640800175 
1.7923551647984 6.1837225482763 
0.40167892834179 5.1717112852272 
1.2452302712511 4.860348583286 
1.4959430432143 4.9592021110127 
-0.18002791881453 5.8629457855653 
0.3029635499277 5.4378242395875 
-0.29473322577742 6.5773555484346 
-0.15852194001564 6.7175691486325 
1.8530354052866 5.3008269497886 
0.6842729282681 6.1191955967828 
1.9545893512994 6.3034496003557 
0.27297003354645 4.8861276486582 
2.2310003556568 4.6353453548157 
1.9900331978603 5.2334992885129 
-0.49348795698022 6.9791342167988 
1.9757914294291 5.5111412287089 
0.65237159636376 5.9756023670317 
0.93501559892024 4.6952412502432 
1.504255830818 5.2549790893164 
-0.14878992123038 4.6678404362034 
2.171863975506 5.9943161044814 
0.54715397586348 5.8366606662375 
1.6588358556179 4.9800107424427 
1.8878723768191 5.9518144362124 
1.763818997452 5.8766624861735 
0.23679494908009 4.6388275586248 
1.8983100200345 4.7889260157538 
2.0152579531931 6.5225194574895 
-0.44432371944667 6.1354018984907 
1.6877799691405 6.3858167153498 
-0.033039646385614 6.6659984900264 
1.2363884705637 5.6368688990019 
0.93221299736793 6.392516362366 
1.5506486864498 4.7298945090559 
1.7929632497009 4.7872780247519 
-0.0034677242792287 7.0948442160887 
0.55790076229959 5.5335981999509 
0.21253607740436 4.6288411748527 
-0.14224244779599 4.9195022510294 
0.81548120111959 4.9864735557452 
0.93497355464015 5.8489056682945 
1.0014545748715 5.454211240303 
1.5503244023577 4.6179765849815 
2.1173088891408 6.5245151504602 
1.0319852109822 6.2243490545329 
0.41840706285596 5.8691074041729 
0.2738651772159 4.9131611863232 
-0.053754410041454 4.8591584585499 
-0.39928434573579 6.7617114140588 
0.2683350683716 5.7454301330241 
0.92374697701616 7.0902379265029 
2.0836178915838 4.5499154531131 
0.051544648948463 4.7300612507434 
1.1968140156313 6.4377525518726 
0.6672752495706 6.2636960118425 
2.0174683573826 7.1540315953758 
0.53701923020185 4.6831922567052 
0.15617147771496 5.7119870049664 
1.6145030925756 6.5008409749289 
1.4403591815617 6.451195246538 
0.27379842162407 7.0529661490432 
0.56187190501237 7.0736943712094 
1.6379920608678 4.6344382114221 
2.267213567226 5.7226451507525 
2.0341180898222 6.2782987798762 
0.076490370525284 5.971696508093 
-0.20585307121847 5.4276625636083 
1.3174582206893 5.1602949025254 
0.28241317082955 5.3177420544405 
1.9090642186827 5.1108848564774 
-0.5043783045034 5.8326138010044 
-0.28700305658346 7.2035266251154 
0.75836438725655 6.9429941855064 
2.192112576634 6.86030937331 
0.69298116548045 6.390353584472 
-0.014344316260676 5.47372154949 
-0.020166070386628 7.1047706610718 
1.4396955078924 6.745229579771 
0.22045663168484 5.1621067182917 
1.1509123809228 5.8182911021651 
0.48474640497885 4.8332203766103 
0.8138076055112 6.7502306639169 
0.68682498699791 5.3375741886893 
0.55455743064064 6.6765469405083 
0.3547052006775 5.1040311065734 
0.18421715023412 5.3215330398209 
1.7604254687727 6.9999928600554 
0.89813831574523 5.4682526087805 
0.52633518057745 6.3913008352296 
-0.3038783923297 6.5248813190298 
0.55829853937744 6.9614119769895 
-0.12418194341249 4.8507842278846 
1.8329708177873 7.2102917304338 
1.4084847162306 7.0402601141647 
2.1115804660576 6.4898095827466 
0.86685959816425 5.1098917063017 
1.3323917255727 6.9441411164554 
-0.48481870328987 5.9594422483365 
0.057549016135531 6.2534872312674 
1.8318119543966 5.0847127557545 
1.5073262725512 5.1410298073688 
-0.43722721954337 5.4159326233228 
1.1181299340162 7.2129347644019 
-0.010480763960029 5.8817127639847 
2.1880857265395 4.8192769777411 
1.9810806926793 4.594860890408 
-0.47255756005242 6.1366042356326 
1.303417132884 6.2207178891038 
2.0210929535291 6.0603385187401 
1.8425472505065 5.9538666543311 
0.46155034712626 6.7456992327356 
1.2618542092937 5.4104976625527 
1.5904165879872 7.1471942235919 
-0.4733302876815 6.1963224521041 
-0.24117435459588 5.0066831674797 
0.37737220837769 5.1235732358004 
1.4840184465251 4.8368475540064 
0.65974927895055 4.6700121902428 
1.9323718906098 5.5493058531292 
