4.7995274368616 5.8337193138498 
6.3253721453603 6.3157240580981 
5.0992546023508 4.7768421931597 
4.1969676256126 5.18293373601 
5.8594610388376 7.3241968134701 
5.0808527729025 5.1984524760527 
5.6025895991998 5.4426982075901 
5.962333688186 6.3177925991695 
4.4764342207664 7.3293804525905 
3.0112449461937 5.5207527155458 
5.6564320185809 4.7665407613643 
3.132431455608 5.6564444063223 
5.7213899585639 6.327871974731 
3.7633651448693 5.0221572865995 
2.7551674644961 5.1007980924958 
4.5981661022628 6.0862477336445 
3.2635208086077 4.6740338507335 
3.4823315003115 4.6545478533251 
3.623391758482 5.374647362744 
2.8828618324657 5.2462718373565 
6.3574247069785 6.348315048427 
2.6512645344177 5.9416747851071 
5.2349372306554 4.8409958204059 
4.4878785420101 5.4826849574397 
3.509976173789 5.0095751046173 
4.7658646036124 5.4274403200137 
3.1107998332865 5.2889474204813 
2.7368764997362 5.0505277228569 
4.4420400289761 4.9300605554761 
4.4049282384752 7.2886258891517 
4.8611015750773 6.5313424186011 
2.6643026479404 5.2681110934092 
5.324935173364 4.7225272179349 
3.4212585350591 5.599532330965 
2.9706285050161 5.409723419652 
5.8059640350463 6.3984927306288 
2.4834496658212 6.5954138945717 
3.4353416651325 5.0682233263306 
3.6937677087937 5.9500401149729 
4.6405970262055 6.2965632720421 
6.2924957525452 5.273913779149 
5.6991726814517 4.7141434853011 
2.3749125475999 6.8073662142779 
3.1705487638944 6.9835129557261 
4.2059860171308 6.9887623819857 
2.4139859795639 6.3054006924828 
4.7479627343428 4.9616000205883 
3.980895148153 7.105372563186 
3.1555917239534 6.5837343611165 
2.7459313488061 4.8852665328417 
2.5678192972784 6.9596455582221 
3.5828294049876 6.4285891166141 
4.8127452689373 6.1048751106359 
3.4564664700894 5.5615268673563 
4.82697707922 5.6572234394131 
2.735532913187 5.1929058594408 
4.2412357003265 5.2643849183825 
3.137577800286 5.1151558283755 
4.7650163246127 5.8626833386444 
5.0599992026156 5.6222071577926 
3.9978582628477 5.8768570604989 
4.9621331577515 7.104065441523 
2.5748124137741 7.0355186352464 
5.0526140601829 5.7776280914948 
3.1858852137596 5.3864692499157 
3.311457785738 5.2566428752367 
4.8002204571669 5.6813373786765 
3.052225697613 5.3768733374535 
6.0925678735063 5.4357886836581 
2.7637258136617 6.4224028357838 
3.3349643481062 6.2617294939362 
5.1524919733274 6.2492413867788 
2.9252853186522 5.4340480661073 
3.7266239784669 4.786139961208 
4.4625810692716 4.7010678948436 
6.0870206927587 5.5109250946794 
4.5776224707594 5.6115358402811 
3.1158781333121 6.7023974830296 
6.217726386441 6.8283186612636 
2.8380375045571 6.1178725540611 
5.7476227720898 4.8556215276051 
2.8883581547306 5.4863774299854 
4.4420493333567 4.9118492387852 
5.5557733813437 4.6914450923294 
5.4331210696405 5.7189284877565 
4.2626175852298 7.0940894555793 
4.4776721762034 5.0491410603458 
4.2940011032998 5.0675668648699 
3.5273517247625 6.8308844790762 
3.9039353142195 6.6816014323888 
6.0356218926071 6.6512702302184 
2.7638318356172 6.4869996237481 
3.2200518974117 5.2278540998564 
4.1898201662654 5.0258319436334 
5.5850094905306 5.3448920492283 
5.1863073542274 5.7840175005567 
2.6624258666253 6.5796561828184 
2.3372285524654 7.1293814100922 
2.6268018248314 5.7464794859716 
4.4569471102304 5.0760205421475 
2.8348503325455 4.9003690073762 
3.6657709074301 6.4583137096274 
5.0640219453472 6.7485339107711 
3.4673039048324 5.1472465748536 
5.0043374388524 5.5306602234824 
6.3196716417829 5.5975293541166 
5.080032520803 5.3353396873621 
4.3582800470331 6.4372628182506 
2.3905255047453 6.1014463182605 
3.4826354105342 4.6617178954399 
6.3218650742823 5.2915832999116 
3.6486756767936 6.0148095023658 
3.4499739678717 6.8843380129794 
3.4674177342719 6.2033356317851 
5.3354584995736 5.7689861221187 
2.8674373446774 4.6912739669764 
3.7961678688273 4.8712843714564 
3.1064048204211 6.8795709042426 
6.1271603879417 6.689408370228 
3.5997777250353 5.4978385251348 
3.5332420310853 4.929216246748 
3.4511536704562 7.0725490565636 
5.5012002363617 6.1212334353776 
4.5770909506251 5.9679425332903 
5.8955984878739 6.3750955617857 
3.302388596026 6.1192618061504 
3.3724304264627 5.7530957665524 
5.6412074215026 5.3484924579989 
5.8458909294472 6.0600536044369 
5.7129006923806 7.0955212792801 
5.0821468737304 7.1359626622911 
3.8727689697176 5.0979275016101 
3.589119380412 6.6951072275647 
4.7296488072498 6.6841141023493 
3.6240704097293 5.5807542470772 
2.8020497268672 7.2634785487921 
6.0644960127133 5.0701916804822 
2.3394376495245 5.8007482417718 
4.139804400886 4.7119853164801 
2.9127945164929 5.5089838140471 
2.9356519796571 5.0558974388523 
3.2861777234892 5.1299920403062 
2.4678250642515 4.8841739710117 
5.9336726973885 6.752791355487 
4.4423115719988 6.2314583575267 
2.7637000897032 5.5012961461282 
5.3635696459866 5.1946345893441 
5.899578489143 7.1130601901091 
5.6637947236132 5.5300783196533 
3.2408903526563 4.8528157355954 
5.7635702718452 7.2125903989296 
3.3154060387538 6.9360319803103 
2.4016546842779 6.1256770578828 
3.3774056548881 5.0785359963479 
5.905874789786 4.82592114913 
3.5476954619196 5.3882371643736 
4.8914149205166 5.3085085270284 
3.5152761760225 5.4324397629589 
6.3399784244816 7.1936379610918 
5.1077404482461 6.3131957827315 
4.2589513870701 5.8717961477323 
3.2349503026302 5.3134686764016 
4.7228899489038 6.3016164718313 
5.671700977129 6.1474140788484 
3.1739681145335 5.3583033493244 
4.8418410233085 6.2827874975766 
3.4434923925983 4.9384523388354 
5.4874063124399 7.2931082115203 
5.7021153223916 5.5017874704701 
3.6301738649579 5.8352540752158 
3.5459610092994 6.728238317174 
6.3071374361808 5.2180050592017 
3.6539149850096 5.9325666586182 
5.4167551184343 4.7187376865192 
6.0737224945096 5.5360566210577 
6.075429590995 5.7337251020146 
5.2662171533767 4.8124394513401 
2.7607755806132 4.8257149775802 
4.3706839748898 5.9140341476976 
5.6129297482902 6.7581527632836 
4.2751493611443 5.801172682552 
4.0446067333312 5.8898924924476 
4.3603561064759 6.8917726257224 
6.0818950632779 4.8223159851766 
4.9638655409521 7.4047725594186 
2.9517381436502 7.2233048754754 
4.1825961857646 5.2879950029007 
2.3715111067434 6.6971632355061 
6.132869997452 6.1206024225526 
2.4784576646638 5.0464655342545 
5.0160238051545 4.7042187494646 
6.0409686935232 6.8284671660283 
4.1101324119707 5.2962671827863 
3.6864626539971 7.1490073462682 
6.1001693452606 5.1874797865301 
2.9232240088031 7.230408479152 
2.5347035790829 4.9183893797735 
5.8365601609955 6.5337266695603 
6.3300558726513 7.3377026415199 
3.6665975227238 4.6675679748638 
4.6868138191051 6.8521318732466 
3.5095440595611 5.7545795747665 
4.1415222811593 7.184365433215 
2.9759168960276 5.5082051603592 
5.3185888599605 7.0075224520339 
2.7512813851145 4.6453476110624 
4.8308988722373 6.0480766744534 
5.0198929734418 4.9450724043306 
3.0577469214901 6.7699294775884 
5.6678769878683 6.1864894742812 
5.8530393140682 5.35639183799 
3.1023325869867 5.8144109710007 
2.8768126030625 4.6663563576078 
3.0336421449408 7.2609442322674 
3.7054892639149 5.1643335033528 
4.6165220193557 7.1175867714038 
3.5688032776905 6.8355093516056 
4.4360507229168 7.3858666314743 
3.7459596375256 4.9838716918225 
3.2424478486563 5.2317534559515 
2.3838528796482 5.223752671381 
2.6171283430764 6.618026500457 
2.7697003086666 5.0669380489233 
3.1375339977495 6.4897609289797 
5.2542366404501 4.7811302738478 
4.3673751317322 4.7384949193422 
3.3150924721569 6.5278341022229 
4.1473238451769 5.0593251913958 
6.3423350461643 6.4352288969576 
5.7951265445798 5.1562310374126 
5.2796706302541 6.0439423748682 
3.6982658093037 7.2588934196524 
2.7383387186455 6.4156909748237 
6.230720784603 5.6583293941475 
2.7355444064476 5.3752248405525 
2.9443216589048 7.2286178140647 
4.7271011309481 5.3868986765704 
5.3463906426731 5.0295367533807 
3.53313932037 7.3197319739597 
2.6515872484806 5.0173571481398 
2.5219635048464 7.2167464156286 
5.9818376905601 4.7976315849473 
4.4353979041675 5.0324199790502 
4.9011944841411 6.0842825093647 
3.4561506164126 7.1139358965295 
5.2445856837971 6.4444350657117 
2.5956768032275 6.1118970496499 
5.2614279493097 6.2719474510712 
3.8507295767652 6.8512629987917 
6.1570369391245 7.3094080294901 
4.9250387339436 5.8167448627434 
2.9800321724672 5.0205684253356 
3.0210970771059 6.2773347419944 
5.4884771353859 6.0796394368671 
2.8909387171584 4.9984801955384 
5.7845518257313 6.9534024013357 
3.2895417994752 7.2183890800083 
4.416951615519 6.2133882216915 
3.5298141580624 5.6677779772032 
4.3858075940862 4.8431029875658 
4.444182795872 6.0464010186259 
6.0443883440337 5.388569095412 
4.9588936097831 5.7666736656336 
4.9344874083997 5.6177498176393 
3.3383575273777 6.569760121352 
6.3069009086521 5.571439001854 
3.1329075518946 7.0361315465897 
6.1792135473124 5.2400664205722 
2.9074732259433 6.0266920078868 
5.2870010007233 6.9966329773512 
5.2069767228663 5.0104509841018 
2.4502279245495 5.0236905567497 
4.7054345033797 4.7786624436722 
6.0468317070458 5.0733985552917 
4.2289688733974 6.4555160375494 
5.1375552576882 6.8716940727532 
4.9214202264836 4.6673645332107 
3.7745658176191 6.9138734680421 
3.2044412921411 5.0497784968541 
5.0462056423344 5.1495147380898 
6.3264600369291 5.1659146721681 
3.6513499470097 4.901552526479 
5.8382563573448 4.9067482558036 
2.9116573326621 6.7441374431941 
5.631745472496 5.3785112119692 
5.2633066676279 5.1117977562777 
3.3592176416419 6.6492149635358 
3.6161677078251 6.3414731807985 
3.6267158242563 5.7148613859352 
3.6527083736827 6.3731204087338 
4.4702876438772 4.8563669183952 
3.6015497812741 7.2307317748376 
4.4100237467785 5.4710891959254 
6.0297784871543 7.0056590933178 
2.3607047088236 4.7663492584579 
4.2030763800743 6.9993140659403 
5.8257453306103 6.0156105506308 
5.3391936406026 7.3229116404951 
3.9010616577123 5.9365851398544 
5.1412598229629 6.7169884067302 
5.4044260858289 5.3508136577325 
5.2584711914891 5.9570655896794 
2.5264914012037 7.1987255568195 
4.6740191362514 6.8672484449134 
2.7589220919208 5.1697389110102 
5.1066300828044 6.5621093314624 
2.5910375231808 5.2233021974555 
4.7880273722209 6.22019921138 
3.2343469080264 5.651076881696 
5.7813746563587 6.6567947605929 
3.7576917735042 5.6538575871626 
5.52566522889 6.8787609158331 
5.577302591471 5.7741510079245 
3.1311897189834 4.8514082467204 
2.9026343090073 4.6821134344018 
3.6548418777263 6.4212513990997 
4.5287041399249 5.5899436685842 
4.9135348861953 4.7318138665472 
2.8662853651765 4.8243971000106 
3.8919934850632 4.7742272315771 
5.0676501794055 5.7049115256096 
3.1608736144023 7.2318181609544 
3.660382020925 4.8142496892389 
4.0453148327693 5.8437462359399 
4.0929220076483 5.9867977150291 
4.1308671687269 5.5749104698032 
4.5803535414065 6.1543395719814 
4.4061865907246 6.7327566553267 
3.889000304781 4.9889530014359 
4.8764422912087 5.3381612123876 
4.9253933613934 5.4285700234147 
3.8393473635252 4.9724901606117 
2.4528818078692 5.4173702487724 
4.8568528050699 6.208161156034 
3.823936596014 5.0035608444879 
5.838583869368 6.1092644030693 
6.3712395034565 5.982992013507 
2.6005210914479 5.0518688796055 
4.2382872953273 4.86444560641 
3.0415841865098 7.2567938723183 
5.7648968113729 4.7808477237678 
2.8024221725454 4.9660370828848 
3.9680910577703 7.2959591587379 
2.8907814528463 5.9641892969057 
3.3140845350141 5.4830796369672 
4.0223531281745 6.9205911783651 
2.4079887610919 5.7182873255885 
4.6076312864722 5.6238540919609 
5.2061489014093 5.872599210905 
4.4430920165412 5.4852548039184 
3.1869631509143 5.0794574321342 
5.92532338104 7.4070538739749 
3.3623167437773 6.5036213298277 
5.9393650295141 6.1366751382226 
2.7683670158736 5.0581783676146 
4.9279857423819 5.2437778531098 
4.2232264132029 4.6633398392542 
2.9780138014227 5.8492844385429 
3.155933110334 4.7093981793789 
3.0864685760816 6.7410971068901 
5.5246235974214 7.09923798238 
3.9212361794105 4.9109637678562 
3.8350406060982 6.2811949766898 
3.0351380881435 4.9744606679432 
4.3559360814066 6.8254980048648 
6.3070288154568 6.4618316096184 
4.0693213636524 4.6916908122432 
3.5228582849571 5.1908912215859 
2.7105664241412 5.2629987951592 
4.2847912707372 6.7582604818431 
3.5300022777677 7.0581068142364 
3.9560891045511 5.9808840010787 
5.1614310955279 7.292598936196 
6.0096336419553 5.2701065542142 
4.113257201529 7.2929015837352 
6.3440075507038 5.6502412886938 
3.2270379077174 5.0175093194962 
3.4665415313013 6.094961175201 
3.1862506315296 6.3279468930678 
5.5673684805053 6.4841372430072 
2.9510374919092 4.9476548273293 
4.4628874946815 5.7259437073324 
5.9248269209438 6.8763100491146 
5.7348055119761 5.2672000459045 
2.5176002997996 6.5322980233732 
2.38357957002 7.0087279971791 
6.0447141977069 7.3075552678253 
3.4664122977628 4.8118156490709 
3.7244445761432 5.6572413725218 
3.4978663085218 6.5405397112301 
5.3824536014616 5.7823569303012 
6.3352034671613 5.9363219364283 
2.7078177495122 5.053533472712 
4.5794579998817 6.3078291247826 
2.8916340900766 4.9883512770494 
5.4678313222177 6.3076322989357 
5.0717462653601 5.9008760113744 
2.4380455757487 5.5369395012821 
5.7329856183618 7.213488629692 
3.9431715578957 7.2029468561533 
5.4289126292614 5.6353240281068 
4.4227339848909 6.3069526432373 
3.7962716537677 6.3589156278415 
5.8752749121252 6.348291937715 
3.2239098950862 6.7926970637606 
6.2191855412537 7.3976058643985 
3.2198189863694 6.5064549683003 
5.0388543343416 5.399454844356 
5.8141714213157 7.3122548645666 
4.9002343349911 4.7106488372368 
6.0492223539111 7.3958808795866 
3.8876377291659 5.4754045831441 
3.0560551903812 6.3196146537855 
4.7903339213783 5.7672181680305 
3.3228348495936 7.3868055127491 
3.2793998385886 4.7654991093948 
4.0305986478178 5.4035605015359 
3.6731710939445 6.3025646988606 
3.6771727693946 6.5482928219977 
4.5410590088708 6.119087823925 
4.4496555719665 6.7839182054733 
4.1826382872852 6.0527675197195 
3.14490701818 6.9965927367461 
4.1164499944481 5.0305990860624 
3.0777389118161 4.824231946521 
5.0499745889544 5.7655146490496 
2.3471086319011 6.9840128452481 
5.3377021980775 5.4878350179362 
5.1012875527096 6.7634926853004 
3.990262611972 6.7890421275051 
2.4666702698964 5.1795282031653 
3.9187122316401 4.9898376310752 
5.3547781494474 6.3731866959237 
3.0583425956001 6.2325030716268 
4.3870605882097 5.0759664309381 
2.3680415707977 6.8128397917836 
4.0009593063134 6.2738522347144 
6.323614807031 7.2710193090198 
3.2697263018538 4.8094453109274 
5.7542950993622 6.9223589986832 
2.3279571859861 4.6964190244608 
5.0870086133937 6.6015020704155 
2.8543019931578 5.8336156456952 
3.941532444155 6.9927018607225 
3.1884059472361 6.0146871230559 
5.3389685894338 6.3287497200121 
5.5118714706112 5.3816672353195 
3.4976601827133 6.7417016493571 
2.6968662482231 5.542726871288 
4.099171906463 5.6332427834739 
4.964988330852 5.4087176179604 
4.1455412611849 5.3907924897947 
4.8378439951302 6.9161494147919 
3.0414833173448 5.4812775839598 
2.9733265565244 6.2466696156043 
5.7606753626682 6.9372138430589 
4.6246292440065 7.1844502344787 
4.4406999409426 6.6685449758143 
6.1519460162706 6.1296717320365 
5.4545934456573 6.6860438616364 
3.228739924852 6.5879098856425 
3.419433470455 6.683150350855 
2.3579012900802 6.240195788357 
2.3963247968255 5.2270649603298 
3.0906195424775 5.4189467915585 
2.9917268444174 4.9210656210711 
2.3339450092741 4.7383742788434 
2.9964261215376 5.3376395225463 
5.4567291115958 5.9096019583826 
5.4030140501844 5.6788088675398 
2.3949392604474 5.6229529404189 
3.0063701396483 5.2602581298122 
2.7270148500263 4.675590877897 
4.2219269759525 6.0330125099633 
5.1074666558347 6.339553739251 
5.5130594803703 5.524472017212 
5.5476806290818 7.403573686664 
3.8866016422947 4.7593526999434 
3.2621300778179 5.0972939852265 
6.0884810659731 5.5184675388829 
4.6577939609267 5.9909853087944 
3.5261460466309 7.2194257225891 
2.987600402701 5.9362689239258 
4.5433444067984 7.3128118614318 
4.5579408355629 5.3916738752997 
3.5288321822286 6.6315326824804 
4.4953706463865 4.8196071933602 
2.5674135910303 7.0229549580705 
2.4252503412323 6.0941870158708 
5.7902016267516 4.7924283472331 
4.2466671100029 5.1259449135265 
5.31795026395 6.124580589638 
5.9921969287212 5.0516381635617 
4.066696123825 5.676748318214 
5.4127593376392 4.7907102079711 
6.2627409613866 4.7749841664593 
4.3949975436271 6.6209166157091 
4.9176751908145 6.1224143072703 
5.6766729757319 6.1006496827665 
6.1288779151106 5.8292271055217 
6.3081662668963 6.0512307475377 
3.1383426593842 6.7070155181865 
4.5875840061847 6.8925776123271 
4.786364518406 5.2885758167263 
5.6143624744213 4.8430103091824 
3.669028033509 5.3595969243012 
5.7231576967808 4.7104635648075 
5.9635091896109 5.9963743232 
2.5235585345504 7.0309272328627 
2.797452090818 6.6204812921621 
6.2885604699174 4.8481315168414 
3.7629812123504 6.7343052034401 
2.3974227632801 7.3371295994666 
3.1477465634519 5.9184902810199 
3.0949502363678 5.8472579979542 
5.1459113121112 6.2381129418862 
3.9269602852828 5.8180626305298 
4.8075147599908 6.0111073015984 
5.7079081512042 5.8650961603736 
3.6584751764347 5.5635957814882 
6.191822547834 5.690575441914 
3.899931347094 5.8465486560233 
4.398181758933 5.1150345485663 
3.5691048463427 4.767906873617 
3.4165812103306 5.0127300619361 
6.1835411708449 7.410432560434 
2.6186985907507 7.3805469039567 
4.2472580711755 5.7176074352983 
3.8528613573814 4.9682213029402 
5.7392654270742 5.0760174893247 
2.4000391661044 5.2662876143723 
5.4637955263827 5.3671684545468 
5.7032841056959 5.8790912061458 
6.0553574567031 5.2298063427137 
5.627447765737 6.1307488342915 
3.5899076292798 6.4125252768473 
2.4615722277171 5.3242767050251 
6.368417831704 5.810289009496 
3.0445878717178 4.6523546417512 
2.3912620523275 6.0233088710059 
5.3134723498311 5.0886063480865 
4.8751747917981 4.725395652603 
5.3906498267771 4.731144395613 
5.6104138650432 5.1528387784952 
2.7961210999869 6.8459692104459 
4.9462672119817 6.2160616684411 
3.8609871208284 5.086692042926 
5.0028032584627 5.1443726828359 
5.2736180028209 5.8184215196502 
3.8126797910523 5.5238858644527 
3.0784020162975 6.6061892044168 
6.0945437435333 6.5006016444687 
6.0717010157291 7.2302523850476 
5.4762830435002 6.5581609132542 
3.387589729988 7.1120342581498 
2.4868891332689 5.8789240607082 
4.7209277249934 5.4196461494785 
2.9125314398251 6.3105823646658 
5.7135809623943 5.8787354825767 
3.6647513866177 5.2982603352784 
3.269223145869 7.2885036324919 
4.0085945514599 5.8739378275342 
4.7898610673665 5.5649386274331 
3.0353489164374 7.2363761966936 
3.5357431814208 6.2088520773294 
4.293828824435 4.6899414848728 
4.1399001317754 5.1208253988489 
3.1742652162714 7.0121874524442 
3.1134979124196 7.222365759378 
5.1822548346636 6.6961929588324 
2.5756766237114 6.8455696519894 
3.4602559496901 4.7432918610078 
2.7163770769494 5.0477324281678 
3.8483084735006 7.2123279487613 
4.6044182242032 5.8676966986052 
4.3739056312425 6.6413509281058 
5.9644574077343 7.3636077403062 
2.9942063335851 5.6757179839718 
4.1676794941265 5.7008838247029 
2.600105740324 5.7140302646397 
5.7357441799743 7.2717857871178 
5.8687360633517 5.7795125788098 
5.2963466370888 6.7217738827043 
4.8063844761757 5.2484884478687 
6.262385082002 7.0834040183446 
3.0065820146151 4.9358879336026 
6.2252752952964 5.1474350741016 
4.7753600455933 6.0729409880818 
5.9786132259883 6.9743504018399 
3.8570238740984 4.8602401551858 
4.0314842290735 4.7141902361008 
5.2094698234624 5.273404901046 
4.9870605880647 5.8684975163681 
5.632099840458 5.8975892197398 
5.1864750422095 6.7291461872627 
4.222177337095 5.2841783526465 
4.8803885976902 5.8072768931466 
2.9782413390889 4.6552261413941 
3.5960085364763 5.0376998519816 
2.7529965854213 6.4522891572147 
3.0450344792755 5.5318157228192 
5.7506634655005 6.801478438642 
6.2509804676744 6.0429292608704 
5.5966665666868 6.5982572633002 
4.9827599093073 5.1773860512705 
4.6223779420437 6.2019983220051 
3.1156144142371 7.0990836872854 
2.560572392236 5.5583919091781 
3.6804774079887 6.0396386744367 
4.5413836278109 4.8414240891229 
4.0940234517602 6.7398278398782 
2.9177262005876 5.961541163134 
3.3034285483589 4.9712675842186 
6.358853254307 5.1467021003288 
4.3000543062973 5.0098442260707 
5.6575344633992 5.5212578625881 
4.5191965685068 5.5384327137364 
4.6601478316301 6.2052794743432 
5.9019847359659 4.9537479908357 
6.032071577182 6.5514309752435 
5.8709452403277 4.8603254643301 
4.576025434093 5.3152214900201 
5.1392156464312 5.3747713102201 
3.2315853603662 5.7740679666168 
5.2027391861569 5.3616481124102 
3.775395434052 5.1169116101226 
3.1045467830915 6.2668625621364 
6.3578128927621 7.3070798374749 
3.1289252136219 7.1313322920017 
5.7197188958347 5.2201516138845 
5.9377275006142 6.9569050236995 
4.3303085701644 4.7299175615451 
5.5863836686658 5.0339274482323 
2.5245754724463 4.7468544768272 
3.8028752100181 6.4609498326765 
2.8222354265411 6.9882179605107 
2.5728977949883 5.1790810646427 
5.9119060163747 5.126014874781 
5.5043387809829 5.8372925993241 
3.6891870433501 5.6186072394331 
4.5646111424936 5.4871659600246 
5.8566211817097 5.1972934077744 
2.5006768178016 6.1656627582308 
4.3329997886156 4.7189336074313 
6.3110077921614 6.9866764334447 
3.1222295594652 7.0808411859562 
4.7419633591016 6.6921759240687 
6.3739711514413 4.8480678576792 
5.7112894388077 6.2367616589832 
3.2287191975339 6.4921312774924 
4.4637192990314 6.3727407245298 
3.4853091674412 5.8232474276828 
5.2395358110003 5.0671777850361 
3.6636792683781 4.8240065613707 
3.7243548485858 4.7445699155964 
3.65150443226 5.9513849238287 
4.6115481232817 5.6528286752376 
5.0543450010588 6.7691167658892 
3.0090441532299 7.0091061745808 
3.2575201146033 6.2015521323432 
4.8629054108128 6.9273437261129 
5.1635441650543 5.2899882370156 
5.4501596548448 5.1101385231606 
2.9854109559908 5.1050335346075 
3.8201061164857 6.8205486170468 
4.7502965838823 5.9252656377441 
4.4015838892658 7.3172846997666 
5.5070597490221 4.7596206409805 
4.2554481904015 5.8877973914339 
2.6942494084708 5.7087955760182 
5.5450244076585 5.5728201412943 
5.976691264053 5.1832085205149 
3.9964652804009 5.7888520081205 
5.8249892343834 4.9352105330446 
4.2670203522122 6.5373369605099 
3.225044893792 7.1816333418113 
6.0194353700888 5.4397685981724 
4.8185463883614 5.1506423021825 
4.2938594841892 5.4018685965791 
5.0050966930488 5.3607112900248 
3.3169483401766 6.5406602852909 
4.9186887088824 4.7714833695173 
5.2128991085391 4.7158940261048 
3.6228560679409 4.9766153378944 
4.3654101998607 5.0066434666442 
2.9564480745603 5.3984807304251 
3.483524357593 6.3886038974531 
4.3156709461457 6.9057984337635 
3.8062687810683 7.0817949099523 
5.0608940721158 6.7751045856595 
2.7346149676691 6.9134853594212 
3.3695982945622 5.3085172649197 
5.0401215281332 6.9559179492203 
4.3910541366274 5.9978586360806 
5.7639676116133 5.3457163597943 
3.7584508845241 7.2477979416269 
3.5278870895846 5.0849104095914 
6.3567810510851 4.9665389556079 
5.0237299774275 6.4639922777338 
4.421545498223 6.4743198247001 
5.937886099057 5.2382940486111 
3.8732967563118 4.679066540646 
3.2611228305034 5.55943389918 
3.1145760274282 6.9009309604119 
3.9509679562088 5.1872309771946 
3.7876332549798 6.125535476592 
6.2944284554237 5.4364869411141 
4.9185152906762 4.8798762819304 
4.0374905025312 5.4790241337701 
2.4629788127855 6.0720549251917 
6.0813513372917 5.264775624189 
5.0970241702901 7.1221770846398 
2.5417620424655 5.6973247964487 
5.7851263757486 6.5422451164138 
2.6463845927099 4.7369900668914 
2.7305557800988 5.3713136382531 
3.7963755658533 7.0907696178106 
3.8670804237799 6.1441956614769 
4.4446294360742 6.8909654767789 
4.3444808105864 6.816502996657 
2.7625465064422 6.6359289340431 
3.6589959226239 4.9425987654624 
5.5235957533233 6.6345021797672 
2.4210707357556 6.5569974977837 
4.6036704047392 5.7823201930566 
3.468296624758 5.4344482332609 
5.7234611304026 6.5565683388226 
2.6652455602317 6.7150173624197 
5.7098740729681 7.2621296265042 
4.5343742403993 7.2114027122755 
3.1702664552389 7.3460064879044 
5.7774799308072 5.6404135277172 
3.8114544053576 6.1619130453157 
5.111176243353 6.0622891582368 
5.8495838603229 5.4361697289658 
4.4443295632204 5.6732351147959 
4.0549482777452 4.6785981356921 
5.8738939430299 4.8425305772973 
3.699965034847 5.0001767228009 
3.4479086140441 7.0542356920795 
4.967347795235 5.8428480522495 
6.3284202938698 7.1062095430725 
4.1242480346028 6.3661022360483 
2.4624116271741 6.7980045119084 
2.3466306452148 6.1900111122562 
5.146156437796 5.1876954645659 
3.4411885507395 6.1191049594418 
3.0356199443708 6.6209655653107 
5.5330933574624 6.8583479444919 
4.4789461175763 7.0648477310409 
4.8893913984327 5.0510044405873 
4.3125272956866 6.573400862939 
4.7369864389901 5.3706397072544 
3.8830697472699 6.8611686270542 
5.2046145872496 7.0986180154315 
2.8120453749389 6.011901860785 
4.3186414282181 5.1871181071326 
2.7679415777174 5.9063014792114 
4.6411049084703 5.3057099633416 
5.5919249359116 4.8576959406181 
2.6818627734573 7.4066242906601 
3.9759229199465 5.6433343376775 
3.1234760855621 7.0480509444669 
3.85762090942 5.4241804787483 
3.3447436303165 6.1523780034389 
4.8010770299288 6.0099984552582 
5.0955022030363 4.8890828646234 
4.5067445246736 5.4040631815443 
3.3891325792582 6.2584879881176 
5.9503275503056 5.4796972467675 
4.8225608082111 6.4583604505984 
6.3260256147075 4.932264675071 
5.8666945369379 7.2326201441273 
6.2756457355106 5.7312607849787 
3.561009737295 5.3787532085384 
4.6143864014088 5.3381250905226 
3.6714746697256 4.7387035322599 
5.1560133360762 6.5436671447696 
6.1124978689812 5.2456946709057 
3.0882345920856 5.6483883858066 
2.4425784405842 4.8365718519681 
5.0918195850745 7.3660784842759 
3.8948132226595 7.0968438935605 
4.3008274244143 5.3113283487419 
4.9472498235214 5.85252656303 
4.3486521045416 4.8214248496147 
5.8808759424599 4.6487002359089 
2.8029044460368 5.1750620434563 
2.6392765594664 5.4452916174196 
5.6984792026395 5.2494478412016 
2.8792390302485 5.4657556929291 
3.4468972595924 6.8202630546537 
2.4638598188666 6.7297423470331 
4.8063781573807 4.6499037803364 
2.4348220027326 6.0780812977685 
2.4787819436374 5.9485021691808 
3.4244380764828 6.3941023117843 
4.4892245045367 6.0619420324756 
5.556804847861 6.3354480142845 
4.6299444939444 5.8909543050653 
3.2325519605903 4.9202184624594 
2.9227054247473 5.1000924865725 
5.4029223749654 5.7567322022973 
5.7610500972755 6.5170677428009 
5.1603876107794 6.0537156326761 
5.7386141020113 4.7452522058804 
6.1747811838757 6.4160909598431 
5.688626276167 6.5536405982665 
3.5289386873247 4.7888302402083 
4.6955899181448 5.2787674820261 
4.4673873089367 4.7808432900197 
4.7965023397153 5.242980966235 
2.6697475219863 5.2093206508732 
2.8910965902929 4.9945486756995 
3.2823587681054 6.0622377075521 
4.2705761085108 7.0675441185757 
3.6352438538949 6.8749957788016 
3.2061768434295 6.4983891795758 
6.1072390374166 5.6896867081987 
2.9149440203699 6.170088593105 
2.5198475191992 6.6034399562418 
4.0360982228015 4.8145374785478 
3.2911952942147 5.9087833700186 
4.2391994681876 5.1594910425355 
2.7364140374864 4.6563824637735 
6.1351651979464 5.079536481316 
2.9015282088424 6.150216364054 
4.1279686572443 5.2165440888037 
4.2572547199878 5.5207146141497 
2.8257092610166 6.3260722092131 
5.3101788777536 4.9686831505961 
3.003434706487 5.0241127268832 
2.5495486748983 5.6336004282382 
4.9443381197414 5.0107471897335 
2.806747129333 5.5561412627794 
5.1833113916976 6.1606036659001 
2.727650609669 5.7919104886865 
6.0794057523233 5.8917830506176 
3.0225989440491 5.260389869865 
5.448729908984 5.2739672544689 
3.4763426576479 4.9994302403481 
3.9772920051299 6.407432561621 
4.8884702141686 5.2207874377625 
3.0314544877388 4.932017800468 
5.9111522817534 5.0201930496179 
4.0058677978093 6.3004448787446 
5.0172665165887 6.0819656119003 
5.3674596065229 5.1747944945613 
2.5642143314511 6.3576658350092 
4.9669728631422 6.6718301547254 
3.9324202215952 6.3546908972885 
3.0116407367002 5.8317556493698 
5.0963862373621 6.648020104548 
4.8289005601711 5.1245812379237 
4.754773780713 5.4644024899161 
2.3490771331602 4.7701413294918 
6.197606939284 4.8161923086006 
5.4001193724116 7.0801840785609 
3.6736368887568 5.1373769749354 
4.5033955610927 4.6649258182492 
5.5873557591784 7.4220048511831 
4.4667818315316 6.7368280852199 
3.0467824246135 6.0177315699678 
4.8117696580815 5.8898219294256 
4.5727520522497 5.3832249161156 
5.4744283752528 5.0333720535681 
4.6650293919082 6.8534057347358 
2.877352640279 4.771499132534 
4.09160059107 5.0459398783556 
4.3355479122108 6.3532597112616 
2.493129446395 5.1299153206538 
2.4429141792862 6.2385019976799 
2.6936919641481 7.0388553557598 
6.2779536079987 7.2175765881918 
4.290581739472 4.838068366218 
4.1745244881296 5.5579604012008 
3.3711084221071 6.0948276219437 
4.5719557467903 5.1931677788942 
3.3559137910825 6.3150594783845 
4.3220937366022 5.1995077425313 
2.4426558014818 5.1030460524616 
5.0750345280928 7.2782141228128 
3.3769282684446 5.2947772007001 
5.2022219182811 5.3866005942774 
2.3945839693359 4.8202508019544 
3.0701245576177 6.8901622774966 
5.7770773492758 4.977087843477 
3.027851330991 4.858968865209 
2.8723535143898 4.7922665212526 
4.4078496093415 6.7955496876676 
5.9638014885408 4.6727783539337 
5.6462686187895 6.3011891455053 
5.0230890813559 5.1084133113248 
3.1309795473803 7.1647207152433 
4.4578435093856 5.6074808762055 
5.1481717029035 6.712053812511 
2.6807519429867 7.1901821381417 
3.5464982693381 4.6457426079316 
2.8940723207195 4.6740692911039 
4.3294009835119 5.814141030295 
5.5322873920246 7.0467621542681 
2.9543908643022 6.4124848241946 
3.2187407404757 5.9351845842156 
2.7810487298776 7.418550321123 
5.0277565205308 5.3235847878909 
3.3495644360493 6.8965758514722 
5.0358610009003 6.8344837171059 
5.0253610890168 5.1991750170746 
3.3588680645005 4.7359628642364 
2.4520810590241 5.552754227545 
3.0137158739637 5.148615122234 
4.9065866226064 6.3126664858297 
3.9092742279935 6.2659130978117 
5.183833411096 7.2020240745298 
5.186241243333 6.0365812713628 
4.0666086901379 6.0404590008408 
3.4857385048028 5.8397485934207 
5.5039626897908 5.8159067029868 
2.5113004142728 4.7889618391671 
4.2651712358482 6.2164402015933 
3.8503422217085 6.2706282568744 
4.1042822001268 5.1461289991722 
3.2963174114689 7.1234717575934 
2.4744225963568 5.2013537720545 
5.2791392983743 6.1965714866999 
4.9670734093428 5.4463122895285 
5.9999468510144 5.3354383828256 
4.2611410359477 6.1712829856572 
4.1992621409838 5.1793403558112 
2.3795363966493 7.2254423101211 
3.2008359737219 4.8930629760045 
6.359422370149 5.0694085043792 
2.9456666457938 5.860958714704 
3.2524513542789 7.3398831570988 
5.6714976484071 6.8972536972249 
2.7121281993603 5.80576245996 
3.7642584726301 5.6156180666814 
4.0999855480545 4.8407753979803 
3.3718372840117 5.0514855592585 
4.4676470629053 5.5945797360991 
3.7402178946749 5.1484059407684 
5.1987140175255 7.2228019877836 
4.8416321223999 5.1869215970395 
6.0753792684429 6.0623887739707 
4.8146458956456 6.4994066424306 
4.7040032865618 5.7341802457285 
3.1430284191155 6.4911632065376 
4.794837166347 5.4636284562799 
3.2989974745151 5.4396599212119 
5.0069509486037 5.2281404769904 
2.6935138883307 6.0990789319486 
3.8569549339899 5.1174482731883 
3.148284919241 5.3312177158613 
3.1847958840558 6.6462713946856 
3.2300848602342 6.9717397130691 
3.6444737109713 6.3996001055639 
4.672718428678 7.267615744867 
3.2303188848022 6.3702069241156 
4.3319742129942 6.6614496906493 
2.7974288092871 4.6661193700219 
2.8389438946435 5.8635439807198 
4.7750364446241 5.4531601711107 
5.7001989462315 4.8625996334867 
5.4293146454047 4.7700808673614 
6.0920711171314 5.5711114593043 
6.1786876968259 4.673628562002 
6.2675914971024 4.7637716074908 
2.9672588058881 6.0575290811437 
2.8179026609102 6.8885579683967 
3.6476624418259 7.0273917351273 
2.684254914492 5.6787165805112 
4.914755639515 6.7811610344995 
4.8909600179442 4.6918331029846 
6.0271574032987 6.2813870542266 
2.752971866603 4.6474057616105 
5.1036178866954 6.7336721601921 
4.8433029220175 5.1753587294212 
3.3806767051331 4.6799245517183 
5.487422425723 7.1667647637846 
2.7964678959144 7.372917740505 
3.7141734404061 6.4298386492267 
4.9616429933186 7.4076241198692 
6.0607710721279 5.7106936119879 
5.5031400113292 5.1054408405872 
4.4014943316195 5.1575537001233 
2.9393877784464 4.9631410495888 
6.014382163499 6.6823808103449 
3.717653110385 4.8688531242547 
4.8475360314608 6.2558998002161 
6.3487241402841 5.7313235955268 
2.8395352454368 5.5327013398462 
6.0910909638018 5.5372812525228 
3.6464804500622 5.482023547716 
5.4736065673211 5.2619609007349 
2.620373216353 4.6455917587291 
3.0850993666437 5.474382763765 
2.828594722157 4.6874044649536 
5.4586615471924 7.4145488050357 
2.9504790902722 4.9948720400571 
4.5951011636161 7.1218844544839 
4.3107952258011 7.0361725099107 
4.4389574119364 6.2805894595323 
2.5747204116064 5.9856752653175 
4.4011216924783 5.9583047231962 
4.2990751358827 5.5638666433852 
5.1976930569134 4.9771070928665 
6.2317818799674 6.2682440397538 
5.3529310271743 7.018119091322 
5.1098818406414 5.5660206346947 
3.8372529474749 5.1290487518296 
6.0584046595323 6.636759190305 
3.7857676174916 5.749296207424 
4.9606995350925 5.6863216796442 
2.9701980952187 6.8794605143073 
2.8288288882908 6.7342239638222 
4.6705017998788 4.8218976114876 
4.8167382815913 5.5149640838398 
3.3516810723522 4.931265985516 
4.6029860755214 5.1724519878871 
4.0176597015956 6.0290363447761 
2.9819870984998 5.4749866433708 
5.394442601058 5.6116225671649 
3.8238447662058 6.4524714162155 
4.1419130012273 5.6236185143022 
3.4749837967284 6.3401444416933 
4.3737610239765 4.995277937546 
5.2763279719254 5.6064274913642 
4.8612314384365 4.8011804997012 
3.3958666482043 6.3979380017973 
3.4971730562317 5.4280218082383 
4.3058459203614 6.8636008394686 
5.8638796308445 4.9168165027793 
4.9791728284438 6.5434535695656 
5.5210768773532 5.8877818370467 
4.1898312342955 5.3535532717502 
2.6292683507773 6.6826707644949 
2.772991655086 7.2142796746646 
2.3709176047693 5.618698406833 
2.3452886066712 6.8341721755002 
2.5155535541122 7.1261960434362 
5.1740938102063 5.2944731785227 
5.6917318424267 6.7967062868871 
5.4046935129011 5.5182331977739 
5.6649523787182 5.2982514044438 
4.8615258945682 5.2360300063108 
4.5951761090317 5.6288698334648 
5.3827483155283 5.0339895392992 
4.2875513871018 6.1884095846914 
4.5055693871592 6.7203041059916 
2.5439823047319 7.1104039335551 
4.7711545388892 6.7672004452673 
4.8411913006496 5.1338021957587 
5.908539800441 6.7623275092309 
6.1439115099666 6.0879898934223 
3.0757494313902 6.5675231143324 
2.349412997962 6.8082145080643 
5.6347298796015 6.3418835347799 
5.8539699619064 4.7536142761809 
2.3993340135815 6.248126928496 
3.7783877879537 6.7236340316221 
5.0105187593465 5.439610667531 
5.2091150292739 6.2544110188406 
2.6463239873541 5.3398985946253 
6.1008859472606 5.9409982180267 
3.6337673012569 6.0566765469255 
2.5669368591824 7.3290819644418 
3.7740636326296 6.3992080715076 
3.0585824008941 5.9182076726267 
3.4066401656616 4.8645426191974 
3.6928831081194 5.2119788617587 
2.9126614980007 4.7097604676353 
5.1118015788385 5.077519544589 
2.6863906401677 6.7584630842078 
2.3681607591167 5.1102883393117 
5.4791684471652 5.328164903483 
3.10364611598 4.6782447187086 
5.3673025381553 6.060390497781 
5.2323420269494 6.9844170537178 
4.5005495112212 5.6869151557688 
4.822662852057 6.4551351445231 
3.8865476898873 6.4550188531513 
2.7243684071357 6.2120090787346 
3.1677451539924 5.8978277533372 
3.9920132123738 4.9961850790213 
5.7541713978755 6.2959423013171 
4.0502516041774 6.7365477993561 
5.4256672462402 5.1845966132451 
2.8424113414543 5.7992565835184 
3.026496755086 5.4418998971102 
2.895740827346 7.2053789265879 
5.9715368473568 6.4942167324396 
3.9218308917501 7.0074756508526 
3.3435380599432 6.8333392178987 
3.4870746575598 5.7633695997193 
2.8185869114287 6.8203516976303 
3.9382114175652 4.7863870848961 
3.6516937410717 4.6676903230876 
5.275338812433 6.9000720513663 
5.2066741728205 6.2172553233603 
4.0331005402213 6.5588883713566 
4.3710639278712 5.5768365644771 
2.7995198743185 5.2001651157181 
2.8904153170189 5.9238252746858 
4.570383790232 4.9121018999077 
6.2470258847698 7.4044578914632 
2.5908040631418 4.9492915861082 
5.6080690355176 5.2691637919449 
4.931105607695 6.0927974747625 
4.5741087004493 6.0508831458562 
4.5600015425559 6.3018842772097 
5.6793283637059 4.6635008391194 
2.5790751138054 5.2837816184588 
4.6884880617855 5.2003146232837 
2.4840270399414 5.2982076626947 
2.3318804245567 6.258169899602 
4.3249623035802 6.2002958496533 
3.099116156 6.695196165535 
2.651181983683 6.2636208366835 
6.0788377928349 5.9956311537362 
3.0367178769346 5.633799680901 
3.8763016159064 4.6500032772162 
3.2902385429711 5.9598039898112 
2.6462152484245 7.036810519148 
3.2616266952014 6.2585400462876 
4.2548010009619 4.9238877033798 
3.4548426167839 5.7804579744928 
3.4615944765502 5.901547377873 
3.6119485090425 5.0838908452205 
2.7884099192853 4.6756880341324 
2.9306481032108 5.097225611359 
2.3826308701988 6.0638301591731 
5.993103815764 6.2721760714568 
3.2802289558515 5.2967452075991 
4.3234776792251 6.3284201987782 
2.5147496162821 4.7103034120089 
4.8763675783052 6.7547883059833 
3.5846517265813 5.6816264568577 
2.8375323592121 5.5833202374204 
5.0975375731301 5.478122586313 
2.6059319109335 5.5001670592166 
3.8817851548055 4.7565342297318 
5.5126870796092 5.4937021973925 
4.4845848675971 4.8363279299083 
6.06610207571 5.0791759553107 
6.3265100098351 5.2922205546479 
5.8181596419552 5.8355014663165 
4.1212752699161 6.8721053930252 
