-2.9709541726831 4.3451655868219 
-2.4818129415515 3.7777113223211 
-2.450269914141 3.7774473419824 
-2.1728239128933 3.1119709815217 
-2.4328437106972 2.7550086611082 
-2.1529353202371 2.7369889999397 
-1.9364865690206 2.8473858706236 
-2.6229849777018 4.4503543873009 
-3.1965401691201 2.9968071993747 
-2.4050615495872 3.5530241771495 
-2.149009483239 4.0397006952522 
-2.2291557739973 2.8323375129547 
-0.54315718772605 4.20782442728 
-1.5531104747516 4.5308376322718 
-0.82667405534276 4.2413383507509 
-3.1660066223752 4.4006148618299 
-2.7080510079961 3.952763270197 
-1.3916432166308 4.2241974052237 
-0.95077728479261 4.1582953941678 
-0.76418345735134 3.8987996740703 
-2.5926714613567 2.7799379956259 
-3.0525442920654 4.4777352750355 
-0.94236134383281 3.404490264367 
-0.98143476086111 4.219254661583 
-0.67964527122058 4.069894257105 
-2.0541612146256 4.1883499532342 
-1.5264003466753 3.6449861607344 
-1.3409164351531 3.2726703868907 
-2.4819079998667 4.0526855999406 
-1.9073258298678 3.2835386574748 
-3.1868740252294 4.3138591506408 
-2.6345655672331 4.4173740986453 
-2.0329071879843 2.9980652590527 
-3.0735465836521 3.8305190202421 
-1.2589970632451 3.2975075435932 
-2.3352746963114 2.9274182962947 
-1.6140746897726 4.3816337819251 
-2.0728061698 4.5387732360778 
-2.8662511228519 3.6190781153691 
-0.86890253858763 4.1498905149393 
-1.1725464177987 3.6317889917966 
-1.1415302856816 3.9175036547009 
-2.8015729871831 4.504460679159 
-2.7648116289366 2.9978517295765 
-2.6355851756313 3.1654098259138 
-1.0469158672754 2.9733099589234 
-2.6408924220524 2.7614584158147 
-1.9891206297036 3.1869385069259 
-3.0769986550731 4.347500610078 
-3.035430481672 2.8981796410508 
-2.6637590492986 3.7703740738297 
-2.3584893838888 4.2472731845399 
-2.9112354132439 3.3245413669912 
-2.4522088378938 4.5199326228102 
-1.526290196675 3.4066391389056 
-0.55672101286886 4.3775732567078 
-2.4469932554205 3.5197141213209 
-1.2526473415995 3.7750005508463 
-0.67379047994223 3.5076466451333 
-1.3702356910229 4.1996254930317 
-0.95458098535042 2.8947378319016 
-0.90561719713448 3.5602300252618 
-1.4431925081616 2.8650273375681 
-2.533696031895 4.0809363901501 
-1.7540420811969 3.1206555643231 
-2.4844331804243 2.9143163616235 
-0.80942470860747 2.8311470522204 
-0.97444097048453 4.1714790281167 
-0.73770550904598 2.9709007099569 
-1.9253311285051 3.5452660712388 
-2.7540272173473 4.0935354291342 
-0.82068712428551 2.8789840029517 
-1.3064654888352 4.1369496296769 
-2.4118044255937 4.4468719751906 
-2.6823667957675 2.9994850162904 
-3.0655041659365 4.1012800918706 
-0.9576259611749 3.3291510844122 
-2.4475066975551 3.0773714324267 
-1.045519328875 3.466075692212 
-2.6480560645921 2.8121783067716 
-1.8150830088282 4.0739681202715 
-1.4856866115447 2.7433435152513 
-0.55897317877394 2.8409952171031 
-2.7593427562933 4.3005641761714 
-2.2241446208236 4.3138270081467 
-0.73276224114133 3.0330132470895 
-2.3001181645013 4.4812921801236 
-2.6432852081331 3.8853587387153 
-3.0961134585826 3.9558478496413 
-3.014718622939 4.4063359927596 
-1.7514233584216 4.3629052264442 
-2.6983586518904 3.9859480018501 
-2.6017563367404 4.0691276664109 
-1.9237408571422 3.8692065398225 
-3.1852384201708 4.4966937401005 
-1.6812500106495 3.1329081664377 
-1.9585802769 3.1784787254376 
-2.6895091997897 3.3403959512968 
-1.796912395966 4.4089228994749 
-1.5605538808671 4.0195949229265 
-1.528568222894 3.740843721711 
-0.84908851114781 3.2598235097376 
-1.2281397163753 4.1355161724108 
-2.40138792885 3.4860644703827 
-2.8876169719744 4.0190948102448 
-1.5505595496984 3.3809203870303 
-1.4542858440533 4.2314318905947 
-2.2298253487361 4.0552094560998 
-2.3493004871475 2.8774366217999 
-2.3238961583351 3.6405529035519 
-1.7543092901707 3.8655921286455 
-2.2171623560379 4.1856154381398 
-1.9331239243755 4.4169028946581 
-2.8268660720862 3.1469824163156 
-3.0606748856446 3.5576310558506 
-1.9864884496944 3.0120839034172 
-1.4693478381701 4.360646885257 
-2.5107135220285 3.9534850048223 
-2.5692793834088 3.8101544567035 
-1.8799962549699 2.9011711665486 
-1.1181485817674 3.7885488976423 
-2.2783841142351 3.6665788256409 
-1.0314834548103 3.021521280142 
-1.0752479625763 3.4755277426069 
-1.0056878241478 3.9258297135385 
-3.1062836460096 3.0940864197903 
-2.1682666943036 3.6892315141127 
-1.1644350223311 3.714921930006 
-2.6525771676122 2.9024086391531 
-0.95045032691201 4.1682029528243 
-0.53946162088398 4.2856458388531 
-1.5133677243287 4.5190382864812 
-2.7011494799028 3.0780485735442 
-1.3305202718251 3.2438158469482 
-1.0319006343258 3.9188305242683 
-1.7732391789673 4.0777483683598 
-0.67233257276362 2.903840051657 
-1.7699475109771 2.9080517029287 
-1.4563306295229 2.9829401849946 
-1.6126495768782 2.8186067118148 
-2.0809089509601 3.5450006062431 
-2.9074204698671 3.5620191931319 
-1.9151841603907 3.8133594841793 
-1.7905634011045 4.4029727267694 
-1.3490595925882 3.5198525062952 
-2.6329400448928 3.7763465412373 
-1.2574586889316 3.3034802455771 
-2.5463027029918 2.7382022616456 
-1.7178621316466 3.8173956783457 
-2.6104335532294 3.1341658693759 
-0.99960525161758 3.0277749133059 
-0.52847271034872 3.1807445811726 
-1.6375337470462 3.216458917944 
-1.6650982627894 2.8138946462993 
-0.69483772563679 3.4498256536816 
-1.8377414119317 3.5927588787835 
-1.6256489394753 4.0222218312058 
-1.4115245398899 3.6729772885965 
-3.1432338430928 3.2921692800873 
-2.2487121158749 3.4057751024001 
-3.082010886869 3.6662380513347 
-2.3662125018641 4.3731978635249 
-2.1641033570832 2.9295791935754 
-3.0707937571527 3.6558504040798 
-3.1613167024989 3.6438328504684 
-2.3480507034323 2.7456522084804 
-1.3384918454051 3.5829462405237 
-2.4125800155197 3.5099456391993 
-1.3490562942423 3.1514246663539 
-2.3196805255542 4.3346165866552 
-1.1430787874984 3.558399595567 
-2.2292171146295 4.0147480643684 
-1.3369234115411 3.1756886009398 
-2.163442034448 3.5375776890594 
-2.194278589119 3.1802785710605 
-2.6231460719446 3.1413547516418 
-2.4912099473852 3.506341096465 
-1.7089531982212 3.4987881516612 
-1.1334143793258 3.6399031111245 
-1.4135727445541 3.9849517944323 
-2.6155824438121 3.9422124487388 
-1.9699685145403 4.2739301508273 
-0.6810246571884 3.2455039085446 
-2.8021208938882 3.8076206046524 
-1.2116750659017 3.8940393364547 
-2.4416313068876 4.0054278566457 
-2.1622916183081 3.632462104525 
-1.8637862249546 4.5289458965978 
-1.8256793794964 3.4328286511478 
-3.0005840163497 4.4446847954578 
-1.5610753539318 3.1742214396853 
-2.2216438414878 2.9802917063978 
-2.4729422980243 2.9081682334837 
-1.3432434265639 2.9310482228518 
-0.57797592309465 2.7925402616472 
-2.1266397295362 3.6373526125776 
-1.0360097290729 3.1739168219599 
-1.1806187640712 4.2281665922715 
-1.2539294411015 4.08442257791 
-2.7235686088953 2.7632220212889 
-1.4361602290947 3.5388771260538 
-1.1303874247187 4.2350389961846 
-0.88029594569935 3.6522582636614 
-2.9880723318186 4.0100610712168 
-2.7128774058893 4.2558402558989 
-0.90868690738462 3.6940633326811 
-2.9125207997935 3.1865441942601 
-2.3853352269045 3.5917361681299 
-1.7767324871738 2.7641550589665 
-0.86972822676799 2.8275433308373 
-2.4017792546487 3.0535316083057 
-0.94598001234434 4.5323300487875 
-2.3562996844623 3.6513401006521 
-2.8418856398444 4.416225765036 
-0.58171805017921 3.5684635719548 
-0.91687604836817 3.1960692912639 
-2.0124150657662 3.7834820400984 
-1.6753941705762 3.8233460137398 
-2.7017440456982 3.203580800171 
-2.2372899436521 3.8228783067377 
-2.1521514940993 2.7764785163829 
-0.93885823230318 2.7775211301745 
-1.2691660816291 3.6086892928751 
-2.2755748865947 3.9821112493664 
-2.4473405219341 4.2586305361601 
-1.5199593013527 4.010403996824 
-1.4494792271538 3.9272394510115 
-1.3549559276399 3.3301575766945 
-1.4873402639182 2.9874427519958 
-2.6796809902421 3.445596403651 
-2.622659562038 4.4880959953073 
-1.6227572739584 3.6912495274858 
-1.7312695849592 2.9404021951351 
-0.67773520531218 3.413928481021 
-1.1107665762615 2.9768612623355 
-1.4467179514249 3.1848899984935 
-2.9775077725532 3.4438151894158 
-1.4974564517224 3.4100597737398 
-2.8684603157385 3.4068042278743 
-0.59919569315893 3.5140373972379 
-1.6918535724851 3.9422696825406 
-0.80503185129366 2.7871830926048 
-0.73970752131567 3.375459070983 
-2.9109864282744 3.656818293585 
-1.9143833325585 3.2777207440728 
-2.8969113674082 2.8689104901849 
-1.1945836180711 4.3309571731146 
-1.3135251248879 3.2100587843404 
-2.1067317096848 3.1056240096998 
-0.99592226833047 3.6007239600465 
-0.55495698733185 3.254650963925 
-0.87644980120959 3.642559159273 
-1.450960858144 3.8773936096063 
-2.4896151265992 4.4224471400782 
-1.9825830048522 2.742829158514 
-1.6468345119781 4.1296211217243 
-2.8983556787594 3.3264399118121 
-0.81115949771999 3.5084850157943 
-2.2473178624159 3.7819437851332 
-2.0400400728663 3.3068136650441 
-1.7121732110856 3.2201263789905 
-1.8839173417284 3.0428139313287 
-2.5700369867931 3.6427512286967 
-0.95680052058969 3.7185676682417 
-1.0787565883138 3.4602621049354 
-1.14946123925 4.3904913379352 
-0.73613443305745 3.1505445858164 
-2.1308442156617 3.7081635200685 
-1.9185361741994 2.9415768718467 
-2.4459438366414 3.4314321989842 
-1.574120397125 2.8409446553981 
-0.5635671564955 2.7459169263132 
-2.6234276416752 3.1083280620268 
-2.0922253327384 3.9763911816684 
-1.6694335814602 4.2072240684555 
-1.7698340332884 3.9103975789652 
-0.54687092409291 3.1589924393956 
-2.6272579708889 3.2911921623516 
-1.1792185926606 3.6679227685082 
-1.4090397085383 4.0677195829567 
-2.4512292216239 3.2944485670854 
-1.6758349049288 3.1721041684824 
-1.2271814575533 3.2113872067979 
-2.8895954126851 3.7291904485794 
-2.6408039516794 4.5338635397851 
-0.5102540025405 3.5488363476632 
-2.7926064783735 2.9006011376101 
-2.514749730015 3.4776679808272 
-0.70439336688708 3.3809626578023 
-2.4093424378432 3.1873024565355 
-1.0534279680715 3.6972392139579 
-1.6308539141633 3.7498586835656 
-3.1515945383144 3.1380897492048 
-0.6800137650837 2.8952529891923 
-2.0406728379442 3.8921107984205 
-1.4343343807608 4.1819850012416 
-2.3333665393591 3.6680308627498 
-2.3398209130217 3.5733523456745 
-2.2907717820448 3.4697590252216 
-2.0697482433489 4.0682499270136 
-1.7949388721181 3.0852201736412 
-0.85372770524489 4.476696309681 
-2.862617022811 4.2037416782786 
-1.6193754104445 3.2547721530221 
-1.5002909891072 3.3522271411769 
-3.0892301762453 2.829600129402 
-1.3948678353855 4.2696402220717 
-1.2116892645305 2.814397441991 
-2.7862043411272 3.9619138703543 
-0.57436532464271 3.8925331001337 
-0.76685940540889 3.2191160816183 
-2.09263170062 3.5132814231195 
-0.68267379881131 3.0098067289885 
-0.57935173987956 4.0785263374179 
-0.69972353747081 3.8315931833386 
-2.8889996844768 3.492682930386 
-1.4481592673795 3.790412396636 
-3.009300623615 3.3237583263516 
-2.0059710750525 3.3681430078218 
-1.5205411808449 4.2529350253314 
-0.58074855782155 3.6725664732898 
-1.0865454230022 3.1271369690105 
-2.6891274558788 3.5297735599695 
-1.8676173971114 3.6142296890017 
-2.2059557474071 4.2567611019795 
-2.2387350641449 4.3989983963108 
-1.7389987354712 3.6498347714785 
-0.95731312933027 3.4366384941578 
-1.091743530363 4.3083992429774 
-1.9659251700961 3.1760332701838 
-2.3900021232658 3.96891254861 
-2.6756006976699 3.5109511895832 
-1.6141787454634 4.0220666317511 
-0.51543426521181 3.7715251113548 
-3.1569560990891 3.9272778334515 
-2.4213275472687 3.5946159843329 
-2.8013722031018 3.8280595950715 
-1.7939109338754 4.417229880203 
-0.98533191739326 4.3130840305567 
-1.1045165371277 3.9276350202851 
-1.4822429850517 3.1678206274478 
-0.94782636206631 2.9011252941221 
-0.63614445200854 3.1432877808169 
-3.0589966470153 4.5312143326209 
-1.4145975679461 3.0722237540391 
-1.8436164719594 3.5592359559711 
-2.5941508474553 3.6447187354007 
-2.5328554857057 2.8426995350602 
-1.7963926086408 3.872108008885 
-3.0929406918298 3.2595639900233 
-2.3581646763287 2.9057446968153 
-0.50850475544442 3.8512586600715 
-2.6784374134602 4.1055663428534 
-2.8550819458872 2.9112862863238 
-1.9060189953508 2.9854048749957 
-3.2001378588243 3.8132878243043 
-2.6390401271333 2.9733148796105 
-3.0261899683905 3.4428034910552 
-1.9841727950317 3.1339750127423 
-2.6606092722461 4.1582820832383 
-1.3846893911212 3.4620701853512 
-2.9105277186134 3.7517062736048 
-2.5943671037626 4.1573704276378 
-2.429848102131 4.0620770866351 
-2.2319780312464 2.7366254463218 
-1.4298102932582 4.1349482762825 
-1.5758617710431 4.0682232418527 
-1.4872604466949 2.899838841575 
-1.2938612516069 4.1195969288036 
-2.3359842550041 3.2297453461839 
-1.1668216689347 2.8099574847905 
-1.0484070783576 4.4975139345376 
-0.86271243362411 3.4306115787877 
-1.3146528815204 2.843961575064 
-1.3340553045088 2.9961195754833 
-2.4487152051575 3.4684672370388 
-1.7107463289259 3.1885026042861 
-3.1208476072113 2.8449903870589 
-0.845878367299 4.4500077102476 
-1.301633867428 4.1632900784803 
-2.4133780651443 4.1217473107863 
-0.97715458052098 4.0110254153723 
-3.1151573372231 4.1875769943773 
-2.2468505966013 3.8418341455089 
-0.90036441294937 4.1807998002447 
-2.7172362512391 4.4431310433782 
-2.8170097953403 2.8538260073433 
-2.3785805443922 2.7363407888136 
-2.3002898336252 4.0482508204495 
-1.4758567604185 2.8834896971091 
-2.9545250158821 3.6636858356733 
-2.7770364509336 2.9834560693962 
-3.1531057757001 2.9820538206047 
-1.9770553816438 3.7641837488166 
-1.3840020139134 3.5355251783699 
-2.0702977348944 3.6437743747378 
-2.2530900010062 3.2791086031419 
-2.7459979887673 4.4309687392192 
-1.1209397324829 3.9649399908921 
-1.1441433792474 2.7908510464885 
-2.1168696195778 3.1785029759638 
-1.9487910900255 2.8022606612785 
-2.2955774795161 4.3617183776797 
-0.83231975668865 3.650181225055 
-0.89110717772315 4.4296130145441 
-2.6307959057939 3.298242908256 
-0.53833979184698 2.7527563624299 
-0.64717870101895 3.7071027693659 
-0.69429717448008 2.9762862263914 
-0.64127199310439 4.1137239670384 
-0.55294560116358 3.4626517942823 
-1.5078048327326 4.3849333619119 
-0.9454126116742 3.7231358730501 
-2.0853703685008 2.9645942611582 
-0.79203366929872 3.5445099706122 
-1.7489572029475 3.2514813956448 
-0.83814806980682 4.2613670290547 
-2.7935966486946 3.7687114480308 
-0.95418045323174 2.8787074881958 
-2.542081233018 3.3888578162812 
-1.8551410220606 3.0051792797362 
-1.0457546132161 4.398196441061 
-1.918821269678 3.6955541161284 
-2.4970344907214 4.4725232356522 
-2.4394545794819 4.1973568668714 
-0.76048876303754 3.2106861303889 
-1.8213248041101 3.7367069520578 
-2.1649028915301 4.1397495515197 
-2.3247603803212 3.2689803677777 
-1.9012735019942 3.3250989008122 
-2.7076598717569 3.331253745301 
-0.6576651432572 4.5392962587113 
-1.8736572335475 3.5592120579056 
-1.9338740353313 4.3743503819057 
-1.3963615401957 3.9396535907346 
-0.97504836981522 4.2094250242143 
-2.1031069310795 4.2357682767704 
-1.7963078814537 4.2109442416511 
-2.2651585405135 3.4773409217785 
-2.1118136817839 3.9564447601211 
-2.2178724426755 4.1677778404929 
-2.6600859316281 3.2863865375089 
-1.7360316304694 3.5668313076702 
-1.6420499242204 3.6188074412074 
-2.4069740398195 3.7620418320977 
-1.7059704556069 4.2345571822832 
-1.6502658857982 3.568299678447 
-0.71653657512014 3.1348856270365 
-1.6821950511479 3.8482738877104 
-2.9761943240144 3.7048992548954 
-1.3504488506226 3.4578118793037 
-0.5414806579986 3.1176519239498 
-2.8569353067737 3.947161203571 
-2.0614425143342 4.2298325391481 
-2.0362854445727 2.9471670228292 
-1.1276597626334 3.5073701719943 
-0.81987732174544 3.6208796217814 
-0.81811397108762 3.358920862645 
-3.1055910929232 3.9816999052522 
-0.9860245207981 3.4828185948263 
-1.2007416499884 3.0960215445217 
-1.2973233159173 2.8699130605246 
-1.4516611972105 3.9278049578043 
-2.2655993834025 3.2328334958103 
-1.9154165238417 2.9400731105148 
-1.6549312413116 4.1981558765607 
-2.831081495554 4.4770238334419 
-2.3073442569264 3.1126238293092 
-2.8197265086889 4.5119173537431 
-2.0850310080679 3.9319149528774 
-1.9971022159681 3.2904804240742 
-2.9818847831193 3.7977119813731 
-1.8549377584929 3.3081108423047 
-1.0236189953413 4.1393345340812 
-2.3558774728824 3.054898092816 
-2.7728861250418 3.4743011547409 
-1.3305346626972 4.4900859320277 
-2.7432057781761 2.9096128999114 
-2.5735056109985 2.9099460695927 
-2.2313931846102 3.7603175873765 
-1.5250899311352 4.4127450863099 
-0.57063864540672 3.6693725782404 
-2.9012042128406 4.1002804328067 
-1.2236764860873 3.9330816210943 
-1.7088253481138 3.6917423576653 
-2.9672557522135 2.9949946304829 
-2.1532024983571 3.5345361099828 
-1.5556813983398 3.7747840358931 
-0.95000092040915 4.427378361403 
-2.4247761659706 3.4088806776208 
-3.0443358073257 2.7904340067454 
-1.2076053662652 3.9741227085488 
-1.1430466216549 3.0881462213743 
-1.3422847010434 2.8165825786503 
-0.95970239327319 4.2671931129939 
-1.3540570795178 3.4147136931541 
-3.0569688200695 2.7514304442469 
-0.60876212334537 2.8742172098298 
-0.93241604242207 3.4799304451415 
-1.527349499693 4.2672342460302 
-3.167037589221 3.7393675257729 
-2.1517227776938 3.9446691016661 
-3.00394100588 3.0882900004899 
-0.91134868802183 4.2314292854948 
-1.4662694943964 4.0482550749329 
-0.7538477650466 4.0474987725023 
-2.6597885633448 3.6591599580944 
-0.8031150437939 2.8128738504521 
-2.1604623494045 3.1376154704937 
-2.3302010392168 2.9690557053472 
-2.4216249260786 4.5352323866301 
-0.67183783643584 4.465406461925 
-2.5143572210979 4.0918428697173 
-1.3078273018771 3.319415564816 
-1.7064327853023 2.8735136726657 
-0.82873719342678 3.9453975546908 
-2.2401776886481 4.4681247157284 
-2.4868490067808 4.5256187059887 
-2.3668643782892 4.1135324675455 
-2.7766589660389 2.8350887740251 
-1.3248199300876 3.9063242489163 
-1.9623848785939 3.4048180590969 
-1.2254217368322 2.839932214973 
-2.9629206495496 3.203881478071 
-2.3208188512661 4.379764947441 
-1.3356259378206 3.1184717950807 
-2.0816466995207 2.7812586368525 
-0.51035064099855 3.3190875405541 
-1.1297439707844 2.7505430231792 
-0.71226798637273 3.5522467443589 
-0.56321328169569 3.873373330129 
-1.8106355736823 3.9847617384124 
-3.0903156192194 4.5133301721887 
-0.7479765051453 2.9138988107565 
-1.6199282793138 4.4631591965591 
-2.703382210208 3.2397219725171 
-0.76045043005125 3.7838355465535 
-2.457869334546 3.3049391717116 
-2.4466293743476 4.4825266079425 
-2.5388071648897 3.4518405500172 
-0.56660082857737 3.8564243041727 
-2.0834769369383 3.7476784108771 
-1.8192807636853 3.4547971426151 
-1.4973387850349 2.9298879054753 
-2.9106674943886 2.9095792335777 
-0.81898628114072 3.0513747039163 
-1.4921649410362 4.0358239762579 
-2.5890423823384 3.6383309379293 
-2.0874300089667 3.7661201142283 
-1.932425382484 3.15558812711 
-2.0595534243461 4.1839760220877 
-0.5559637720099 4.1923050775211 
-2.0693205942611 4.4006861846403 
-2.1672588487984 4.4390784855569 
-1.751015070023 3.1614542112902 
-1.9354038137316 2.9543017886069 
-2.88626300106 3.1164475644306 
-0.82632130775503 3.8625844838842 
-1.9846593030541 2.7601166218169 
-2.5132639001565 4.2755994792958 
-2.7379002842061 4.4615627995493 
-1.997345326027 4.1678834314317 
-2.4267688395765 3.9806532832161 
-2.5992214410988 4.1163684752227 
-2.5972484515534 3.8612586615753 
-2.0319762941097 3.0666379959056 
-1.4714954144888 4.4756714633725 
-1.7048949877888 4.3598258706655 
-1.4712396765144 3.4851970511374 
-1.0749327138509 3.004956106776 
-0.88101007181158 3.1376299325004 
-2.2570865735417 4.2112254215611 
-2.6501770090765 3.7911969371039 
-1.4107115562106 2.7678981181926 
-1.8823901571624 3.0018680203961 
-0.52912474225267 2.8373997102275 
-2.6706112379008 3.8494145049562 
-1.6739590412706 3.0520266417967 
-0.88789767896182 3.664400982595 
-1.4090335918364 3.0969468633957 
-1.7207451883098 3.0940998841252 
-2.6376879655436 3.3167826479696 
-2.4906318901162 3.0023622440478 
-3.0151040727377 4.4174454170033 
-2.4816846547504 3.6625279993827 
-1.9285130354339 3.36459222555 
-0.52607018196801 3.7482068570724 
-0.77618836130006 4.0004630963371 
-2.7205149185655 3.5143664251205 
-1.5597210755204 3.9552089363469 
-1.3327787133967 4.3601568874445 
-0.72842666801054 3.517296446391 
-1.4491275825682 4.3968019940995 
-3.142237004935 3.9336101473657 
-0.84464483132062 2.7343692315227 
-0.79732671859978 3.1873213323203 
-2.0191296980094 4.293259709665 
-2.5839255446683 2.9737169822537 
-2.1960417968969 3.7491089113235 
-1.0977257759753 3.3665747504664 
-1.5040653825326 2.9616737228135 
-0.60279535663808 3.9042557995191 
-0.57393962599016 3.1625252749642 
-1.570596978953 4.2849415238011 
-2.2546635694096 3.7992781639906 
-1.4816607885454 2.7478118777139 
-1.4081004490469 2.934168950866 
-2.0647830029522 3.8217715466519 
-2.9447485667447 3.7601607998188 
-1.3880332982483 4.2874701251969 
-2.1053090730091 3.0420158788537 
-1.4860719566262 3.5256460700122 
-1.7516440023963 3.2989289491829 
-2.7379724208302 3.4429834407191 
-0.6458456253209 3.3472003167246 
-2.0577921718341 3.0382613198059 
-1.977005207058 4.1512300853519 
-0.74258526621341 3.6517561818573 
-0.86637666058239 3.5045037376446 
-1.9516730869906 3.170562067599 
-1.4787634614867 3.8334546821724 
-2.0645229812614 3.3567662058957 
-2.6869690631253 4.2138639687691 
-0.62057888288307 3.3593028743837 
-2.2071645352899 2.7346392058856 
-1.5610028717955 3.7379726935495 
-2.4688660318361 3.4600708677955 
-1.7023912270605 2.7489386228689 
-1.1970726010239 2.8920103537178 
-0.64342553226258 3.6493388109058 
-1.8859827521193 3.0808907422721 
-1.678309728985 4.1336267868787 
-0.84226183916848 3.9171249305794 
-2.572095500825 3.6066631603064 
-2.8938831470309 3.320806917534 
-2.0467943660155 3.846848505802 
-2.2623940198068 2.9091726651439 
-2.6937189379197 4.0067047362466 
-2.5397822182046 3.4917389127842 
-2.3204048137074 3.3696024681029 
-0.91783402779985 4.3907395384882 
-0.52207496021669 3.8706900809482 
-0.69535439952271 3.1648384722538 
-1.2423683910681 2.9039473215847 
-1.1090692585984 3.2236807442 
-1.2300312676169 4.0022871027612 
-2.8753960206713 4.4444834377292 
-0.54929129053572 3.385732239999 
-0.72824579456955 4.0642069252633 
-0.67019437694018 3.8228708465994 
-0.5740197629471 3.5584191757569 
-1.7893669936413 2.9443686817999 
-1.492692905048 3.2221949748794 
-2.1434907082828 2.9947730601068 
-2.8152331110847 3.873410931287 
-2.9095267080606 3.8657892377023 
-1.7302308009479 3.0083819298224 
-3.003748793844 3.9754617649222 
-3.1572021643818 4.2594662955662 
-1.1193823286646 4.1204657862865 
-1.4459870610553 4.0757255110169 
-2.4950137683534 3.0186774476545 
-2.6023568543151 3.3698988476504 
-1.0847318822645 3.227000648918 
-2.3197145631539 3.0721205471802 
-2.9074527207003 3.4514220502465 
-0.76296090828164 3.2955364151723 
-0.85994871966086 3.6649696876096 
-0.61404032117274 3.0891046518942 
-0.76575386072733 4.1009468556528 
-1.5350288360105 3.0129850165579 
-1.6962950048648 3.559614275468 
-0.99464465001032 3.9135075995623 
-1.4564711820708 4.0461692875312 
-1.2721182865816 3.8106356119164 
-1.7501310283769 3.2209094843011 
-1.0723950875358 3.3749172363681 
-1.452966729152 4.2624800490291 
-1.0382593976629 3.4188438583098 
-0.63247308321814 4.2186249124117 
-2.4608406733309 4.3176781576332 
-3.1946981918612 4.4623557527442 
-2.2939957882642 3.6106708122519 
-1.0117233493407 2.9951494880546 
-2.6575059437452 3.7303405738018 
-0.63304439679288 3.0148215349015 
-2.5273857417151 4.2783265826142 
-0.93930301454281 3.1853104872226 
-3.1371151235902 3.1436105037669 
-1.6530018987395 2.9066310958479 
-2.0353985988108 3.8779425575952 
-2.7522209307217 3.8589648475762 
-0.7644398173418 4.1684323675342 
-2.8653877529153 3.1539708934962 
-2.3446228563354 3.742843612465 
-0.71200490298337 3.515303651747 
-2.4787477371322 3.5935895786303 
-0.89630503733225 3.1094134764885 
-2.9688458592727 3.6675802219244 
-2.3625165229755 4.2261355363172 
-1.9578055950988 3.495090683445 
-0.58387662859975 2.9385204538203 
-2.4751383572832 2.7426621049824 
-2.4121571869719 2.9166698990281 
-0.68770985188254 2.8875786314848 
-1.4082310200364 3.2206356528249 
-2.3546881868714 2.9300998501467 
-2.8349915713161 4.4624261458156 
-0.80884146099285 3.2537991725031 
-2.565051665344 3.2138707868356 
-2.6133526153152 2.7875461537362 
-2.7431908876983 3.7204806678363 
-2.7264984109019 4.3929342991479 
-1.0838821385971 4.4053540048681 
-1.1514557505096 3.9793636264584 
-2.3039004110359 3.3426270122407 
-3.1864375737087 2.9711082626147 
-1.5551242680709 3.6979097213944 
-2.3497567012868 4.0149457125977 
-2.0129509748617 4.3194184935896 
-2.2180424946361 2.8589567499407 
-2.2173614244401 3.8819240028837 
-2.7466506402922 4.4540771676177 
-2.7728793092323 3.0146482799361 
-1.1633911851489 3.9837947967693 
-2.7415454397527 4.1516155290568 
-0.81676988385073 2.8033104708295 
-2.2107943707163 3.4877438236344 
-1.0331174071118 3.2150378880715 
-1.0126864334477 3.5217108899809 
-0.90406468652362 2.884430263975 
-1.6357405986858 4.2474707012451 
-0.76511752293181 3.779399089789 
-2.752015667022 3.3797256658844 
-1.5332703876129 3.1490804070426 
-1.5361979611266 3.3538416975183 
-1.1882797042946 4.360079434799 
-1.6042017799966 3.3060932612589 
-2.3240253655243 4.2972623950736 
-0.5703832457888 3.2942138969769 
-1.760853210221 2.9741257737154 
-2.2249517432492 4.3498761730463 
-2.3990378865662 3.24038505814 
-2.9778623746527 3.7475150874778 
-2.0597088160069 2.9712332534809 
-2.6514418232093 3.5242734524543 
-2.5654815068265 2.887869492032 
-2.4001911481242 3.7646812686842 
-2.8940741523705 3.4231404627766 
-1.8437956284207 2.9078520647793 
-2.1204927750026 3.2850050875995 
-0.62954265893686 4.3099280800103 
-1.0098851939668 3.9530073572299 
-1.167347124729 4.294863782835 
-2.6542039978647 3.1199166651956 
-2.8374053522527 3.4001662514392 
-0.96461193080819 3.2799673054088 
-0.53328010128707 3.8862302516979 
-2.9158368686805 3.8770577600742 
-0.89387452026851 2.906314558161 
-0.65934417236957 3.7871262354906 
-2.1655508010767 3.0138848469976 
-0.51108610567595 3.0614717330852 
-1.5600613242712 3.8781201620304 
-2.1596250476239 3.2107101297071 
-2.392524790878 2.8671453773794 
-1.8856831829285 2.7393498754964 
-1.3246720877699 2.7861219549869 
-1.2859654195851 3.3959323865138 
-3.1852882183951 3.7454650556251 
-1.6545689649564 3.0039467893399 
-0.88881876009933 3.8831765311469 
-1.4975552754702 3.9726226415321 
-2.1078297052266 4.2306326836948 
-3.1012570086424 4.0385652749295 
-2.7804687701151 3.7046712811482 
-2.752307976036 3.1866044201516 
-2.7406912299108 3.4058700788042 
-2.8831508671726 3.2945921780637 
-2.5419414059929 4.397258406252 
-2.2684830875607 4.4210355622513 
-2.7920180203129 4.0159712000057 
-2.3383126703166 2.7658903921178 
-2.5941640455267 2.8861738765044 
-1.8172404124223 3.200600487273 
-2.3465505451042 4.1315379311385 
-0.87749792608425 3.273949897935 
-2.7106017898243 3.8371979154462 
-2.3032873702593 4.5216703022333 
-3.1612684030248 4.1854540795494 
-2.0605310545712 4.1063769153143 
-1.8236444514265 2.8867225512591 
-0.801247502894 3.3838961208502 
-2.2202996240963 3.5044458097536 
-3.117603205764 2.894503114883 
-1.1562916036257 3.2505548749199 
-1.6759903384094 2.7472748339072 
-2.9907531638565 2.7923252978011 
-1.1713335382713 3.8744104981607 
-2.1956176322289 3.8673878867897 
-0.64889057704319 3.1334353602255 
-0.6415955004427 4.4756280530245 
-2.9110284732346 3.438297050774 
-2.7751169902133 3.7103501410506 
-2.5748612336051 4.2143771212042 
-2.6637307009798 3.923953152527 
-1.8808864181767 2.9720111704275 
-2.7763290423653 4.454646336122 
-1.5953045054131 3.0806884597971 
-1.6026492177058 3.3515595101858 
-2.6934629389642 3.8438554824646 
-1.4942436324015 3.9760774779132 
-0.83102570047405 3.6318333957333 
-1.8286698482918 3.2134726586908 
-0.49897468970543 3.9066596049102 
-0.80974931027169 3.8978608988928 
-1.4236263138063 3.1121388892614 
-0.58795624449921 3.7794260872083 
-1.5170600393089 3.8157969769521 
-0.86183595025704 3.8820592907892 
-2.8000176084941 4.2902036673341 
-1.6417771381974 3.3412652003684 
-0.80025327530714 3.1820134923311 
-2.4091092847936 3.7087489920204 
-2.4827433323033 2.9358742976392 
-2.4528540327836 3.5901463227123 
-1.9121235762076 3.9589635417708 
-1.7921826546862 3.4752217729887 
-2.2700573139184 2.7688829906708 
-2.6113734455215 3.3254736015262 
-0.78798469895416 3.3074223555486 
-0.76342928237764 2.7407802916588 
-1.1306677250403 4.3787200965468 
-1.2827904101633 2.7493866743086 
-2.6761050451562 4.0401122084375 
-0.55073058450154 4.4518769859549 
-0.51315325147572 4.1770996527256 
-0.82962597170672 2.9807919074925 
-1.9013542120788 2.8826876345366 
-2.0293103580767 3.2814095505269 
-1.0826335867926 3.1457796129001 
-0.70055994577977 3.7752129388015 
-1.2421067842628 2.7912486414176 
-1.5208679478909 3.1317841437931 
-1.0612074110518 4.3751152119971 
-2.0842311470044 3.5680732712071 
-3.1532791037677 3.1889308758482 
-2.8577476004985 2.9919348898553 
-0.87031065972432 4.319036933761 
-2.9171614278066 2.8545605696962 
-1.3659940562361 3.2285470686285 
-1.5681411659491 2.9546304280198 
-0.99992687670027 3.5693924615193 
-1.2505805043602 3.5146422071366 
-1.657133992005 3.0727464999486 
-0.71809788500584 3.6099697588101 
-1.5401986533923 2.9695163439372 
-1.8097910662561 3.1031907335478 
-1.3745934979757 3.4219312709773 
-2.8049366998974 4.0414925221735 
-2.4389447702719 4.2898466659983 
-1.4822489004875 3.9087002301793 
-1.6456491401833 4.0354925571247 
-3.0726324692347 2.8151339256061 
-2.9076475427683 4.1758402287015 
-1.190232445192 3.071815402984 
-1.195905287127 4.0602854687804 
-1.8241304606915 3.8881220223177 
-1.9716824993172 3.1204166197763 
-2.8280861686646 4.4460373672692 
-3.1190504582767 3.4027994583167 
-2.0809120332261 2.7506903088386 
-2.7251758439359 3.2233143188003 
-1.5687777677935 3.0513883855766 
-2.0886321534541 3.4972938086934 
-2.5463164983607 3.8604298150223 
-2.7072108048485 3.7308320297739 
-2.8513952260269 4.0191687908694 
-1.9510585508615 3.2907456657265 
-3.136566729239 3.2926517917238 
-2.277730662502 3.8019642670688 
-2.2540491221766 3.8834493283864 
-3.0648566814885 3.9738018393897 
-2.8328930624841 3.062880170491 
-2.2093446748382 3.7332538332572 
-1.8650396424921 2.9400211597121 
-0.99021555190143 3.8366752168383 
-1.7033460601249 4.4296087590547 
-0.70065899001194 2.9295646906884 
-0.73227167244584 3.0202192193868 
-2.2797489545609 3.8859866263257 
-1.8254418285935 3.1787103943167 
-0.53051675605742 3.4405875182669 
-0.65373548625644 3.5948612061093 
-2.2883248465266 4.4715131017048 
-0.626488492769 2.9306181392628 
-2.5230052728029 3.8339495620924 
-3.043558275096 3.3701335257413 
-1.3175705666764 3.5241036510863 
-2.8900989276091 3.5915476717543 
-0.79444565616732 3.34058166726 
-2.4560776935149 3.1106104789995 
-1.578155450908 3.7051293328622 
-1.1439766674246 3.088649944279 
-2.4897801256932 3.7955718359068 
-0.97614349076563 3.240927194971 
-2.3239985138993 4.2858234877177 
-2.0179550986951 4.2942385326171 
-2.3897173967866 3.9028886067044 
-3.0558827903656 3.0436347286023 
-2.7273176634269 2.9433890232531 
-0.99861350165185 3.1002259967054 
-2.3118430958759 2.7734670189321 
-1.9893100271353 3.0628608435466 
-0.55633570699352 4.0047184747067 
-1.208739546652 4.0345363410332 
-1.9081280289897 3.1837995324029 
-2.3028207217415 3.4722180262243 
-2.7390772427501 4.4369650952582 
-1.1187021349788 3.2388937579533 
-2.4101609427662 3.4874264396847 
-1.7137900910674 2.8770183941063 
-2.1913833594585 2.9055085880946 
-2.5047693014773 3.0095820172511 
-2.4028156426308 3.3917214045897 
-2.6459734867455 3.9309999673996 
-2.6329279551705 4.451080067937 
-0.81808598732937 2.7871270545142 
-2.8154343279205 3.5755519221982 
-2.4788241208976 2.7542501989796 
-2.7248909743918 2.8118113561567 
-1.4313005034994 3.0319083148398 
-2.2769774822596 3.8681975093765 
-0.56089094904327 3.7679972192776 
-3.1045020983085 3.3193751072868 
-1.5085176390012 4.3617687854148 
-1.2519358348837 2.9407088048041 
-1.863295218329 3.8096537076147 
-1.4172092588223 3.7104906808307 
-1.1930913874829 3.9280258993559 
-2.628319448422 3.8783179698263 
-1.003975931085 4.4183659986912 
-0.92680514505639 3.8541309967178 
-2.1505892557714 3.8597535489328 
-2.4701597455325 4.1322082795324 
-0.69113755232276 2.887474112069 
-2.5937207980623 3.0035025065 
-2.4554255640804 3.6874429494809 
-1.9530336378166 2.759332180558 
-1.9687880693555 3.2684961785013 
-0.92757657603265 3.2834420149039 
-1.2346808647992 3.0082626844998 
-1.8690680872683 3.8033409429095 
-1.9863238364226 4.2356479646739 
-1.5800733225649 3.1606626849893 
-2.4770665031241 2.9156134074589 
-2.3804257373997 3.1833101110478 
-3.0865604525047 3.063449279993 
-2.989480209289 3.3508787135379 
-2.3041551067133 2.7517641330631 
-0.95579404479914 3.4649508596073 
-2.4894322215998 3.0811591698694 
-1.6319395121579 2.9654067565021 
-2.4107800033214 4.483788897453 
-0.92182001924108 3.0564188544538 
-0.82162366867392 2.9417229290876 
-3.1883053323768 4.0520955515706 
-2.1365895939149 3.5647342184598 
-2.4240296574585 4.1625258584194 
-2.7641597417707 2.8031474977826 
-2.24098634824 2.7588826353186 
-2.3820862768729 3.9924807551115 
-1.3200725484094 3.5728212701603 
-1.0347626358122 3.4031465015413 
-1.4598256566948 4.0792029094516 
-1.2834740973454 2.8795065589631 
-2.2577860697763 3.2259412779469 
-2.2148166010741 4.2225900362236 
-3.0252264755764 4.1191466556865 
-3.0948570651264 3.9051598758279 
-1.0975419406798 4.2555859487863 
-2.6894877265174 4.1545289622844 
-2.221482976483 4.3714328970474 
-1.8612970839569 3.1844134197767 
-1.5971906145466 2.7498966960728 
-0.83388533482335 3.1721064658577 
-1.4410166926596 3.9232450501231 
-2.2098381550464 4.2042286900994 
-1.164594021947 3.5318896114106 
-1.2750176812349 3.538513214028 
-2.2012631762059 3.1945242560003 
-1.1589966410068 4.3246783117454 
-2.4892725448611 2.9293223380129 
-0.64669400785859 3.2219080469801 
-1.0196080305199 3.6198873786856 
-1.7653086760926 3.9728029846784 
-1.2106304291987 4.3012841108733 
-2.4038768036075 3.4697336235369 
-1.521696062859 3.7138157907256 
-3.0446870828186 3.9450120769432 
-2.6490931758645 3.2739540745697 
-1.718722041282 2.8062230924421 
-2.9124270579161 3.7769814217809 
-0.87316716056002 4.526721374788 
-3.1768920273486 3.0823248472873 
-1.1359957357295 4.0283066393259 
-1.1573466417569 2.7843861813857 
-2.394632373065 4.3010857212263 
-2.9632164294613 2.9030579052835 
-2.6080563009225 3.0816290460492 
-2.7815806512018 4.297539772653 
-1.6571478271593 4.4957261676344 
-2.3713664857882 4.2976766723721 
-2.8642742036429 4.2295461609049 
-2.9247012672587 3.9124758504669 
-0.65879364976932 3.8873630145884 
-1.8969782510892 3.9599352202224 
-1.4249460320015 3.551533066708 
-1.3539375386931 3.2511152012919 
-2.387356188264 3.9081495900318 
-2.0039346769583 3.291394295501 
-3.0153556442317 3.9225287863685 
-0.82038214697981 3.9805011641305 
-2.0029588576516 4.3646569262133 
-0.72480535977213 4.4384963889043 
-2.7349522273003 3.3110946860523 
-2.1955395776617 3.7817734595973 
-0.85573232459798 3.5516974892682 
-1.8471890803012 3.7076822528619 
-1.8723775911173 3.0340122855508 
-3.057723435364 3.3359278747387 
-0.92865203172555 4.2847076858117 
-1.329442871103 4.0289322701049 
-0.74554655068341 3.8369297768978 
-1.3062929189344 3.9645953150622 
-1.4456891468539 4.0108387553496 
-1.0686941481587 3.1703251964396 
-1.6670097166573 3.8822671534115 
-2.6064422431899 4.1518811062911 
-3.0364169038478 4.0936052858131 
-2.1187395177095 2.7591630590314 
-1.13949687809 3.2428242907507 
-1.1034153143047 3.6081803958728 
-2.2366354117747 2.8374920393295 
-1.3750801470267 4.433676351115 
-2.6616343835882 3.7977624063732 
-2.2733330083865 4.2193015858002 
-0.99752060910093 4.0703866657106 
-1.5628257537661 3.7715562617327 
-0.84544454766803 3.9926816259028 
-2.5398158448207 3.4847339963998 
-1.0187852779071 2.9010615280829 
-1.0446101642493 2.9161931843321 
-0.72756383532591 4.5275650683228 
-2.0916432551912 3.0304131225498 
-1.1662031016937 3.7851402030574 
-2.3220400233723 4.3570072756452 
-2.1278076692103 3.2409695128475 
-0.93628977498253 3.688382641466 
-2.1132284709079 2.7389405221005 
-1.5049934705952 3.5866181922141 
-0.7569408637409 3.2841996068088 
-1.8016885568191 4.3869501869686 
-2.3686209784427 3.2230027605422 
-0.54378806471101 2.824067625558 
-1.4554816162729 3.130669910459 
-0.768722311679 3.8711104165078 
-1.4688820913833 4.1314947548964 
-1.1904461830659 3.1812712041199 
-3.0588557810139 3.5964667178957 
-2.0582433037415 3.9486165762487 
-0.93146360539266 3.7555489974672 
-1.3811453447929 2.9305164026154 
-0.99832593471296 3.2870403266735 
-1.8898085464349 3.9774071534753 
-2.5786683412704 3.5776123418891 
-1.1150620097498 3.1950070772231 
-3.0567168135826 3.3146513519072 
-2.4056087994935 4.3720286921116 
-0.71491016754308 2.8333638801886 
-2.3101267875823 3.6152532062942 
-0.86019900820406 3.0091112339931 
-1.69660900234 3.2805727401504 
-0.60226205392733 3.6557077495204 
-1.5735723496959 4.0398617522269 
-1.689472812088 3.116877633 
-1.7522527321463 2.9783946412047 
-0.69634262546542 4.1197263029529 
-2.3831420521635 3.7682027123224 
-2.9241753089818 4.0182440359783 
-1.4821131172928 3.1894977559805 
-1.3162479866813 2.7469471736757 
-2.7047339532185 2.905146566854 
-2.5188717136273 3.8460972191781 
-2.3130307971704 2.9431983947317 
-2.2921287718418 3.7039953954873 
-2.8657825945303 3.6162694246133 
-2.0405585236802 3.7304280597518 
-1.0366756193353 2.9905635312198 
-2.6832762962977 3.200083998672 
-2.8636779905683 3.0309084673389 
-1.2314365940457 4.512973422458 
-1.2688201399328 3.2440306581332 
-2.8382601268461 4.3631634739601 
-0.50348154737857 3.4297888622718 
-2.7047014661685 4.5161613643456 
-2.6873201532589 2.7391667335211 
-2.2718843976027 4.4344419055187 
-1.3679337564501 2.8331877386973 
-2.6208686294856 3.6661908556401 
-1.483657105622 3.4980822726493 
-2.2064406533907 3.5578360454525 
-0.59281907792769 3.0027000661495 
-0.9606402982236 3.7954602586053 
-2.5090304908814 3.0966849339458 
-1.9838708652214 3.2560928485262 
-2.2660003174838 2.7758229712672 
-2.4426172859997 4.202439157579 
-0.83480267918953 3.2034557500921 
-2.0700003656307 3.0716583666964 
-1.2910453663436 3.9108461397764 
-0.54020810057622 2.9600412364899 
-2.6758408331526 3.4906404989078 
-3.1917036074956 4.3218436320556 
-1.2440415651928 4.3547930609171 
-0.75349447866552 3.4334403459393 
-1.3616390175167 3.8453712650405 
-1.8977103058869 3.6204580916795 
-1.532561575336 2.9191716781293 
-2.2284485361498 4.0119824409293 
-2.991384987211 3.7348658504554 
-2.7210522448382 3.8072489708298 
-2.0235450113288 3.8542127485398 
-2.3243302357747 4.2996931265512 
-2.7387696596972 3.300404118915 
-0.75527408762939 3.7705108887294 
-1.9506858318836 4.2076664355117 
-1.0737211826117 3.4106238108973 
-1.5210773657691 3.9168351915419 
-2.8255508115834 4.3362451259383 
-2.3099131337735 3.2195640828126 
-2.5946299034069 3.9452314949574 
-1.5574678473036 4.3308712123974 
-0.62376677535595 2.9809624164491 
-2.7135439898844 3.4364265275069 
-2.0400469240462 2.7561933410774 
