0.35461000484322 -6.9512227533122 
-0.030889878336529 -7.1827619691035 
1.7788166667467 -4.9412711476293 
0.19800391987074 -7.0452112611468 
1.6551307002708 -6.1447647737886 
-0.13220570625569 -7.2296765670073 
-0.27012667982188 -5.6286433286508 
0.70118208885434 -8.7654268606933 
-0.28983131673025 -5.0632796850659 
1.140559666616 -6.167887492049 
0.33585621116413 -7.875232298921 
1.6218974752241 -7.3144537631443 
-0.025564202325228 -5.6335310396304 
1.1582020987287 -4.7572985248658 
0.14964374395573 -5.0624141003031 
0.67446335664539 -9.9833902108586 
1.0732131511824 -9.4260421500424 
0.89313872994348 -6.0546588078781 
-0.6929579310089 -5.4872930611967 
0.065545370896791 -6.177073337108 
0.37873314285265 -8.5970458193832 
0.84718121976326 -4.7446273454708 
1.5633341493464 -8.7829889224188 
1.0325946197114 -5.2456107087525 
-0.4923475566285 -7.453433608741 
-0.55896125031893 -13.622436800281 
0.53468349467158 -8.2000237312127 
-0.65781086616458 -6.8906477010808 
0.053172705445815 -12.704681140414 
0.5298865818164 -10.022259513937 
0.79643423480952 -7.0554038351941 
1.2924095498794 -4.6524441559698 
0.065893051102857 -6.8459018332525 
0.50876244940337 -5.5530989825909 
0.14439345542223 -5.8639969429544 
-0.10062553729082 -5.466844816076 
1.0307523181024 -6.4812031840442 
0.28890867911299 -9.5665987483073 
0.22038047796122 -10.25113220071 
1.2467944973541 -11.441068561024 
0.9882073181286 -6.0608398065582 
1.1973022717847 -6.1881307580315 
0.6231258726972 -4.8346100730138 
1.7842815147567 -5.3585056406088 
-0.40808297778127 -6.4735663357341 
-0.22750253742984 -11.983125984426 
-0.18709689895871 -4.8553230654086 
0.40977383300065 -9.987087998804 
-0.54595954837922 -7.6436692388106 
1.4938819873213 -6.1448252644874 
-0.39060689346872 -5.691825233605 
0.87023636909089 -5.4082273134148 
0.89704461183279 -6.82670863273 
-0.057536599166378 -5.947905491086 
1.6284938973555 -9.8477067386026 
-0.16296149054662 -10.487929788397 
0.61303187887822 -7.070019186734 
0.99878538187359 -6.9887810564925 
-0.52350339565736 -10.716125552619 
-0.14231945055375 -14.288602167946 
-0.40671756108902 -5.1019818403321 
-0.28032521309613 -7.3153691200622 
0.72074248690249 -5.8439785989399 
0.95301106254715 -6.331306665954 
0.63843705981859 -5.9927081243091 
0.72920725515324 -7.9057407147957 
1.0373316532537 -5.8039188153562 
0.13162118817508 -9.3555503221425 
0.86993838169853 -9.4817084090727 
1.6316081885168 -6.0683255148084 
1.4314676891228 -9.9141439232196 
1.0649093822644 -8.1311722579531 
0.16126374333083 -5.4001621759292 
1.3254635003958 -6.8413473207947 
-0.81429343542019 -6.2009827535241 
0.25526564897721 -6.9816000691581 
0.84898104066152 -8.148792738351 
1.6884860554647 -15.787423120184 
1.6897715264547 -5.9323140959684 
1.6562812621769 -5.5967072686483 
0.10122630607081 -8.5673979336571 
1.5537502184696 -5.2349932282335 
0.80880334685518 -5.4366761158842 
0.55120724836965 -8.850619798097 
1.6152946901216 -6.1013026077916 
-0.59893399063157 -4.8739632926426 
1.2342505007064 -5.1110949364456 
1.2218215046531 -6.1193330893269 
1.77664483871 -5.0072064464225 
-0.28189026070573 -6.2378121732636 
-0.66392262531602 -8.532310105444 
0.49417899150972 -4.7008720260214 
-0.53549869320296 -7.1822307611048 
-0.58257418216437 -12.294619915336 
0.79716678333871 -6.2885068902629 
0.99456716681413 -5.8332942412403 
1.6700375439106 -4.8716887971817 
-0.46451107312269 -7.4746272002593 
-0.25203303315079 -4.8269202870466 
-0.19829132245205 -14.973424250494 
-0.75750853797866 -5.3227048164391 
0.72217752021309 -8.4339611429351 
-0.29210673253981 -13.101898665315 
0.11525662067079 -4.62399699369 
0.27924762649001 -6.4038268136685 
1.0903071655147 -5.4209613269651 
0.16072069171858 -6.3833550653032 
1.6469687182514 -5.1097398510268 
-0.54043310378816 -6.3234318160049 
1.1334582373086 -4.8925430382312 
-0.34955416077068 -7.0392349297528 
1.670513460545 -7.5967423695334 
0.13694314643223 -7.4279107481987 
0.29263356793953 -6.8467346339631 
0.46853391977052 -8.9077982300488 
1.0153613637631 -20.276729565121 
0.36909203387501 -5.0725539809581 
1.6496580073867 -11.770551875082 
0.98222720701851 -5.2322784821496 
-0.13393596857533 -9.4650989797607 
-0.64086136016162 -7.7196052520108 
0.82962931428574 -4.8952358019266 
-0.52908895128204 -6.4543055815017 
-0.4365015687147 -5.8736712036221 
0.27777671457933 -5.0262049220287 
0.20249278739032 -5.6222438497007 
-0.20147436314441 -10.343123542012 
0.20529113669444 -7.7124666170093 
1.6801109211817 -5.0475220186481 
0.35454240786515 -9.4104918270141 
0.46964091651886 -13.749276865913 
0.63800717760268 -4.806776852133 
-0.15904016688671 -10.133346822133 
0.30639198751946 -4.8261020610923 
1.487073564498 -9.5497494878179 
0.4313362090757 -10.475040358098 
0.55015739760095 -5.1714528729615 
0.26479024148359 -9.6562378155307 
0.90314005007609 -13.404067325995 
0.54519570762314 -5.951404912676 
-0.63419522870314 -5.9942245828507 
0.62711561435226 -13.315428947157 
0.2219797844222 -9.4952705274972 
1.75914240292 -13.862665142701 
-0.75648673860658 -8.2261406255001 
-0.76191129033613 -8.0772148448883 
0.91943783630555 -6.75972139019 
0.73663963315583 -5.4909925696244 
0.7035539876955 -5.3911390168151 
0.37824434298851 -4.6668884346528 
0.11328956856854 -8.7380560511991 
1.2624561252289 -7.1908868878743 
-0.21508051830311 -9.9273205970733 
-0.26048135301388 -4.9511562848433 
0.67765909851034 -7.1964088605892 
0.66859490874814 -5.3240305307835 
1.046798209297 -5.8560290253592 
-0.2044109475964 -4.9591049956542 
-0.0021029014014552 -4.9520583092505 
1.3059719199194 -7.0992645790117 
1.0948348974349 -7.034652738694 
0.82517301306677 -9.1332048830491 
-0.82058402897804 -7.365078641365 
0.131152011093 -5.357080554514 
1.4294020459982 -5.3035878767426 
0.51442265802755 -16.538060897538 
0.088968382360933 -6.3360140874282 
1.3865022285006 -9.4841009266106 
1.6396767229328 -9.6161832728834 
-0.04562983106969 -6.0681996611194 
0.33921014506828 -10.428473661505 
-0.27525206585544 -4.7444365541696 
0.30466259475117 -8.7497216509457 
-0.14024768113749 -4.6505194024435 
0.48936278996481 -6.968928921389 
0.3313183518408 -7.6560986281104 
0.84874164827669 -4.9071477395123 
0.37248318368919 -4.8639588295747 
-0.60423708987745 -8.8602537581087 
-0.12361170231902 -5.1843221468895 
1.717090305997 -15.219792958487 
-0.49538148366582 -10.410309974322 
0.68014819665154 -11.348629660909 
-0.56328591497508 -7.0020102964551 
0.25487321461637 -8.1418612876355 
1.5976574216356 -6.2794575715538 
0.70807094201906 -4.8011048924056 
1.5028191192161 -5.3908608112005 
0.9576857130081 -5.4539598978817 
0.028670773841526 -4.8175398540478 
1.6552396114566 -7.3524209054623 
-0.014724737911581 -6.2063341898834 
-0.28873507098799 -5.803757839936 
0.13334865187326 -6.282332482135 
1.1306519241673 -10.674411231816 
-0.17560045280728 -5.9607014675525 
1.2013643467809 -9.7500192262984 
1.6423061996515 -4.9910045437451 
0.2403561248337 -8.3440567960803 
-0.47740636032438 -7.4681985811833 
-0.51594812202846 -8.4614872535304 
-0.23474847502416 -13.659382586613 
1.1862542195702 -10.289477583013 
-0.62692041088618 -5.2066454616112 
-0.14379890137506 -7.1157178489605 
1.5075191632933 -10.043618687221 
-0.35642901993672 -9.8189777696801 
-0.18869053825623 -4.9514035390722 
-0.74245306707873 -5.4611470895718 
1.3114538144932 -4.7267410217973 
0.90905308538508 -5.3291712392423 
1.415808577817 -5.9641311956848 
0.8859745306191 -5.7408056968773 
1.3813874075081 -6.7146846162157 
1.6440127835924 -5.8305735839615 
0.94827675285318 -6.1347536662219 
1.2043155023836 -4.6979135120205 
0.54621947443442 -8.3180583826485 
1.7050250553605 -10.226454692785 
0.38319801618256 -6.5662257599968 
-0.3155438822302 -8.7429254226703 
-0.23262489851754 -6.5412687005408 
1.1069500445137 -4.8706457632728 
0.49810849596307 -6.2019548268523 
1.1998086114352 -5.8466218108359 
0.5842590512807 -8.9293251711562 
1.5358802585077 -5.0178112217218 
1.6695324686359 -5.3148685616426 
-0.020289495797122 -5.8301447173363 
0.71551039367111 -4.733226637426 
0.97781995709658 -5.8157834543714 
1.065951810119 -7.7939640067576 
0.25645614224362 -6.3512425988416 
0.034900611273647 -8.6898911689604 
0.74707389731657 -4.7366324393767 
1.3906630237567 -6.7880520656107 
0.71983077264891 -6.7491411672854 
0.37698622320483 -5.8194713587422 
0.19859545559056 -4.8678632174559 
1.6694770479346 -4.8683132168275 
0.34378263179348 -8.2740923768493 
-0.24956539250745 -6.7367803144413 
0.15210095449519 -7.7253072248595 
-0.059235383175808 -4.7621827238049 
0.82135233027496 -7.746917107686 
-0.32795381499507 -6.3756767626994 
0.66556080880737 -6.2800251603447 
1.1125288091747 -10.121450835692 
1.328844226472 -9.4477959884035 
1.190568542698 -5.981204535022 
-0.14963049413469 -5.8616512035232 
0.030750790267368 -7.9985601483959 
1.142334671684 -4.9280891833939 
-0.22998438882181 -12.122468848004 
0.95980979521545 -9.7630568448301 
0.12329930840246 -5.1365756053282 
0.27443127680815 -13.410504662086 
0.57130409132323 -9.6428916333328 
1.6674579856656 -8.5912723360564 
-0.77126968579339 -5.4730368837095 
0.10153661189138 -4.9256657874299 
1.6223589452926 -7.2643864371558 
-0.77436705585525 -5.2320770096152 
0.081646865377955 -14.445079760684 
-0.27771256003477 -5.2130471022038 
-0.024764487899106 -7.1988103762653 
1.4930366572654 -5.9116822544962 
-0.35261696490852 -16.860238932732 
1.6087064078168 -10.125116386609 
0.61583968637434 -5.7441325245592 
1.4142147810235 -8.5782351108243 
-0.676205579511 -5.8193852338784 
-0.62610199922867 -8.1025833495277 
-0.055359115711303 -6.1078296725214 
1.2985537669673 -6.2826514445918 
1.013141941528 -10.056192503523 
0.3236169032049 -13.206030539918 
-0.34109727573111 -5.0206108657589 
1.1820353233295 -5.0317653494837 
-0.27541200849854 -7.2005757882742 
-0.22079006236503 -6.4065433323911 
1.3262502381246 -12.124906650886 
0.31823290059226 -9.4282166169964 
0.32305627966957 -7.3507669879698 
-0.1961356685795 -5.9583761802728 
-0.77782384021646 -5.9684164660011 
0.90968090042955 -4.7212271917716 
1.6980438412357 -11.239090574973 
1.5306449825192 -5.1158108037544 
0.090165823988497 -7.3154398757744 
0.21333279952833 -5.595650982703 
0.02363637702907 -8.4929721523473 
0.95619735068989 -7.6188049387319 
-0.11922139713302 -5.8986904977827 
1.3121269925325 -6.4601296307904 
0.91946842035368 -7.6122702787341 
-0.25240681374557 -10.601616200218 
-0.24528131661912 -5.1697938759415 
0.55518952133988 -4.7953186124877 
0.32525210120599 -10.925550390651 
1.137013407423 -4.7923141836661 
0.49653962135498 -10.184451396417 
0.44272797369876 -7.1515592719664 
0.34669948934775 -4.6823927385289 
-0.77039077230376 -8.9822791310883 
0.74743623423768 -5.0890670729789 
-0.78245914109384 -6.6767766187779 
1.0566050177404 -8.0760381091176 
-0.1495141338512 -11.051205394493 
1.3972360001204 -8.7992388875169 
1.0488684821299 -5.9964507672067 
0.53931839876664 -8.0831685371626 
0.44168755525926 -8.0666516366395 
0.054850622905206 -5.1650276577158 
0.28706512770257 -8.409498636121 
-0.37557265349134 -4.9612166822513 
1.5240844337776 -6.8435452536606 
0.50463636486104 -4.7895954765313 
0.67014211466731 -5.920873495941 
-0.031432769587299 -4.8154748074932 
1.434198177743 -7.22700572156 
1.3755360973462 -8.8317567037082 
0.097815083378063 -5.9607050893744 
-0.35708571395726 -7.3979299426136 
1.0313226977924 -5.8275552836543 
0.24887874666898 -5.4466657871598 
0.19894338199336 -5.2412890690113 
-0.54784027394396 -4.8935877021912 
1.2773666386316 -4.7578976087956 
0.19590711699321 -7.7358760746825 
-0.61315992467959 -9.5017311285845 
0.77590250646399 -17.089417898507 
1.4510348947627 -6.7832166664933 
0.15312674410499 -5.7011032830766 
0.097393174073512 -6.4799466971346 
0.22078268581875 -7.8594248384658 
0.75709611071301 -8.6764234168174 
1.1329646923823 -7.5751416899032 
1.31582104182 -19.600794894065 
0.94358197695705 -8.2897746094608 
-0.5969053120883 -4.8086569963697 
1.6468744577976 -6.4362792972491 
0.93999694665262 -5.7782017585042 
0.88962011352941 -5.1307028406057 
0.8556060328028 -7.3633078691512 
1.6753903924123 -9.4406770997379 
-0.66053203638017 -9.3907236097838 
0.23255941311357 -14.639354109672 
1.0547169956966 -5.1014026425358 
-0.36704990537557 -9.0881556908479 
1.232847011764 -14.025678679207 
-0.73966528394077 -10.002964037516 
0.81597122789008 -8.1313587838766 
0.12489004856768 -6.8783329774784 
-0.43142270799181 -7.5524193828697 
1.1911516808404 -7.1780889206429 
0.51588224089797 -6.1243320926905 
1.5038858628057 -4.705419353945 
0.42802781305537 -6.0263372438513 
0.11541086730328 -5.1762518956013 
1.1644717994143 -4.7098730859228 
1.1681326197898 -5.5093855083209 
0.14936081084711 -9.2618802269831 
0.079235957785177 -5.5231527977699 
0.25593867587443 -7.1041312138042 
-0.1776608929719 -4.8757471830025 
-0.23481746886419 -8.0493607139769 
-0.22968605408478 -6.325395426806 
0.12076633646245 -7.8838370103772 
0.83141701450112 -12.319945663945 
0.2710899354703 -9.4813175350741 
-0.62278851237354 -5.3026792454273 
0.9800170728954 -10.991423788941 
0.68486139485196 -5.2394344926587 
0.54017694002063 -4.7277009950389 
0.66572025472856 -7.1676881739304 
0.17035425275887 -5.2869971665228 
1.7630660601883 -5.2465200181081 
0.55213099602922 -16.490361720538 
0.092924565643623 -5.2024899980631 
0.33110199410731 -7.9745767141778 
-0.5991513742545 -4.8313111900349 
-0.83496645751908 -5.1347704410444 
1.6090665584345 -6.3381809621973 
0.76053800412164 -6.7252347809506 
-0.54652767635081 -6.9211970475906 
0.024950388814588 -7.5324208711226 
1.4912284233784 -10.100830686042 
-0.15924525508001 -4.7393741536613 
-0.76668496855766 -6.111594385237 
-0.48979626457912 -8.5415037528371 
1.5225389113558 -5.3160877958263 
0.024640368060395 -5.6725277257839 
-0.38363894602312 -5.2098391186955 
0.96215578126192 -5.9063362172929 
0.69714010451977 -4.8912144827792 
0.29162061361917 -10.707750688425 
1.5882199047096 -6.864093870136 
1.7037594118157 -6.6230863341412 
-0.40507236547534 -11.213756245149 
-0.18155792787701 -10.957828753769 
-0.08099396024746 -8.6474018797872 
1.6655803952594 -9.9172731774984 
0.33139220895489 -6.3132419472874 
1.5736313342771 -7.7199032780049 
0.65944086715066 -4.848610801517 
-0.19643858366402 -10.451566616814 
-0.68055088391901 -5.1982602060235 
0.8326997451569 -5.4106063296001 
1.5019831895001 -4.6277514661482 
-0.16600715333269 -5.6323718258384 
0.72440131174015 -8.9296683638208 
-0.53032072261816 -7.0494435680324 
-0.25138859857855 -8.0953973846526 
-0.45988640127322 -11.671961559354 
0.11113100986205 -6.6856964083138 
0.19850224024764 -6.8320928516365 
-0.40724234094048 -5.5901989635593 
0.9017848352293 -8.594743739502 
0.16459359214699 -14.362514232343 
0.56779370950353 -10.512419079486 
1.1462366680617 -5.3838047394761 
-0.12061234499812 -5.111415245931 
-0.12437766074581 -5.1549771888423 
0.82529628079949 -7.7814077512386 
0.95082410247419 -8.000701240273 
1.4141801082909 -8.800394535133 
-0.42279695909329 -11.023107804536 
-0.49084766410427 -11.660469731783 
0.39555354058529 -6.7783640271644 
0.67693877922409 -5.7778087464705 
-0.18676692479679 -5.4003942223397 
1.0088059969247 -4.8225646447727 
1.4438919551488 -10.577462802242 
0.79945810152273 -8.1006363106384 
-0.37123749759804 -6.9900747001755 
0.95391917116151 -5.8346326174342 
1.6397463168912 -5.0140693823428 
1.1242380465656 -12.294857753686 
0.57065696323926 -7.3432428690578 
-0.36454551908552 -5.8544629660042 
0.55384974877198 -7.0121689979384 
0.58467033171553 -4.9973248201161 
0.85761417339456 -5.3413613740969 
0.44072381993069 -9.6120966460338 
1.4420219079907 -5.5006419164508 
0.71854714611571 -13.213624008522 
-0.58366733308868 -7.4287229269767 
-0.47279638927017 -7.5181994360398 
0.39768247532512 -6.9411611470711 
0.52252049994336 -8.0679569931914 
-0.4674974793679 -4.762067266549 
0.82412153898543 -4.6751777644506 
0.19965414073318 -5.09442012804 
0.92444667644838 -4.8175975444552 
0.58431338249596 -7.7551057961268 
-0.52589223834827 -11.895519657158 
-0.043846829848556 -5.3050267569472 
1.4614986306163 -7.6824667768253 
0.022614109567907 -7.8149351575902 
0.24657642411713 -8.3209193879255 
0.60300669019125 -7.8301909453929 
-0.25380276898831 -13.412985607328 
1.6272654043419 -5.5139936090731 
-0.77116957853646 -8.2294916457608 
1.7011746268401 -6.2217745896458 
-0.68497014567957 -19.018551157653 
-0.384522950804 -7.4223009682345 
1.4791635850374 -8.7347280938081 
0.46773914402223 -12.747632014052 
0.82522310933459 -17.727535018054 
-0.37083785338752 -4.8644729936703 
0.76599990240967 -5.6011838327892 
1.5252374817202 -8.2762918009202 
-0.55572625327813 -4.9093115673342 
0.41748050537454 -5.5872219329713 
0.44282039720089 -6.759772285407 
1.5278758795309 -5.8535842477556 
-0.075217526796774 -12.538214926267 
0.51771568826619 -7.1253580092331 
0.10958986947867 -5.9394297756929 
-0.70318223109669 -8.7624497516803 
0.58958519870821 -11.423962860239 
-0.42201760190892 -9.980792941422 
0.0062563869400365 -7.5429474408328 
1.5115326876756 -4.8164668241451 
0.20430381510263 -4.9653861434364 
0.4890118816875 -5.8863259555067 
0.74891485974835 -6.8794832457628 
0.1734556771428 -5.1827091473374 
0.16262080190032 -8.0731463309198 
0.46482577304415 -5.6794159551647 
0.56479496320778 -6.621045549057 
-0.69866302961483 -7.1815889202929 
-0.70885818224764 -7.4324690523304 
0.041967958776212 -5.6730078375175 
-0.72030037955132 -5.1909464180912 
1.6527428210351 -6.5506326305318 
0.24543126622208 -6.2203279601654 
-0.49069640429639 -6.9285611934579 
-0.73970921159753 -7.1273324931316 
0.87855936512355 -5.6642092695064 
-0.082246893355751 -10.909325944404 
1.6736399493005 -5.5553038310835 
1.4163638624471 -5.1705058457187 
0.57567209852576 -12.25985095058 
-0.56679817467975 -5.4528786474916 
-0.31930729537297 -9.4994048923816 
1.2822589022761 -16.424791053282 
0.54666291990143 -7.6088129588023 
1.0788501987402 -8.2798038890857 
-0.61808686629127 -4.8215675713866 
1.3802842409913 -4.9543311339771 
-0.070551696938393 -9.6705652895147 
-0.74619337736554 -8.5067925647178 
-0.44195497435416 -4.9918922308527 
0.36644163007877 -6.1004197558537 
-0.70450383199398 -7.0015013265673 
0.23665926216913 -6.8290759023599 
1.3145182607995 -5.7371812314588 
-0.71609614738418 -5.0662934268505 
1.3957011231177 -5.0683865262686 
0.054533812739483 -6.5832112422046 
-0.41404497525215 -4.7213980975961 
-0.52397947432345 -5.6525573247494 
0.45860028899114 -8.1523696757727 
0.046604703911511 -5.6647765831997 
-0.6149281293758 -7.2751629928006 
0.57452191849137 -6.5557420706652 
0.46631195906397 -4.732930074525 
-0.046308557766211 -7.096083404434 
0.26991425188002 -6.1629519960309 
1.2027429898564 -7.9621311991316 
-0.81352459872141 -7.6620154572582 
1.6292079646784 -8.9744507464752 
-0.34017951239175 -7.769216132456 
-0.52995698333275 -5.4109633921764 
-0.76810232269825 -9.8691853375141 
-0.72362945146764 -5.1612132681827 
-0.29765388672485 -6.2048488014102 
0.15610730197748 -10.071887183264 
0.62408246749796 -5.3568603453489 
-0.51124117537455 -11.390097712059 
-0.65985209809998 -4.7298574550296 
1.7097693377457 -5.3703718870878 
-0.75206104308884 -7.7394641501393 
1.0904588993564 -5.8574887601053 
1.6352888349724 -6.3931479627104 
-0.63945144299852 -7.5388119211114 
1.198956786618 -6.7990653558385 
-0.38787010669848 -4.960286737141 
0.11956745042617 -8.8381391545196 
1.7049225548928 -6.5884439846965 
1.6180328740916 -6.0206905287128 
1.2385376072601 -6.2587846530907 
0.46328582141735 -8.1688955565575 
0.88672570626166 -6.3329768014989 
1.5921078001559 -6.2589138132816 
0.14748177845147 -5.8911860229163 
0.097755524174189 -7.7257484852767 
0.79799697339443 -5.9077413308585 
-0.70354903402805 -7.3773852065061 
0.14740292248263 -5.2253830332449 
0.24961669673981 -9.2013033853001 
0.61894681277339 -7.6439232602495 
0.23298069483703 -6.1875370335966 
-0.70925440389111 -4.7114683439908 
-0.12678390882231 -16.585210070569 
-0.31876221572481 -7.5172871008127 
1.2040794785021 -5.3433922508313 
-0.76523774831046 -11.239229472343 
-0.00064788932346449 -10.310297310306 
0.3906614627532 -4.8175508036686 
0.1898081982555 -6.7729684438873 
-0.31376683036084 -6.0163530943968 
-0.29852984859847 -11.190050809911 
-0.6245066740084 -6.0460352072457 
1.5532260754237 -4.7856990555372 
0.65167483455515 -8.6714426985029 
1.5002298020738 -5.595006370903 
0.76725249550136 -6.1897905869879 
-0.15166772608442 -12.225363305204 
-0.47970056687492 -7.114097338119 
1.0698820838116 -5.8596143587468 
-0.1031577099693 -7.0469683805728 
-0.59697092303633 -4.6855253566729 
0.079940104299481 -9.5388570006688 
-0.26787987263179 -6.0650304498254 
1.4540925250109 -9.2066042448183 
1.0383945469605 -7.5582880648911 
-0.53210609387288 -10.313899797075 
1.2736552832166 -6.2608280048611 
1.3715938071858 -5.9190909565488 
-0.097220739947573 -5.0730264339257 
0.063454034943514 -7.0995294873202 
-0.039847851261096 -8.9720673190597 
-0.28009806514539 -6.4996945566178 
0.72670684972485 -11.319525254367 
-0.45747579642566 -13.511798288025 
-0.38534419520885 -13.549863874045 
-0.41005765085298 -16.265743302655 
0.27346519302863 -4.8918647112649 
0.74894593137397 -4.7643153713775 
-0.40002849084385 -7.8707215960517 
0.30205128351588 -9.1116019696675 
1.4518570847364 -6.0878971392499 
1.2702650142443 -7.2155542133472 
-0.24212381317001 -5.995899730468 
0.76667721912404 -8.9647421642769 
1.2477380234522 -7.8996166484699 
-0.54871167415581 -7.8595133703598 
1.7347016313111 -10.018931386326 
1.1335978038552 -9.2269720576645 
1.4399905473646 -7.6320945708395 
-0.68787305082972 -10.067726580116 
-0.32143725363396 -6.7020261009917 
-0.22102279101909 -6.8094986025539 
1.6156406579623 -11.193230284945 
0.70922122907134 -7.9179829775202 
-0.75344096573598 -9.696402738612 
0.39135154391938 -11.241560761017 
1.5245516722984 -5.631394253346 
0.94121084310054 -5.622448705181 
-0.73446037816048 -4.7638618836991 
0.45513488439306 -9.2689790075693 
1.4895340579312 -7.1597498415919 
0.52589619088656 -6.8669610395518 
1.2106337995436 -5.0762171138615 
-0.69365636750035 -5.0971556298099 
-0.50355466005719 -13.771863829134 
1.2990404621883 -5.2848730419491 
0.01808714881408 -5.7503034466851 
-0.045964502832162 -6.204515854803 
-0.1157605789281 -6.8830508385584 
-0.73693937513235 -8.7968743781051 
0.56078866172671 -7.0757489296346 
-0.76513791565158 -6.3206025747084 
0.5506291305885 -5.580337129144 
-0.39757517528616 -4.7758647394634 
1.1721550313678 -6.6441511185368 
-0.84703311919695 -5.130127733531 
0.43376511766048 -8.4554686665441 
1.3112717685233 -5.2107571396338 
-0.32309760070519 -5.9022589273866 
0.85242186036611 -8.8400412139818 
1.4383259459935 -5.1039227859668 
0.84802677581083 -4.9478341197678 
-0.015051459938545 -6.1360518687857 
1.0511620817409 -6.6596745965849 
0.58621186775728 -6.4185887758306 
1.7467352800462 -10.278339357393 
-0.66944830559692 -8.2207346408827 
1.7054207575074 -6.9672586981418 
-0.83309535241543 -4.9084239400978 
-0.61551199870015 -6.6319611132731 
1.5407572537667 -9.6251135358876 
-0.068183985884886 -11.737671158451 
1.0261873214049 -5.6140031281446 
1.1915553572839 -7.2890503354572 
1.3186531050675 -8.1834330551962 
0.42933971643524 -6.2967365883256 
-0.33454753684728 -6.7458231884037 
-0.59892479119459 -5.0981202112787 
1.5724446966231 -6.0758015882145 
1.6731537839926 -5.14060700456 
-0.73359991352853 -7.3027506527204 
-0.050343192148073 -6.9657200512255 
-0.42899341626616 -7.3257661303982 
0.21338259775497 -7.590740361535 
-0.51691847096718 -5.9048721746454 
0.316800538657 -12.491326303952 
0.43803020418835 -7.0191120950377 
0.97035698284124 -6.4209407685899 
1.3528893055316 -6.3485706097207 
1.1735166744622 -5.9430068799515 
1.7242518649859 -8.03435886642 
0.25086577509765 -7.2588838448724 
1.1691164871649 -6.8731795857705 
-0.0029291419644628 -4.729078818966 
-0.4277756866485 -5.2140321007456 
1.1887720561298 -7.0933206498039 
0.80481711164147 -6.3429312392465 
0.077186592945635 -7.5710433038632 
0.015704919947766 -7.2480458674118 
1.3173250645654 -7.6672815616549 
0.7274003072701 -5.1797075228063 
0.52582945816347 -6.293522236371 
1.3704240799575 -5.7655097257928 
-0.47919694803465 -7.1306007267658 
0.99364192214766 -5.9867159920186 
-0.78306570341363 -6.3678576966466 
0.3064606419675 -6.6000721376956 
0.014467807050871 -4.6555406116402 
-0.70810391881711 -12.377928783122 
1.0377568995456 -5.8360552130066 
0.67901280649681 -7.3471761553612 
0.512538181613 -6.9521542672446 
-0.29614148888463 -6.8886552319872 
0.54654396948649 -5.6019546323345 
1.6975484725388 -11.678099327011 
1.2501741551035 -4.7454329387299 
1.2711944835373 -7.169688324784 
-0.055641738634262 -15.931598041328 
0.93933073882768 -14.68382894447 
0.66641573984184 -5.4916816743646 
0.37170179247545 -9.4874132926179 
0.41621664395749 -8.1429918061669 
-0.70819391804537 -11.587670281735 
0.10329316117784 -8.9633169463476 
-0.1227629683679 -7.3601688288788 
0.41604409374422 -6.2470028734272 
1.4022267762088 -4.9252289460055 
-0.13431041046977 -5.0768367932603 
-0.043160379234582 -8.1404044929001 
0.49975094884394 -5.7658294530558 
0.66511885027919 -10.742014372258 
0.08299686232615 -7.7340420139289 
0.9834084468274 -7.3151532786335 
0.11576758399784 -5.7684716550484 
0.83918201965535 -5.2949712062998 
-0.067350380250593 -8.321195509031 
0.61193296567611 -12.357182420429 
-0.23206190947987 -4.6515979779401 
-0.0068148320888595 -7.0298212398442 
1.3064394992752 -5.6557045765701 
0.47732855685467 -5.4360026172384 
0.56455096602663 -5.7625394155474 
0.063782485506753 -4.9905806542155 
1.233301142244 -5.7878581421411 
0.47344128025879 -5.5410098054926 
0.40746897871797 -8.4120704993536 
1.1325745794202 -13.720024185865 
1.4409914952348 -8.2348618933636 
1.2086984940589 -5.7826766930602 
-0.5050914364399 -7.2149121493932 
-0.48268260635779 -4.6465386321346 
0.49264950981375 -5.1189612643871 
-0.23236921856368 -6.9515971432331 
0.69453565285675 -9.0328269212933 
1.7472433301444 -7.8859457159379 
1.4109365810317 -6.1915568309967 
1.1113695960113 -8.7706464604205 
-0.12340357971767 -6.2065841317654 
-0.72225582517864 -4.8795423615658 
-0.069319201240451 -4.7962129273791 
-0.051395774290494 -9.0113426503988 
0.19385939044855 -5.4970582336848 
0.18508222679446 -4.8806833661621 
1.5143349414014 -6.5864585240943 
-0.83438840973076 -7.6586363164397 
-0.47101663987457 -10.476725104894 
0.39409522346861 -5.1675085393087 
-0.50125153459462 -5.7969986685545 
1.371087609126 -8.2495839720974 
0.97054287577257 -6.6956073740258 
1.7513027039584 -6.9782005533675 
0.63267289893212 -5.2552507042807 
0.40949918866997 -8.0424749955463 
0.91972578030466 -5.032711303098 
-0.24092431712936 -6.7772556199357 
-0.66762253520343 -8.773250638974 
0.15166113135501 -5.0079267247648 
-0.3742786302467 -9.9343104040267 
0.49561503360851 -9.7225023052379 
-0.84102606143725 -7.9468572594735 
1.7717022441386 -7.935391965792 
1.4638402141599 -6.6920241877362 
0.31433760496501 -8.3842164286929 
0.28490902492777 -6.5584986255933 
-0.11272736427628 -15.416753283832 
-0.26430443629532 -5.1748089607373 
1.4850216988369 -15.227163863509 
-0.20287969127544 -6.4772999731084 
-0.2301250416714 -5.9572908824676 
1.7767850237383 -8.4058286677581 
0.6572597112454 -4.6749360508323 
0.95779900253374 -5.0426102226391 
0.90972515103511 -7.0980496698275 
-0.70886255088779 -5.5645846722428 
-0.66460749540006 -5.8176599665585 
-0.33669794987007 -7.6232586257445 
1.6408759031177 -14.225361669875 
-0.56166086749164 -6.7286408548675 
-0.18233497261485 -7.2358946263088 
1.6771101422792 -7.6339188634632 
1.2822202069356 -5.6525932050865 
-0.53975816605165 -9.4872684833216 
1.1035636337277 -4.7873589876831 
1.2503542223303 -9.6394609913205 
-0.10931265752015 -9.5368279413386 
1.474678250358 -11.865231925672 
-0.50418156387899 -14.932847047693 
0.23572730286194 -12.246701785786 
-0.56903041412657 -11.421249309763 
0.2459670465508 -9.3731690251292 
-0.31533231703507 -7.808945162189 
1.3852553955753 -5.2167010273661 
0.91568685510928 -10.992361304261 
0.83089508488933 -7.4197084633229 
0.78355877092618 -6.0227001932617 
-0.56035365331576 -6.2270449911773 
0.5302105104931 -7.8261801991388 
-0.73257859539065 -18.267224890244 
-0.56690847937817 -5.2411543961602 
-0.23700174502287 -5.3867259785425 
1.2034367413057 -5.6632680082552 
0.47875374429793 -10.154024165731 
-0.83573721939472 -11.30685768215 
1.4393410847091 -4.6844576353909 
-0.17109981501337 -14.698060815088 
-0.43119406774651 -5.1046856625218 
1.0307077758368 -5.1722355066786 
0.36121653948064 -5.4415600826009 
0.12840379293042 -5.7387412265669 
1.2915097052212 -6.3954221886824 
0.18553254841957 -7.8959806408572 
0.036654467918183 -8.9706505194326 
0.65505195236205 -7.2625724560859 
-0.54384433926916 -13.33882302895 
1.5639216405941 -5.1940735889046 
1.5255950666106 -9.7856929330356 
0.28835706997062 -5.3385186535229 
1.3531308143672 -7.9923320124106 
0.15576611174139 -9.9126585241901 
1.1901503884099 -5.8265802088565 
0.41529709053593 -5.9067391692314 
0.74326142423337 -10.392872601939 
-0.74039457696888 -7.0609502487622 
0.85674196864733 -10.803791093878 
1.6688587235929 -7.3753522425859 
0.77934323256525 -5.9471207412824 
-0.40510740381522 -16.060084634129 
-0.77719399476986 -8.4180267184614 
1.3372097529187 -5.6261510923779 
-0.62720469785402 -12.29967980932 
0.52167630333376 -9.173716476761 
-0.76112263730118 -6.1544527079185 
0.36979283662914 -7.3311034952265 
-0.58726851975165 -5.0185988084315 
-0.76476460408982 -5.7388173363265 
0.012165711293235 -12.569420514011 
-0.60970965200032 -5.5967849594454 
-0.47137795882285 -9.2590755550832 
-0.38161572665587 -6.52118068121 
1.654981497893 -7.0351806523862 
1.2846303111307 -4.905323928728 
1.3060607833425 -19.324730376799 
-0.2670956416413 -5.2509476738428 
-0.44761888929849 -11.698015806675 
-0.013907000002433 -7.1006767222935 
1.1699113808984 -10.028200103524 
0.65500328371466 -5.0068281176141 
0.64376091997914 -11.682391453265 
1.7019159580486 -6.1983280621064 
1.7174623153134 -5.5678383311581 
1.5557205867213 -6.133230038744 
1.6159905402042 -4.906146812217 
-0.29659507317491 -18.311403928705 
-0.70160256200749 -5.1002636400361 
-0.75154907349872 -5.6033387358744 
0.36406222570123 -5.4646816920856 
-0.31000665522466 -7.3520614782519 
0.20227345322883 -12.348912698573 
0.57854337686009 -6.1779688538008 
1.3581243350421 -6.9307095234032 
1.2763789612187 -7.7159207686562 
-0.81980487090649 -6.4489881013423 
1.5451802633699 -5.8389036797443 
0.038662906417166 -7.7967667593433 
-0.46326579046564 -9.366997535854 
-0.6844714685396 -6.3304832028376 
1.5696161159938 -5.1530415161868 
1.3032077938237 -11.968559489001 
-0.14407747070972 -5.0811454503622 
0.057834602412013 -6.0872710911481 
1.711377443728 -4.8725998700772 
0.8352050274393 -12.879653801188 
0.28830611830601 -9.1521285610026 
0.64830659287555 -10.944022089177 
1.3783086241976 -8.6952393851526 
1.1155092179386 -8.0914481297738 
0.87658930436832 -5.0665166274568 
1.2432348359022 -5.7785101313398 
-0.16608014260187 -14.768289367026 
0.61385745775683 -5.4930954989886 
-0.13170541054701 -8.8711784987296 
1.674667489381 -4.6544366256793 
0.026421437594624 -6.1325206272495 
-0.74425141745914 -7.9911729981583 
-0.32563550053194 -5.0683542436308 
1.7124618424625 -4.968804754484 
0.82305936534561 -8.9721791030941 
1.6623189226259 -7.1595651222969 
-0.63933258430209 -7.8123447772711 
-0.50138926767674 -8.874893419525 
-0.32925912968901 -5.4561532923553 
-0.022887597115226 -6.637477374636 
-0.052790572566779 -5.2644292648723 
0.70736130421368 -10.763658913888 
0.58257848803722 -6.2915227924057 
-0.39838006840167 -4.8616170044252 
1.6810319234765 -5.1476134939305 
0.49481510378928 -6.6532776426076 
1.0197906123141 -4.751753197521 
0.51486815237519 -5.4052667371482 
0.13136349399959 -6.3752612907998 
-0.49068583554097 -10.199958087823 
0.83317052977286 -4.7119858932004 
0.71291484529759 -4.8504798750156 
-0.0060318803845942 -8.491008097245 
1.365814201868 -6.9317536740923 
1.557748858206 -5.6056282090952 
0.32713488862397 -4.7764619355924 
1.760639094774 -4.8117539731769 
1.5463786567675 -6.3723981030194 
1.6516591154828 -17.337303357679 
-0.30993073708111 -5.0916455317813 
-0.45726531187832 -6.7656175494944 
1.4052516749776 -11.431228142456 
-0.39666837333481 -4.7143210861491 
1.1934720285828 -5.9459891675297 
-0.79901177552962 -7.8052649671669 
0.23966603182069 -7.6312252679979 
1.1399240573945 -5.5869020467414 
0.12434689769278 -7.2266002741601 
0.26238103392225 -10.121507145386 
0.58846073484578 -8.5193769835009 
-0.40625440618185 -8.5707496024767 
-0.73151334415492 -7.3724627650939 
1.195592081303 -7.8870467696141 
0.43107828566066 -4.6556674971751 
0.64697570739912 -6.4130091814167 
-0.053763781459669 -8.9352526655591 
-0.17946836919493 -5.7086183254405 
0.44301064460896 -4.7999947604134 
0.5739047935187 -11.243625934109 
-0.045413391997832 -5.3499125070629 
0.17225678191828 -11.599217575776 
1.1075641935244 -6.681809459263 
0.83037646256496 -7.6052184281793 
0.47441557683997 -10.024779899798 
1.7225249609905 -6.377695282146 
-0.84705937082305 -5.9415278834267 
0.65295316766637 -5.7125245080399 
1.1023558916655 -4.9577058503656 
-0.083300299209244 -8.9061597485626 
0.55185131967433 -6.2578841550497 
0.58908802634704 -9.9603429290797 
-0.17227489549582 -10.207332840312 
-0.29701991598905 -5.6650662318845 
0.24891879222235 -8.4801931474918 
1.5913578448667 -4.6769078482925 
1.5927819016696 -10.784401296305 
0.10380645563434 -10.020602429854 
-0.61269494849721 -8.2842259492529 
0.71470179058576 -13.067431121529 
-0.82072820609979 -5.3203411089959 
1.549669020018 -5.2297183631511 
0.69132106920537 -4.63088585255 
-0.50184649584241 -5.0351471763304 
-0.066659112562431 -9.447770498364 
1.5158142818499 -5.1642268055013 
0.57061054404168 -5.5591615653632 
1.1763697414319 -8.9654041293488 
-0.82823522788924 -15.032339791647 
-0.62583151399605 -9.2688282763799 
-0.79747773417665 -8.787525575105 
0.28212173759039 -17.908397671058 
0.39735238888822 -12.409373290521 
-0.49606281653711 -5.966127734479 
-0.23416035210102 -8.2760996130055 
1.6459581918927 -13.898746846209 
-0.35755437137112 -6.8390492963243 
0.44430637330126 -6.2755024284246 
-0.27649894902758 -7.6289832132217 
0.39950031860636 -5.7157787333455 
-0.48328277233236 -15.451868208563 
-0.80363860268715 -5.9455575929648 
0.47186818671778 -8.5850376142155 
1.4074439062417 -7.9550135783236 
-0.2590303155888 -9.4394393910368 
0.66975025838146 -8.7766272754443 
1.3976652305917 -13.331437029895 
-0.048517963283719 -6.3449958829902 
-0.10596373484721 -5.3983696387282 
-0.81410495105851 -4.9239515988845 
0.55819798257444 -6.4443881216504 
-0.42244770415326 -6.198101238629 
0.8125060494645 -5.0789695943964 
-0.22420649311786 -5.6624504653538 
0.41397767379506 -5.0754359159842 
1.3334745286296 -10.810421490116 
-0.5582298571949 -7.2763133700214 
1.187727804984 -11.076016080068 
-0.49149194530413 -5.435377468884 
0.94929199420614 -5.071787456295 
-0.65090152212977 -9.9074492848658 
1.0635576493855 -8.6023138404003 
0.63493446444069 -5.1134984572353 
1.257079297551 -6.937900817751 
-0.013620952494658 -5.4395059285124 
0.45247933403176 -4.6670480632696 
-0.46304745508333 -14.729909777084 
-0.74738788706403 -12.049635374468 
1.0395469976983 -6.8993544030046 
0.63843290283019 -6.2225175218729 
0.74023663458281 -11.332875388292 
1.5022353367231 -6.3384166246484 
0.4434031954022 -8.010697964533 
-0.35585262793918 -7.1183822531297 
1.520309848043 -4.6983827510348 
0.044451802354974 -5.2428132803131 
-0.0075372690130531 -5.6067851143515 
0.2872634395121 -13.161285261883 
1.5640081352261 -8.4668070526876 
0.60337670694059 -8.6035548551898 
0.61844124219716 -8.8563395078401 
1.6910786711343 -7.9972378965864 
1.7506240786291 -9.5338867397166 
0.77858895166169 -6.0326603847353 
-0.74145833440965 -7.7076239812827 
-0.015934325101083 -7.2321592879888 
-0.84162685840273 -4.8423517860648 
-0.025231881696843 -10.20932084323 
-0.39289008752685 -7.5021940772134 
0.67303134608937 -7.2955682328826 
0.8129641011197 -6.580286062877 
1.6970425281353 -6.5650076790113 
0.9854160324547 -7.8400583214444 
1.0107532951453 -4.6619983324481 
-0.099680504031992 -5.9496893805657 
1.3327614363141 -7.4665130705432 
0.90653437747078 -7.1007217673362 
-0.64831512781198 -10.323776923606 
0.018573512526606 -6.8880275478318 
-0.49899474420226 -4.8526512362354 
-0.71703264587973 -4.732558931233 
-0.50866867855944 -10.656650833358 
0.68621076475556 -5.9217644016954 
0.26457903497197 -8.6615624689969 
0.23759510374761 -5.4149161929606 
0.29534774639778 -11.40343778571 
-0.23779147606419 -6.5461841222263 
0.60647538390069 -5.191497242458 
0.7595238274998 -7.7133463143716 
0.13894539748367 -8.076728554247 
1.2017330280221 -6.04241472898 
-0.44442891161933 -13.923991454795 
0.85849594274188 -16.766717388897 
0.4975066844447 -5.1093960814346 
1.012917031564 -7.368971708425 
0.68382330248329 -4.9467712059627 
-0.73576564027323 -9.3123818474497 
0.12050816631581 -5.6499960582968 
0.0092153795383183 -17.3380944798 
1.2648684426998 -14.328313318233 
0.20971762059979 -4.990398503244 
0.33119882575626 -10.437354833757 
1.1950512212357 -7.0693285138409 
1.0385750528718 -8.7748858808772 
1.2528516913984 -5.2420129068295 
1.2635900320942 -6.654548042872 
-0.66578916952178 -8.0085318859162 
-0.59341534473485 -6.8993104087215 
1.3068088638312 -5.7701737847168 
-0.38355952423584 -10.258052708105 
-0.2477235134732 -13.100835798735 
0.18977956903975 -5.1407795003401 
-0.43869805735602 -10.042922880881 
1.5331853643014 -17.502058972287 
-0.33562526570632 -6.7335914900623 
0.37930330284758 -5.6033870140232 
0.43633371817605 -5.0806041637043 
-0.054383859113275 -8.3862121804151 
1.3497324932111 -10.091585268055 
1.5886786734848 -5.4695174814283 
-0.11254031512681 -8.2677819678334 
1.2784841369528 -4.6707271939738 
0.49137038765428 -10.574788682569 
-0.49715339660845 -6.9200964201147 
0.13270446647578 -11.440757347764 
-0.4761936903344 -8.8539156983549 
-0.60017345800068 -8.2882091306577 
1.2917376397448 -5.60266974688 
-0.80119283866199 -10.964662966801 
0.25831089416919 -7.8541189389964 
-0.090737375933611 -17.209195457753 
-0.63917196077698 -5.3086812188443 
1.7678064262875 -6.9041710361006 
-0.28652534581295 -6.5714701269847 
1.1500911826515 -8.3870858401313 
-0.61392721933829 -11.893073737851 
0.37306947526696 -5.7016795766605 
0.79277431374264 -5.0026134722978 
0.0098897271551435 -12.708981606953 
-0.50507263774725 -11.355488497199 
-0.5525920569287 -6.5327554587138 
0.69540634198956 -5.4749221134564 
-0.072789434503099 -5.6154572710103 
-0.19128660438186 -11.173928299886 
1.3380753247939 -6.6525336357621 
-0.46227653426969 -5.6660432509167 
1.2784348286433 -7.4060171759129 
-0.41883234703368 -7.3287650323166 
0.65134849272003 -8.8318498879715 
0.86651023863153 -7.3061166617466 
-0.10820461156288 -10.661482510417 
0.41633728471697 -4.7203759853919 
1.3506036660037 -6.841047615566 
-0.12521089093674 -8.709589391259 
0.19157853989338 -6.6019499424996 
1.5388000079879 -6.0806103796825 
0.18753651992376 -8.5671393025365 
-0.42263306475799 -9.3654526447828 
-0.19118315486026 -8.5657872802946 
0.85212481349923 -5.1898987372339 
-0.084329716821532 -5.5286960332599 
-0.20909890331242 -8.5220091699134 
-0.80922517108561 -6.5019971731085 
0.29207540716767 -5.1242675708748 
1.00249111138 -5.9671515203588 
-0.20295605484768 -10.846988364366 
0.25233148079465 -5.6928265730692 
1.0458876828071 -17.403900556127 
1.0193015990505 -5.0239712002126 
1.3326589758717 -9.1798602615322 
1.4190393012922 -5.7284867446983 
1.0180280114028 -4.8938766539738 
-0.82971464575358 -8.7495413283572 
-0.0222419499192 -16.55770956981 
0.54249253115071 -5.2297860927402 
-0.25025537175723 -12.478949867543 
0.13037802007563 -5.1279680785181 
0.021245630133935 -5.9716959483803 
-0.17115870975747 -6.608412359399 
-0.033892990733372 -4.6420471520059 
0.65528046226527 -5.5072216433668 
-0.69290257092415 -5.1942223752825 
0.25426211400514 -7.9240918311717 
-0.46709266936704 -5.6195082468474 
1.4384456876662 -5.2359614010649 
1.225411414432 -5.5000242804086 
-0.58188538967438 -8.0484868817955 
0.38120867343532 -13.890506130033 
-0.82483025395226 -7.4927444283165 
-0.43619612210772 -8.9212604148292 
1.0324587983987 -5.9192763878606 
