-8.2853054165956 4.2906716864197 
-8.818660906104 2.7741388619585 
-8.5997959067147 4.2430025603214 
-6.3180419991609 2.8021359356948 
-7.0043605421822 2.6008601839468 
-6.9946533037149 3.8378529081334 
-7.7945975378312 2.6538481159508 
-8.5690484479093 3.0025432069492 
-7.3005898887245 3.6065883539444 
-8.0969874514062 4.174855654911 
-8.4950931612346 2.4453926939206 
-6.3330950589143 2.7437284163886 
-9.0226504600973 4.1733450680812 
-6.0300265116536 3.3735355526948 
-6.1798345936084 3.1139019944728 
-6.480948274975 3.4382794436893 
-8.2086424119859 3.9531957938185 
-8.2630693883145 4.1466883299384 
-6.6096818924137 2.7545512896424 
-7.4956782979377 3.5522002570172 
-7.0474598757559 3.1911401961826 
-7.0999585445649 3.2328091017105 
-7.3275801063812 3.0770321532751 
-8.0706608468622 2.8313878647435 
-6.6239675900267 2.7936004581274 
-6.4843026462485 3.2436672747069 
-6.049578949093 3.8953000280608 
-6.6639686942311 2.6415014332286 
-6.0447447467067 3.0746559527083 
-6.4986309797866 3.8792930642348 
-7.1169325137557 2.6327144406064 
-7.3953660879526 3.1914735613037 
-8.7595071530952 2.5309312008576 
-6.7609115321473 2.6781993583758 
-6.0331153822166 3.5888070982929 
-6.1854891775799 3.0905505137497 
-7.4321512497246 3.3423840465039 
-7.4650742173436 4.1525716028596 
-7.3440075769713 3.662159386195 
-7.5499020933706 3.3144155456182 
-8.1237529113808 3.4614578423767 
-7.6919273174492 3.9454026940925 
-6.6094890574303 3.9381022646595 
-7.067748664433 4.3339205862993 
-6.6107739182526 3.3273708570673 
-8.1986214396452 2.8375304435483 
-5.9208075951731 3.5952667031039 
-7.9506042326986 2.5907998931336 
-8.3094082366685 3.3696660736428 
-8.3015810243154 4.2140631897529 
-8.4336384771744 3.2486386726826 
-6.0663953526759 3.0242496377494 
-8.0087130609913 2.4677659702257 
-8.4774773206194 2.8607730666587 
-8.6575539588084 3.5769539168578 
-6.0780338587763 3.7354080445268 
-6.3113246115305 3.181968568394 
-5.9181295514385 4.1985990908592 
-6.8427539901217 3.4873994927283 
-7.2586229219604 2.5895217802539 
-6.382539649477 4.189160741268 
-6.7133920626796 2.8626542966482 
-6.2038785350489 4.0557529509528 
-8.9455976599825 4.3699411585647 
-7.0537978348471 3.1289714580698 
-6.4881357804829 2.6302495217746 
-6.9462737471775 4.0799831357873 
-7.2626697802375 4.1156721573552 
-7.542911544846 2.8259945083647 
-8.2866866992744 2.5242542482188 
-7.3613598970503 3.7601079737001 
-6.5060103852426 2.8510130617453 
-6.9724280836687 3.518116226877 
-7.184967875641 3.6545903658807 
-6.6445634512291 2.8524644866001 
-6.582626186693 2.987975685009 
-7.5565203645442 3.5093088843396 
-6.2759792076325 4.1542965133255 
-7.7408034728943 3.2177192030056 
-5.9773658017569 3.0845887599163 
-9.0591292729026 3.0697605631024 
-7.6366308533169 2.910128753911 
-8.3428143296606 2.8555039546761 
-8.1268782636443 3.9057056316941 
-8.8338841188474 2.5737666992178 
-6.7043371980471 3.4120802794205 
-8.0342915108983 2.6679258321312 
-6.0457831598519 4.0610800853332 
-7.2342589343087 2.9717868935285 
-7.1303393916954 3.2483376402657 
-7.6513642054102 3.3178851387523 
-6.7416785027945 3.126598853976 
-6.1624107541207 2.9050753768058 
-6.9630404588963 3.5242363747787 
-7.2563313519199 3.1226781305126 
-7.5661531213086 3.0629749189573 
-7.19250631552 2.4596758646801 
-6.588238863271 3.3675601607648 
-7.4603471015075 4.2592537438012 
-8.5960564776909 3.8404388685755 
-7.9317441661399 3.1973500479388 
-5.9373554258859 2.7657372084495 
-5.9900917929307 2.734161480192 
-7.142205565891 3.2980906146481 
-8.0140827068674 4.3035272338586 
-6.1013240011235 4.1667091962765 
-6.7414727905238 2.5116733960038 
-9.0105173133238 2.452382324347 
-7.6120088730044 4.3080219850896 
-6.0429360588876 3.1901708604859 
-7.731178841926 3.4056442158083 
-8.3085264652104 3.7411983896488 
-8.1265869053464 3.7444030541129 
-7.236814860668 2.9764047845463 
-9.0013218302643 3.2320153717465 
-9.0555752176404 3.220149728537 
-9.0292038401614 3.0512634023058 
-7.9798131882155 4.1488733992958 
-8.7057275237872 3.9126875272258 
-6.1992085986092 2.9910970764019 
-8.8372341261114 2.5213087948178 
-8.5514905968839 3.599267748007 
-7.8334508127941 3.2555443716532 
-6.4085768226877 2.6042922413428 
-6.9876032710688 2.9997354664997 
-7.8185929066978 4.3020420311843 
-6.3660894533488 3.1257484348365 
-6.5347247227699 3.6445896152337 
-8.4344162822503 4.031590152135 
-7.6188721100102 3.1689394849225 
-7.1596214161677 3.308403104465 
-7.9829586053325 4.0420451894402 
-7.5339435564441 3.253568735919 
-6.2445036516978 3.9603653566401 
-6.3487139808034 2.6052232457012 
-8.9773835052566 3.706693480135 
-9.0999628897501 2.7603106957477 
-8.4387892628353 2.8650944121483 
-8.5940839869135 3.599413057501 
-6.640620177389 4.1359463336063 
-6.5129083534502 3.973971798943 
-7.0882325939542 2.5364266153642 
-7.937177899687 3.4006763470667 
-8.1048199832516 3.5696034332623 
-8.1217830583544 3.5398163354302 
-7.7112332919566 3.6301124175364 
-7.9257437101837 3.5702065265668 
-7.7323382469334 4.0449728266574 
-7.2271448293409 4.0299215399336 
-7.6268781138968 2.4735286943169 
-8.1026952543253 2.4852300329949 
-6.9796485338437 3.645020800617 
-7.2127779636058 3.2316628530485 
-6.6175166086661 3.1438613864142 
-7.0544665538434 3.4208745845632 
-6.1570256088304 3.8676439646357 
-7.5605475945389 3.9229722363861 
-5.9848570311002 2.9360310055927 
-6.9635590913502 2.9398089565555 
-7.9818551753777 2.6298172200914 
-6.1367013451533 2.7188385280982 
-8.9439275918788 4.2095809269773 
-8.1629262652911 2.5519005535678 
-6.1668151667562 3.1371099000324 
-7.0688041333589 3.3902722160324 
-8.6749416047378 3.0197913263765 
-8.7565988932097 3.3658072014931 
-7.7001651432032 3.7085370431526 
-8.6380905300204 3.4521982173184 
-7.1622473263447 4.1231368993774 
-8.8206357638385 2.5864474963391 
-7.0800256097349 3.2205820441477 
-9.0675038079348 4.1082436891957 
-7.0625696432893 3.662747288856 
-6.3612946023483 3.8805441317594 
-5.9951661932183 3.873424187388 
-6.4234513942815 3.0009219879802 
-8.3921797681775 2.8602115763513 
-6.8824410569645 2.8467627506436 
-7.852834667467 2.4552866203096 
-7.4600943969608 3.5124920709766 
-8.9516078115304 3.2320731202526 
-5.9249312729571 4.1349892672694 
-8.420744571482 4.1323345363045 
-6.7297280069459 2.8699049794832 
-7.0416423542665 3.5128561006741 
-7.8776114586761 3.2034545502846 
-8.7498307644314 3.3278294755677 
-8.3761253030669 2.8149352488481 
-5.9660041042984 3.285139829326 
-6.9870484427711 3.0219659344236 
-6.0383687529546 4.0259440878088 
-6.0006534001569 2.4664953711516 
-6.5718404679122 3.5971408779346 
-7.0780960765668 2.8476455320169 
-8.3344318547804 3.1052151989651 
-7.3945730827091 2.9444191216845 
-7.0579983294498 3.7472214603452 
-8.5410636898261 2.4513906350254 
-6.7505749508006 3.2311133786908 
-6.495406722456 2.4385453103229 
-8.9208188968627 3.7330173136604 
-6.7960527156082 2.7922318367926 
-6.8249774302386 4.0550831629623 
-9.0675254874567 3.8784296911298 
-7.0867163181692 2.631271782369 
-7.5849042758812 2.6184995713574 
-9.0262932537178 4.0902756107335 
-7.9389284184723 4.1816447694672 
-6.0499758988121 3.710683089427 
-9.0514148257765 3.07417425319 
-8.9983618334466 3.1009113675779 
-8.074732186443 3.707546503269 
-6.4372813058289 2.4684095328373 
-6.0977438497723 3.395339709783 
-6.294191947687 4.1302613199033 
-7.643110446403 2.9493512813957 
-6.419570101856 4.3129600982049 
-6.9933301559979 3.7735837501772 
-6.7861456944955 4.1621756239677 
-8.6837108345297 3.6304976809756 
-7.9616029043784 3.7607964071571 
-8.5745455449854 3.1265061936382 
-6.3254446816334 2.455992896851 
-8.9564836531603 3.2674975075665 
-7.8130892208319 3.5738578020574 
-8.3260666335042 3.4343083479488 
-6.5625201874509 2.759136382236 
-6.6036257641445 2.8142002346991 
-7.4743886406483 2.4673176588481 
-7.7568185006265 2.7120502573216 
-6.7036806455004 2.5038062362284 
-6.5576517784931 3.8094815740833 
-7.6546858237837 3.9846725832074 
-7.3185962157796 3.6439528216413 
-8.7567445073953 2.9781622626361 
-8.1150823104094 3.285613373144 
-6.6032990610901 3.2528996689494 
-9.051936366053 2.8729003330165 
-8.5858923652155 4.1977170934476 
-7.3383354055306 4.0907860699442 
-9.05334475321 3.507096186224 
-6.1723809106812 3.6609877581403 
-7.1201946019522 2.766326960649 
-8.9540926092118 3.9911259772607 
-6.8926252434975 2.6521199671116 
-6.5388455192402 3.9826555231247 
-7.3753086820372 3.295030409269 
-8.2912270785321 2.5796622568104 
-7.2542642901971 2.577308873627 
-5.9477197638902 2.7568464637067 
-8.0206452552929 2.8532357393652 
-8.2968969226579 3.3611670379869 
-8.8421749799165 3.2688861041799 
-8.7825360684084 4.0139455757696 
-8.6604412924395 3.6996256248868 
-7.7004730581628 3.1071796590692 
-8.8709741883975 3.5490638972623 
-6.1206945717871 2.8099309840869 
-7.0698555286877 2.5463449366581 
-6.2942861794864 3.1906576384613 
-6.1978929868466 3.0293552257616 
-7.9928616352891 2.8345818958038 
-8.6998808756573 3.5287383804174 
-8.3985828612289 3.6489724435781 
-6.881193468202 3.4193403617459 
-6.3771596631542 2.8078375265042 
-8.6244401723212 3.5551355721525 
-8.0759827971133 3.2161410836634 
-7.3794054841382 3.244041085965 
-6.2277442946853 3.1639516904492 
-6.9995388648042 3.2491504108902 
-7.9904809574967 3.2481513275352 
-8.4804117224579 3.9726151667115 
-6.4886155054528 2.9083430375393 
-6.3466825093086 3.9838350768322 
-9.0272760727366 3.5598125246284 
-6.3629680497491 3.7185439412889 
-8.3881869730685 4.3713809490342 
-7.267302802094 3.9157349676381 
-6.5899130655993 3.7375701885939 
-8.2911338108292 2.7331561413185 
-8.8459743147264 2.7849407336961 
-9.0213379296444 4.3066465194075 
-6.8222637649887 2.8710678377403 
-7.6274808112982 2.8404352239892 
-6.2848541867843 2.6932726403422 
-7.8550785661191 4.2859465908732 
-8.8816937896845 3.4559931781187 
-8.9751593303323 2.9380117484199 
-7.7506899571759 2.4867585404583 
-7.4921048591693 4.1763646293127 
-6.8772861436097 3.1101658471874 
-6.5457248133137 3.8374494858005 
-6.1249059422588 2.4662780896871 
-6.544336633474 2.5871102283989 
-6.5946086548321 2.4987797825712 
-6.9391732831525 3.6374476724595 
-7.429483462712 2.9241137030756 
-8.799076109176 3.9804554603212 
-6.1329174765659 2.463733722091 
-6.0062374534227 4.0187590600837 
-6.0780489717435 3.8367158426876 
-8.591985426182 3.6239370253156 
-6.9901267221163 2.542450713813 
-5.9227592119717 4.1075809995788 
-8.7805942249413 4.2801713393575 
-6.7111534974925 2.9870137358777 
-6.9574250197553 3.877674711025 
-8.2162381002383 4.3531409765854 
-6.1702441872419 2.8905179581997 
-6.4632605601355 4.3311957557445 
-6.63391022366 2.6962442154718 
-6.9981740687177 2.9378675293409 
-8.4792447723938 2.8947258485517 
-8.3734212826501 3.9195488342845 
-6.4715455803098 3.754860948364 
-7.7951603328958 4.2117537583427 
-8.2657979707065 2.7962381622135 
-7.2515981917439 2.6819140603882 
-7.5228450544844 4.3044991035208 
-8.6709715139587 3.0870100700373 
-6.6468493523118 3.7802194305997 
-9.0944751448573 3.6782865659788 
-6.4023468632116 3.9179521240013 
-6.8960902367266 4.0196562300746 
-8.5900859673708 4.284332203872 
-8.231204605633 4.2065546665614 
-6.0471544931358 3.0834263736916 
-6.4945551348891 2.7437505280494 
-6.3796328832779 4.0722939630687 
-8.8543222634814 3.5352874861339 
-7.2096147600611 4.3508326087084 
-8.6487438517729 3.2957642181973 
-7.3694418314588 3.0714211800357 
-7.016711009971 3.1789775102395 
-8.0004086557209 3.0514175231554 
-6.7487627080775 3.6954981796128 
-7.4863499335215 3.5377590746387 
-8.0524630094707 3.4900463358393 
-8.2461931477177 3.7484346968483 
-7.1319625603114 2.9096094462971 
-7.9001151510736 2.7007527456147 
-8.8938467545258 3.8560730370596 
-7.8232119690235 3.8204576444735 
-8.3171716736306 3.9519734343205 
-8.0489249571132 3.3087806949775 
-8.3184740417185 3.8142291469989 
-8.9612582204056 4.2858506753098 
-7.0727924505551 4.1987796204245 
-7.5049269709743 3.287491109349 
-6.8422685687357 3.4886792036397 
-6.5067807157263 3.3038092297124 
-7.6245292105151 3.7783530117348 
-6.281119657372 3.2834410725268 
-6.3772815352804 3.7079555143816 
-6.4025039860279 2.5652697314654 
-8.3981351343889 3.3257489902316 
-6.6341469217391 3.7651621460738 
-8.9525740543536 2.9510851861303 
-6.9639073146802 3.0552476361659 
-8.0551942379259 3.191636460089 
-7.601164226318 3.5125123620924 
-6.5122488713179 4.1047154033057 
-8.6816219206066 2.6458478428077 
-7.5263580472609 3.8010528709044 
-6.0739559339974 4.297192215349 
-7.9637940161302 3.6455168551614 
-8.7339123661396 4.0189115264656 
-6.7582237456293 4.2983571258863 
-5.9272867009167 4.2520764438207 
-6.3595975800796 3.6604696134258 
-6.3674509514361 2.8591042195002 
-6.7253482493667 2.4789243004034 
-8.4773808086828 4.0123858385459 
-8.8609153121736 3.9730344651357 
-7.7391803753052 3.8400059159113 
-6.1784983417537 2.5321184258575 
-6.4084331239936 2.5852047381269 
-8.5631546057718 2.9952715080589 
-8.3294812735969 2.9670099110247 
-7.4738855206517 4.3824053422151 
-8.7116550755377 2.9583011188944 
-6.0637181961526 2.717825759418 
-8.4795042658521 4.0357866220435 
-6.3482512939257 4.2500907572843 
-7.3829611697994 2.5620458639972 
-8.7573660542342 3.6392796764363 
-6.1285794148318 3.4722264055294 
-6.3713582148777 2.5872700815374 
-6.0036210036013 2.749195762519 
-6.8824826241233 2.692750037046 
-8.3807578610943 2.8745273967374 
-8.1369250012414 4.2661047275716 
-9.0038133444487 4.3139052062674 
-6.3634227118416 4.1443878271098 
-8.6820468112468 4.2375283859635 
-7.9467822330411 2.9591569288649 
-8.5391542684259 3.2484236975482 
-7.9606119424697 3.0627033819629 
-9.0936311698781 3.7723775646463 
-8.622027603304 3.8700474233243 
-8.8048283194346 4.0013295428211 
-6.4016005243411 3.3394836842099 
-7.9276572021526 3.3708634443347 
-7.4987408264704 4.2748968728523 
-8.5710149660376 2.6709984510604 
-7.5071062537732 4.0507435840951 
-8.3407643596397 3.9474088565601 
-6.8873169252122 3.7520316883144 
-6.4448352047477 4.3598219206729 
-8.8696980266 3.8497068593319 
-6.8758301728262 3.26623413237 
-7.4691766340789 3.7546690009556 
-8.2444469702239 3.2580389303431 
-7.1817252088681 3.3440600342458 
-6.0228087669992 3.6027360152348 
-8.0231174194646 3.8169304458956 
-5.9702841245843 3.4843879328369 
-9.0966540158068 4.2177298004658 
-8.7636038140463 2.871826409673 
-8.5552350499291 3.3856629608268 
-8.1009888815707 3.7271029802456 
-7.7390476863526 2.6155423369213 
-6.5721316624162 4.1228370717752 
-6.1694545934402 4.054084731499 
-6.137898027552 4.0005869214455 
-7.225653348516 2.7579252455984 
-6.4613135478415 3.3120946465638 
-8.0659541802517 3.2881875524092 
-8.541633158691 3.0007300288987 
-6.1290323832498 3.3497376527548 
-8.0442799947599 2.9900909141181 
-8.7003089636801 3.0051924439352 
-6.3000077339714 2.5103669977577 
-7.0470562833305 4.1875177618068 
-7.5590078099924 3.4255351800197 
-8.7026025582074 2.8802114791495 
-6.3614578007998 2.6033512437035 
-8.3612838660201 3.4628881380304 
-7.7778293827917 3.1271519113882 
-8.0211437449934 4.3426211377791 
-8.417268620784 3.8984389385972 
-6.9253778050217 3.2257623639245 
-8.3109760140759 3.6568895217231 
-7.860769062671 3.5887761385079 
-5.9753397096091 2.6571752185501 
-8.4476995287997 3.6822243725809 
-6.7868842407068 3.9739331522247 
-8.5815210819949 2.7504839136471 
-8.6787725966846 4.2121373329481 
-5.9802038858714 3.991969451204 
-5.9212589338418 3.0831125237787 
-6.223954424767 3.1608829581424 
-7.7009897732507 2.5893883432366 
-6.3491460962425 3.5042055255136 
-8.2185332879356 4.1057884699537 
-6.1273491158098 2.8521993515084 
-6.6873272345246 3.2425023462196 
-8.2397557304566 3.9727283141982 
-8.3495816731433 4.0174359353415 
-8.0289779526956 3.2583212733747 
-7.9835560720003 3.7500171093577 
-7.8571472376057 2.9117203963206 
-7.6012201526834 3.1555975331498 
-6.3659610720232 3.1375539165106 
-6.2582257984598 3.9975732384973 
-7.4548336177054 2.6446155423898 
-7.9505431615004 4.3468140736514 
-7.0863458157091 3.6551363777901 
-7.8764262270991 2.8625939239619 
-8.353044305137 2.9792657211751 
-8.1423727010726 2.6135678367013 
-6.6339825120957 3.0068928638045 
-6.6544802558413 3.9072447093117 
-8.0096665516409 3.2790678928365 
-6.1662934188206 4.1249249622322 
-6.9823038253757 4.1442073544643 
-8.8867344514393 2.6583210506407 
-7.9920980037649 2.690992885328 
-9.0948404783377 2.8332457708925 
-5.9733059195567 2.6198132151146 
-6.3419612664446 3.1076626100201 
-6.5060028961555 2.508333300766 
-8.4069877960324 4.2606068222918 
-8.7862065340585 3.6377436552955 
-6.0357127261261 3.3281811610357 
-8.212494208969 2.639198519492 
-6.1340791047046 4.2575590909533 
-8.0084550117278 4.0341783294099 
-8.0920764069833 2.8025452873938 
-6.2317674781924 4.1409073345265 
-6.1920587290482 3.5374542116885 
-6.5792752410344 2.8017046173635 
-7.2932424161132 2.7984270107332 
-7.7448764543095 3.6541183537215 
-6.6262201223635 3.6618913376309 
-6.3836035332319 3.4790409168397 
-7.7672967932531 3.9960216724228 
-5.9506954245549 3.9420676973855 
-7.1775881425944 4.0110613893219 
-8.417648535937 4.353793797269 
-6.811892290609 3.4792530515806 
-9.098265645418 2.5696218615009 
-6.4969823165577 2.4631965339769 
-6.1472891580267 2.5306005544826 
-9.0397520602413 3.4746332027302 
-6.3201354997444 2.5981459717872 
-6.681653823417 4.19262493927 
-6.8642050713836 4.0841402610648 
-7.6370523331129 3.9753718497767 
-7.6091138283962 2.6524938779046 
-8.9591811784 2.4517787040669 
-6.4875646154588 3.0813571294226 
-8.9345708287512 3.3754799836428 
-7.218712981628 2.8472793535908 
-7.8577920667162 3.2533576239102 
-7.2088147347944 2.7099024160436 
-7.5381871472464 3.5035948434528 
-6.6826055392276 2.6521470080403 
-7.5052386051588 3.080300319428 
-9.1045623900737 3.7182297523326 
-8.1932120619681 3.3766317140452 
-8.5657316684639 2.9665865458034 
-6.6325110079842 2.5478945094119 
-6.2629294695503 2.808783617357 
-7.3822211505814 3.7496741462509 
-6.7074335236731 2.4553599260442 
-6.229910343833 3.448336716514 
-7.9415224014656 3.9939846580044 
-7.7843043736104 2.5068629973958 
-7.0410766223682 4.263163163036 
-8.2288409926133 3.8851876218091 
-6.9723223306507 2.9488905084942 
-8.6577437820683 3.1239617766624 
-8.2161028380669 3.7919420100654 
-8.0956674787882 3.8479919761471 
-5.9571205408798 2.531103058789 
-7.7376809156515 3.0832268095679 
-6.8802054858356 3.8681735225111 
-7.7992930500416 3.06136653168 
-8.7715031032137 3.1439882611774 
-8.4454605262069 3.4420650375009 
-6.6628700954186 3.3754495232226 
-6.0409671330576 2.5345892665684 
-8.3885946877029 4.1219680906293 
-8.6618342710728 2.4416285117097 
-8.8447347745916 4.3628542862178 
-7.6339555284279 3.5438879443354 
-7.2235102048497 3.4169319910331 
-7.3557293256451 3.479323378639 
-6.9650723000795 2.7805256309585 
-8.5132819472411 3.7537761594444 
-7.812483045092 3.3943313907187 
-6.1317043638347 3.9555144689256 
-6.1219089730283 2.7416590428387 
-8.4497512503162 3.7264932187283 
-9.0765687214757 3.3938351281322 
-8.5056476067931 4.1920294109866 
-7.2868089053488 3.8212221136243 
-6.5181578937429 2.6591474272159 
-6.7484860074147 3.3003793820032 
-7.0771362718073 2.9469167717682 
-6.3769832450333 2.763450720488 
-8.7113917961304 2.6099544880237 
-9.0037470260169 3.5111207832585 
-7.3721202047269 4.2127563305848 
-6.0153819854218 3.7775868443314 
-7.9866016365468 4.2774469323898 
-8.2750259675225 2.830589295287 
-8.9579042377552 3.6553443474591 
-6.7619346736257 4.3168304752541 
-6.6506838612133 3.3025682086002 
-6.3395942125535 3.5510360205003 
-6.1914665714553 2.8404883228305 
-6.9895127239682 3.6527397862911 
-8.874871934257 2.6684464723351 
-7.9640451646475 3.5998076817222 
-7.664769849707 3.9853352910682 
-8.7360512847446 4.2152177577918 
-8.6499045146598 2.9808559280749 
-8.6174402918998 3.625332212387 
-7.840464717321 2.8332148451265 
-5.9377467779123 4.1174552181158 
-8.416906102572 3.0234806226437 
-7.1031309998974 2.706118769694 
-8.6006476504809 4.3071317168541 
-7.2023200785335 3.2284634796967 
-8.1917319067201 3.089322664003 
-6.3810191131381 3.2785140187841 
-7.6192849346745 3.0865452776811 
-5.9907860051719 3.183299610808 
-7.0226607541931 4.3235881961335 
-6.7410549296125 3.383926815459 
-8.0342433730338 3.3690913766168 
-6.073173677865 2.8735883162387 
-6.672642299104 2.5745076790713 
-7.0408775579997 3.6936617481045 
-7.047963640218 2.805064034008 
-7.3260151302573 3.5820268789245 
-6.9852048011871 3.3225776053258 
-8.1664968644429 3.3212707000077 
-6.1570264472906 4.1347361900221 
-6.733162951269 3.1576016090754 
-8.4083673747982 3.0463732943501 
-9.0581761131339 4.0847547752599 
-8.3239251163141 3.5378715163585 
-5.9578651024344 2.7548523325914 
-7.7274568552955 3.5337210484652 
-8.7737471796809 2.5929269720821 
-7.4511266564792 3.7188040848455 
-7.4499888606777 3.4772670705092 
-6.3834924285751 4.3287069233758 
-5.9332350202819 4.1766550009501 
-7.4247165074891 4.3559471030832 
-6.6148809095559 3.3786078747255 
-8.0099832389628 2.7210699537249 
-6.9601776432282 2.8673274966657 
-6.5044725543281 2.8660067153336 
-8.9778305985565 3.261228950706 
-7.7218286533249 3.3006962776628 
-7.721410798785 3.1757115554108 
-8.7195670809778 4.0909472201776 
-7.4451470402322 4.0075879520888 
-8.4399108220807 3.5232689720229 
-7.1756176351336 3.2424373359774 
-7.2382028772069 2.7145753882441 
-7.1507119142614 3.8826508920434 
-7.6755048094319 2.4796127559584 
-6.2359539690329 3.152647891164 
-7.8950108405451 3.522099556042 
-7.713454896587 2.4729632711285 
-8.3204589706714 2.5902328721669 
-9.093919861209 2.8039700685312 
-7.5092588204902 2.8381979146461 
-7.8941402754064 3.9545585302418 
-8.5508026717563 4.0235925739691 
-7.8779603576584 2.5394092415416 
-8.2803847340899 2.6281543837769 
-8.3041960081829 3.859242245477 
-6.4830646707724 3.1929277635379 
-6.8950036060256 2.9072748768274 
-7.7507696360239 3.5308305555573 
-8.0011961194609 2.523893935647 
-8.8053622961565 2.5503629799127 
-6.0616600497126 2.91817447563 
-8.1431666687147 3.1440327253327 
-9.0681430206175 2.5930763439616 
-7.0860963496032 4.3756433165561 
-6.3457120231615 3.9320192321317 
-9.0530184676977 2.8640052206268 
-6.3951542623866 3.4502356737591 
-8.9277181721111 2.5990732553048 
-6.5280147309442 3.710386579427 
-7.0352575596799 3.8191837427711 
-7.7582928798428 2.8621663144766 
-6.4466822505658 2.9624025659169 
-7.2752658682267 2.5109831196412 
-8.6757680973954 3.7550548345734 
-8.2087981323482 3.7260922929596 
-9.1012282837136 3.9062909316788 
-8.4206471311277 3.6436941847727 
-7.3676925793118 3.0230683361222 
-7.4374702282055 4.0937432296222 
-6.5295886972614 3.3454182305213 
-6.6745268162275 3.219662608992 
-8.1805245879586 4.2023905353937 
-7.9025549818039 4.2371815753524 
-8.2320981392932 3.4955217747948 
-7.2218880835506 2.4792425321575 
-6.0634339254611 3.3316640845522 
-8.9353890617102 2.7234286057107 
-8.4068762344274 3.6455557779733 
-8.4739670307081 2.5591191079403 
-6.5713277079063 2.574330857875 
-7.835408372047 2.9351636962136 
-5.9574072105445 2.8048791525606 
-7.9376516455406 3.1765615595297 
-8.1731745562171 4.0952490574879 
-7.6325268196414 3.829745849443 
-7.066535485437 3.1710631269942 
-6.6721428557754 3.6103208300624 
-8.8635574023096 3.2082263685574 
-6.3272592475103 3.8389801827509 
-8.9253539989562 2.7070773022646 
-8.8513314794366 3.6344212022995 
-7.297467329276 2.6172501353893 
-6.3265660213855 2.7216443975686 
-6.7678986696725 3.3390399511604 
-6.8416153782572 2.8312469297419 
-8.1708849357759 2.7205720574013 
-6.4592832622416 4.2842823029336 
-7.5550891699461 4.0388712688053 
-8.0620125829125 3.5001878359335 
-6.720166498489 2.9950061583315 
-6.9542355330966 2.8288861083064 
-7.9473770638042 3.0870263766536 
-6.8802613298656 4.156522243879 
-8.8870550064793 3.1027873980774 
-8.4604437279044 2.5011176133098 
-8.2214151902946 3.5784948145447 
-6.8782770063704 3.7754939518067 
-6.2794021273888 2.7091114320236 
-5.9235249532437 2.8793685125145 
-6.2114132884707 4.1893607141756 
-8.2155076149333 2.4432635591352 
-6.6626079777948 3.4875161145396 
-6.0650508348778 3.134868658489 
-7.9672750856291 2.969205945825 
-5.9097820480518 2.8189229209245 
-8.9322369775119 3.6723908732351 
-7.3047920039337 4.2260002205006 
-7.6027045223565 2.7090425180039 
-6.7021692866083 3.980610849484 
-8.629606412553 3.5839566364594 
-6.0449474363284 3.2593271263716 
-8.8629145188819 4.1868393174883 
-6.3429072106668 3.6636115603954 
-6.8575014116694 3.5193850068494 
-6.9654888188182 4.2207904987671 
-7.377494058341 3.3238059915673 
-8.027914932395 3.6757712412672 
-6.5665308119473 3.9570659199631 
-8.4700893215608 4.271040448445 
-8.5277475740611 3.0904461795628 
-8.7940357301053 3.5779498494204 
-6.3818704610767 2.5277008675419 
-7.8159877559122 3.5339325168492 
-6.3501799864891 4.1428764585319 
-8.6331736888009 2.8111699527809 
-7.2332769742103 3.6203151603703 
-6.9214697771837 4.0341324586083 
-8.6464772676947 3.0694526679396 
-7.099617420027 3.9525662269981 
-6.0847921792718 2.5158211660976 
-6.2233117573462 3.094067731225 
-7.2313018420519 2.4742390471061 
-7.6375913921618 3.5159370656508 
-6.449529921928 4.1719177236048 
-8.6236798303322 3.2101032692777 
-7.809966776172 4.2481941159086 
-8.2220321688051 2.4980286338637 
-6.7618919360886 3.1653739049895 
-6.8687733285229 2.9571408439712 
-6.1647722341195 2.7246713569634 
-6.3928627772569 3.3873383536288 
-7.3202487620043 3.0735273831578 
-8.1247357644785 2.744366956452 
-7.9693411504653 2.7010707730533 
-5.9928672712453 3.4137553983733 
-6.4117356058637 2.5597627603969 
-7.8555355475625 3.0483628832151 
-6.5274772577363 3.9362747147771 
-6.1287180174576 2.9711628028187 
-8.6873823678981 3.7530606256281 
-7.1078227801324 4.1889245862872 
-8.6207113618142 3.7165917894021 
-8.0820682101027 3.0821203483185 
-8.1349129014612 4.32899363634 
-8.1585444355785 4.1840463216784 
-8.1578468600535 4.207894045259 
-8.3937927440127 4.1236505269379 
-7.7688343053946 4.1761252982449 
-6.6924214349292 3.9225266941794 
-6.4349340430792 3.1948136637639 
-6.1432227464238 2.9282930374759 
-6.005316500872 3.5412410998975 
-6.3399807149515 3.6997586622573 
-8.3832894341515 3.7716716688476 
-9.0230038768315 3.2770861278244 
-6.0198853816807 4.0542911931358 
-6.4606264492071 3.6443274760192 
-9.0013505306816 3.7869488649658 
-8.827171879049 3.4266163902989 
-8.797561870585 3.3001068697205 
-7.5378325744481 2.7024981560428 
-5.9406034376938 3.6770429239011 
-7.7973638319078 3.8872787842333 
-7.3966438058831 3.6812926423427 
-8.3111557160946 2.9451143806172 
-8.8110739226052 3.3922151753398 
-6.3333490843343 3.5609525217476 
-8.7771736633186 4.1918409224738 
-6.3212359503788 3.5135004157195 
-6.6006270836452 3.571208075331 
-8.1562549408513 2.8681659191404 
-6.6486141306112 3.9779691592259 
-6.7420759661082 3.0114967583527 
-7.3588184310121 3.8124899814616 
-6.701221846041 3.3037930393526 
-6.9559989860873 3.9037264092962 
-8.1750679455189 2.7910374347169 
-6.3816865373393 2.4588275076472 
-7.3026619463518 3.5932124607987 
-6.6484515324115 3.4629437578261 
-7.7951165260409 3.0844728087153 
-7.3631087458073 4.1945707416412 
-6.7654860210728 3.4773618805637 
-8.5753171192611 2.5450964443977 
-8.0678073214832 3.2670061290021 
-8.4429391228737 3.4449242967878 
-7.2634939764229 3.4219014358034 
-6.166814615267 3.596422080502 
-6.6808027950284 2.4860448061144 
-7.9523582830698 2.8819295898736 
-8.8001626741493 2.4673544450831 
-7.3812648731932 4.0226664874589 
-8.1813626829036 2.8305322212346 
-7.2335885793402 3.7781308809005 
-6.899898705329 4.1171975688365 
-7.9578927749058 3.5212718216035 
-7.2569272114182 3.1033510229604 
-9.0429653963101 4.3460099918283 
-8.7429116519982 2.4721962066777 
-8.7278094134957 2.5639535924305 
-5.9572747148822 4.0495021484993 
-6.6337067542562 3.3171914621367 
-5.9070911843349 3.3818202601483 
-8.6432589338818 2.954226438778 
-7.3551274228908 3.0218556272132 
-6.2208946053666 4.2098258644991 
-8.1145408552293 3.5497871161398 
-6.215957507123 2.4568212245926 
-8.7436621524646 2.649834235301 
-6.9014603108325 3.9770183304458 
-7.7421520907229 4.0877207554428 
-6.9019080362244 3.392807491892 
-5.9549661422035 4.1642282700298 
-6.5848901444544 2.7990484842385 
-6.7293896291076 4.0412502284421 
-8.9494761297132 2.7878249636026 
-7.4928619059494 4.3854406299945 
-6.3498768822623 4.3254828138035 
-8.2726182025233 2.6780864291182 
-7.7391406280021 3.2964218831808 
-6.1126457959802 2.6209236630202 
-7.5896488334627 3.4676627552945 
-8.8530605880216 3.7054517597488 
-7.9828004195297 3.4919413264464 
-7.7843514513803 3.8388560762213 
-8.8106910319045 2.7872522485911 
-8.5535086972511 4.2618860026658 
-7.1605482205272 3.7913170505566 
-8.6971966198107 2.4978299622626 
-9.0323536465717 3.186835660801 
-8.8368877814279 4.2879450136475 
-6.302826400815 3.839215540106 
-7.1524389531326 4.2745366725204 
-8.021094135077 3.7978697324559 
-8.2135516777335 3.1935273721595 
-8.1313846391479 3.7826817693091 
-9.0496130154757 3.7095926947003 
-9.1098568451975 3.9957957509874 
-6.6449126997755 3.7283289302609 
-8.7836202931669 4.1394032781492 
-6.7887356305477 3.3505336305246 
-8.1211714061202 4.1206091001121 
-6.3792059822054 3.9583757744551 
-8.4369099772416 2.9038931450204 
-8.9911070473365 2.6397299291852 
-8.6315268732535 2.9026792932765 
-7.9108587420023 2.5615957081256 
-8.5937136692837 3.0682675310659 
-8.0118366285962 3.2025620348135 
-8.0838557557612 2.6703494667453 
-8.7339273008742 4.0114979593157 
-9.0727170276106 2.4446361601883 
-7.8313512785125 4.0051069873593 
-6.9835902454447 4.0496028272761 
-6.7093167694086 3.6812460664296 
-6.5405295725281 3.9647601011378 
-6.8228561867529 2.7149387997303 
-8.4833891169944 3.9603043682856 
-8.4024567587082 3.0124059520711 
-6.0184956244051 3.6258671151398 
-6.6675816091879 2.6530817451206 
-7.2639132910998 3.0487329861561 
-7.3479479386739 2.9747085544031 
-6.1520353615689 3.9195638781805 
-6.4728118841413 2.4475311737677 
-7.7966490592802 3.3684003540226 
-6.6384856144013 3.8143099454256 
-8.7263052450929 4.1267964284512 
-7.7982761209377 2.8638455136116 
-6.5981776456844 2.9049585234896 
-7.0109360980689 2.7275160074654 
-8.294738865025 2.9995517643045 
-6.1338478837485 4.3236847043285 
-7.0986298626351 3.2622463200173 
-7.0043442205264 3.6695170906418 
-7.6273033642326 4.296006476048 
-7.2845229755257 3.3461244479044 
-8.9522848617913 2.4898427284048 
-8.8674495478737 3.1725139006812 
-6.7701842085984 3.0955718831821 
-8.0955341949275 3.6966183792586 
-8.9231118397594 3.7828312931843 
-7.6719714154204 3.4327421510357 
-8.5295310824121 3.1887125386877 
-7.8057139552263 4.1263508755818 
-7.3190160396547 3.6684459783639 
-8.4601102460619 3.6872410003058 
-7.9010945503546 4.0078335928142 
-7.8172290441575 3.5742222509291 
-7.3428557683637 2.9390896129968 
-6.5181948670221 4.1911383334824 
-7.6512650366333 2.8952503945339 
-8.6303890967336 4.3062150074175 
-6.3949782223784 3.4831399076387 
-7.0307050268766 2.9198269942916 
-7.4298544313021 4.037510597885 
-6.7439688683921 4.0454076240164 
-6.3086017603578 2.9151961200045 
-8.0204845526647 3.1078033135518 
-6.8386835693826 3.7288008613336 
-6.8928214184567 3.3046488423677 
-6.8808474632753 3.0830167963258 
-6.9730212132603 4.014780357702 
-6.5555686167661 3.1861495576105 
-6.3062359975452 3.5076932096797 
-8.6222886799239 3.6327953223556 
-7.0380990430525 3.0469166290566 
-8.1217938110475 2.7999951775238 
-6.0969195595369 3.4239944290808 
-6.2066584746989 2.8892014913822 
-7.0362347764588 3.7186271502474 
-6.8060015247015 3.2898010302562 
-6.9171464227434 2.8536461222732 
-9.0018876406019 3.8076016535579 
-8.9164513650588 3.0924508384578 
-7.8976771159017 2.998152693261 
-8.7569846673572 4.086782812891 
-6.6639051085037 2.8566991088597 
-6.0452839495755 2.5670099758209 
-7.5062133486423 2.4570267077855 
-7.7180924000131 3.4518253241158 
-5.9323005697551 2.8806125050871 
-5.9300341099428 3.329784412033 
-7.5906501121961 2.7098501778652 
-7.0401250107999 3.3430325438453 
-7.0654954729272 2.6617620487601 
-8.9058164370456 2.6989065091856 
-8.817089885728 3.5053870454426 
-8.5326837073284 2.6111746195817 
-6.4261341393804 3.9763807312834 
-6.2143329720807 2.8927892939397 
-6.81765989363 3.4745294860325 
-6.0647316672297 2.4951847844042 
-8.8225846030376 2.9801563743818 
-8.6303409462415 3.6099358416521 
-7.1339190943869 3.5684653957935 
-7.5693521494861 4.2830694982064 
-7.881828616047 3.6977214742206 
-7.6292108734102 2.8777462298316 
-6.274811135588 4.3217708296413 
-8.1969340201237 4.3801428027791 
-6.5374228532493 2.4919063736222 
-7.7052800945011 2.8327303046213 
-8.4403594320584 4.3120044572187 
-9.051318079304 3.8162714652864 
-8.9801135413911 3.1754785321427 
-8.1862781415183 2.6271587680834 
-6.506646116284 4.1683352387816 
-7.2452414997451 3.5616773229104 
-7.3873402030529 3.624740941838 
-7.8914709908406 4.2438252160072 
-8.3844210047864 3.1331291258826 
-8.4710998936329 3.992469225324 
-8.1025969449622 2.7374241661439 
-5.9130345673654 2.8026089674491 
-8.1990316185921 2.556442962751 
-7.9421811349879 4.1804625025387 
-7.3717274064149 3.376253013477 
-7.7938881014636 3.3008799210485 
-7.1673701909692 3.2405655644824 
-6.3758877996296 2.7216083039771 
-9.1009737202608 3.1925004809554 
-6.7581431571892 3.7444533854416 
-6.4327630972701 3.6825207637205 
-7.2472079461228 3.828514393219 
-7.6099467360905 4.2699177018865 
-7.4333795836677 3.8410392430152 
-7.9199498933191 3.8221764034511 
-6.5273589572898 4.0997519800083 
-7.6150214222477 4.0430960495196 
-6.914135734066 4.1071357671703 
-6.9670106896105 3.857819410557 
-8.8200324347933 3.1256120538184 
-8.1343165199598 4.0630468760881 
-7.8366211855642 3.9077689304329 
-8.4570095490178 4.1313744777179 
-8.4430678275762 2.4481964836121 
-6.3124115552885 2.561662395123 
-6.5275167271671 2.9891162826974 
-7.8362229483716 4.1843866252455 
-6.3802125350719 2.6320383759382 
-6.2493764124591 2.4498542464824 
-8.0215496019092 3.5339676821391 
-7.4634598833081 3.7686460380049 
-7.8882959442173 3.9202319330753 
-6.9470434627138 2.5243677663387 
-8.6994510398836 4.1442150741831 
-6.8627635551833 2.9917245542206 
-6.3649256275735 3.0831942227457 
-6.1533078705609 4.2009554230488 
-8.4359895327604 4.3083531915995 
-7.144536368404 2.7727987185509 
-8.4064866836803 4.3286035917412 
-8.762552134738 2.677224087772 
-8.914045466729 3.1706287247665 
-8.0276835612087 3.6270182640796 
-6.7499486567948 3.6843482368479 
-6.4262567697637 3.0878230879469 
-7.881325840965 3.8861147306483 
-8.6714941203126 3.4984215975333 
-6.129825238404 4.3618331827471 
-7.1596263791087 2.4856506271116 
-6.1447676363938 2.7544176764494 
-6.3290920898571 2.7197240822479 
-8.9969819382235 3.5091052360851 
-7.2794011554248 3.3871058591227 
-7.0974252262706 3.7899222367474 
-7.7849258151429 2.7584408875058 
-8.062056996042 4.036563741145 
-9.0897484850963 3.9375157427466 
-8.1531346495079 4.3343994111263 
-7.4172816239564 4.2983338188853 
-6.9177346428324 3.300177961226 
-7.0463690882374 4.3338828817035 
-7.7051572524001 2.5707848653061 
-8.7325684785011 3.5653073653911 
-6.0853325752095 3.272806930808 
-7.2911224413573 2.995733916283 
-8.5676751004731 3.6251780034323 
-8.3615497835742 3.6002399975281 
-8.8454920951088 3.3211086620012 
-7.1553254477127 3.2423658157866 
-6.467575497691 3.7919283194136 
-8.8922567343838 2.6107737344711 
-8.1080650010802 4.0983138316011 
-5.9806337996088 4.2103116770563 
-7.3651223930617 3.2158065924736 
-6.9983089402241 2.5060147658351 
-8.6656712078007 3.6185042684012 
-7.9616718193929 3.5026674602122 
-9.0436423153635 3.6374688630183 
-7.2591960819617 2.7970161546424 
-8.2870153220632 3.2170236340969 
-9.088263270191 4.1129332838605 
-8.9770464915884 2.833091366596 
-5.9733972004756 3.7192535755061 
-7.5475483819115 3.8615038247647 
-6.3482329794553 3.5200619193842 
-7.5148114553527 3.4466880149682 
-6.4220992208706 3.3455781353368 
-6.5285263234289 4.0092569175992 
-8.2772245852218 2.8202880143627 
-8.7385395253865 3.6364989948304 
-5.9115242239389 4.210885142956 
-7.0268598235803 3.099039112869 
-6.7507489819116 4.1924888540649 
-7.4850861441681 3.1593129138556 
-7.549999101682 3.8756271218288 
-8.1480870574266 4.1848452051292 
-6.3349878088341 3.3026726677374 
-7.6439811896138 3.1497194909747 
-6.9510144087163 2.4804150783452 
-8.9904274621796 2.8746656507527 
-7.0048423984379 3.4610317474008 
-9.0858127245185 4.1748971047 
-7.3704214713027 4.2359803814035 
-7.6187086546919 2.7645525619908 
-6.5814594085493 2.6355840255445 
-9.0522185464568 3.4192534097926 
-6.4088804253707 3.6759775742648 
-6.4193648466117 3.9539349010792 
-7.8961216592444 3.2958922469245 
-9.0813286471786 3.2872837172769 
-8.5435468518804 4.025309515981 
-6.3216352866438 4.3704676386328 
-6.7716001347424 3.1144448707346 
-8.8432282083569 3.0290280721099 
-8.3739488434497 2.4491973376003 
-8.5305628640716 3.7828584392184 
-6.8343599787535 3.7356826939358 
-7.4163744964301 3.513110834345 
-7.4385167382971 3.4664542351865 
-8.0315603388089 3.852545022112 
-7.8374010256026 3.1828473575921 
-8.7733669004997 3.2047039773052 
-7.6404026148582 2.6145312507081 
-6.4154680129774 3.0026013021358 
-6.8975151608078 3.621404849567 
-7.8966512480833 3.3463604110152 
-7.1056491720036 3.26794726771 
-8.1865891931253 3.8361307106317 
-8.4407967209799 3.3162758605271 
-8.8860880152131 3.2633985479167 
-8.6536089191799 3.157303817643 
-6.1809449160034 4.2625657697344 
-6.5084671286423 2.4488295687324 
-8.0831903423456 2.7944952278691 
-7.6699522310339 2.7028911835218 
-8.7849884859576 4.349953258875 
-5.9971136400799 3.0952950786341 
-6.2351929478155 3.5342273601099 
-9.0415432622044 3.1306739212963 
-6.8179627412353 3.9581338004216 
-6.2512889935753 3.7616318315362 
-7.8117061806258 3.7749201055997 
-9.0320734892605 3.2341446177149 
-8.2964423757394 3.8547860558023 
-7.9237410812879 3.4895290288025 
-8.4538078154451 3.1378495071069 
-7.3800527282685 2.5536863542755 
-7.7206852180685 3.766642986955 
-6.0419412280785 4.1999470525792 
-6.8121318240521 4.1650891782969 
-6.8647005170113 2.9008252622188 
-7.1178350017537 3.3070447700093 
-7.0762642543289 2.6516978334699 
-7.969579502751 3.1035847458933 
-6.2349038820547 3.8023692358172 
-6.3711997242806 3.1989095188608 
-8.703596127857 2.8013707363145 
-7.544481904901 2.8242788608452 
-7.1478087721227 3.2791405716017 
-8.2551174203429 3.6258893991883 
-8.8529634544039 3.693804552137 
-6.9611695625742 3.5180346353921 
-7.4583359325115 2.6714857104046 
-8.2880939856763 2.7843333512037 
-8.2134931241119 4.3103949012327 
-8.8664016141312 3.3664559437538 
-6.1084780820052 2.6441888155417 
-8.4036734117719 2.6086683535677 
-6.2360015109519 2.4715827415902 
-5.9228188032447 3.2608218304397 
-8.1624455447007 2.7838937292313 
-7.0062173056191 2.9882215233321 
-6.6776146393133 4.1572979937276 
-7.628664503893 2.6378436111294 
-7.3679894207417 2.540973430849 
-8.4424376451728 2.7336312317777 
-7.3517938612872 3.8723396592963 
