2.4220005679824 -2.0199987910494 
3.3829478967032 -2.5658073908442 
3.4891428325882 -2.4976807902036 
2.7276781063201 -3.1825102607871 
2.240281515315 -2.0985219051101 
4.8234322391793 -2.1086861614198 
4.9427694509238 -3.5698730776758 
2.6057728343332 -3.4936274767795 
2.0229731683745 -2.8145115432889 
4.6170283859768 -3.9850840956625 
2.1512730990333 -2.5613881911614 
2.5772628910279 -3.4122043630379 
3.0252214191764 -2.242560019276 
2.1059772725283 -3.9337292034471 
5.2900697153644 -3.3170295927397 
4.0964427216934 -2.2498048064571 
2.825227057791 -2.614102340115 
2.8774545122053 -3.5352353287484 
5.0196977189165 -2.0496071285546 
2.5416988616086 -3.510188151214 
4.4031934130891 -3.8944286738943 
2.4415719546574 -2.3955511837743 
2.0703882961245 -2.7854272549719 
3.2014048905018 -3.8833756573296 
5.0741284935932 -2.3168925087043 
4.0457242774923 -2.498900735469 
4.0206310245026 -3.8821486887338 
4.3779302460555 -4.3057185014596 
2.4021719451819 -2.192663623396 
4.4425027953042 -2.0439031281148 
1.8098328733431 -2.0017799281925 
4.7816050551669 -3.898158783073 
2.0243546442092 -2.2487219085871 
2.6676059984088 -2.6450081931364 
3.6539160579248 -3.8434108671234 
2.4604082083573 -2.0472931429212 
2.2741108485255 -4.2015055718134 
5.1120814922427 -2.6971345100695 
2.9137765095197 -2.3345560512476 
3.4423259785694 -3.6736372003054 
1.797052739231 -4.327858313978 
2.6094940250251 -3.3829085481937 
3.9416484638746 -4.3348413410219 
4.1131720475067 -3.2139572477255 
2.4768831439628 -3.5415123684756 
3.6517616040736 -2.3980897046973 
3.5985898501979 -3.0766009028241 
4.3973643651995 -3.7566314910097 
2.0143537204107 -4.1327132810381 
2.5061436720492 -2.8551177887615 
2.7511422435209 -3.6483225336551 
2.5084445862132 -2.8999714229781 
4.672433988683 -2.4670376640203 
4.5306818822833 -3.93343125474 
4.7939093474123 -2.1360829196828 
2.2856039828714 -3.40462430284 
1.905483405426 -2.3423984488662 
3.8362484982391 -1.9416999318102 
2.3722010292392 -3.2111403327399 
3.1623252158843 -4.1229443271614 
2.3911129073134 -3.2986158055449 
3.915754995932 -2.1877392236721 
3.9631668328501 -2.3018815633249 
4.420730119322 -3.3424675560836 
4.6233244345789 -3.9162485284807 
4.7235062471961 -3.5238820428972 
5.2752702993829 -3.2535018993533 
4.1639679922133 -3.5193947843403 
2.7238484880795 -2.4714362769836 
4.4534704405098 -1.9745995595952 
4.3112364988294 -2.3431300407096 
1.9238587811658 -3.5731050656933 
2.2963052307135 -4.0818658928416 
2.8552003182218 -3.9488175575073 
4.9859629534164 -2.9112526495987 
5.0518496788499 -3.7726768033695 
3.7949143768522 -2.477717800545 
3.7945259331282 -2.4678588295189 
3.7235224180654 -2.13824005533 
1.923903109 -2.0987114164128 
4.9774961303065 -2.9007104368583 
4.1283114819903 -2.8469551160417 
3.8061647711236 -2.9775314817224 
2.6769345972095 -3.6290478714173 
2.2134551838543 -2.6450158527894 
3.9058398111654 -2.5654527230642 
3.5759780291467 -1.9756308052973 
4.0421520028133 -2.5246531221553 
2.3656502451927 -2.2885206632431 
3.7614592045104 -2.6335079956961 
2.0080397091955 -3.4202730874122 
1.8560675558094 -2.17320036002 
4.8631282969007 -2.9646302509475 
2.2962321364239 -2.3450586888383 
3.3261375708375 -4.239362238669 
1.9090001536367 -2.555185176608 
2.4210234756081 -3.1015570102225 
2.087129735267 -2.3535608514743 
3.0388362914238 -1.9945572921558 
4.4638750807691 -4.2958512580959 
2.6902219981399 -3.2098576670109 
3.848043250991 -4.311906767971 
5.2125599363479 -2.5971490741671 
4.7448531439729 -3.7298652074029 
1.9176476891566 -2.8839989741845 
5.296845246226 -3.8477142831162 
3.0494694392593 -2.5762619381828 
3.4024454715579 -2.304413828933 
2.4561420934403 -2.5483663641456 
1.804502820985 -3.3938541459689 
3.1691399805801 -3.5966552812524 
4.7395125174667 -2.7295611798183 
4.8370192482771 -3.9120502259933 
2.8654784822808 -2.0327654184405 
2.5373339438364 -2.1116097468906 
5.0516455192208 -3.01277322738 
2.1270545179396 -2.2344725188075 
2.438936466369 -3.0635549903936 
3.5762899343838 -2.4845307598604 
2.6581140534353 -4.1846158263328 
4.2802944903841 -4.3369975291127 
4.4512475969081 -3.5390528767421 
2.7617806160868 -2.2384964954352 
3.174439495591 -3.9944161648593 
4.2294706460295 -3.1552203850321 
4.2565920986191 -3.1710563843544 
3.0177324561545 -3.3492260755123 
1.9061245395434 -4.3436149385617 
3.2258528332204 -2.6051155545077 
5.2975369479557 -3.7545862614785 
4.3034932786385 -3.8445769040451 
1.7997281728399 -2.1943951492611 
2.7607119111404 -3.189983631113 
3.405603434807 -3.4289200103853 
2.4373029852345 -3.8764864404744 
3.7373389530405 -2.2896722275513 
4.3532168556515 -3.0731242170042 
5.0766073369426 -4.0841173191689 
2.9965221500113 -4.3047040784184 
5.2873319780846 -3.6726656824055 
4.3244213520627 -4.4461062959079 
2.352276081592 -2.2250766814485 
5.1113831178151 -2.1519920454637 
3.4231466576333 -3.2613371136685 
2.0390827470673 -2.8434754074686 
3.7617890908321 -3.3037407672026 
2.1582478834599 -4.2536606617886 
4.0124488422991 -2.0170374339839 
2.2970242192331 -2.2972881195739 
4.437450490271 -1.9764618265585 
4.8949357524439 -3.4730101651488 
1.8419181226283 -3.8899176186317 
3.6457253164745 -2.6957781572483 
3.3581025613118 -2.8686212495159 
4.8328188042014 -2.7999322582467 
2.2210574857958 -4.2969944647229 
3.9852505034722 -3.1868280402955 
1.9918402559441 -2.2133352112896 
4.2492306691153 -2.5641757398808 
4.8837964281262 -2.191606820333 
4.4961639148917 -2.378877763533 
3.2177464370549 -2.0189416965346 
3.3298024418653 -3.0201826530576 
2.2929809641528 -3.080507995704 
3.2463073227681 -1.9914739065748 
3.2513173316377 -2.5733210189184 
2.0663470248518 -2.2659582166156 
4.827204788632 -3.9335913419702 
4.5865670581403 -2.1356265308627 
4.6680294366555 -2.2724931326747 
2.8222622278071 -3.8479244042472 
2.1805885959222 -1.9706757247217 
2.145708107566 -3.9751435598641 
2.6855414805208 -3.0785028845082 
2.0535820643119 -2.3021402645722 
2.0341347366645 -2.8041993889303 
3.1152518207133 -2.548458973651 
5.1373042592898 -3.1439980216473 
3.8698801061652 -2.1574760019409 
3.9654126771194 -3.5642605678104 
3.0836405165703 -2.9761508559314 
3.7707449607502 -3.4366286142779 
5.0195887520689 -3.337628003289 
3.0085912402631 -3.3349344196101 
3.3482368526693 -4.1677106036895 
4.5666639766556 -2.2451730621287 
2.2532822219536 -4.3847619137344 
1.9114829494498 -2.9629785191253 
2.5155654894 -2.7869007693355 
5.2041277521193 -2.5406011343171 
3.3970761883383 -3.3929905818727 
3.4516202973034 -2.9353805519036 
3.1700253675335 -2.8810396682551 
2.3235198194639 -4.4651792320765 
3.2468439334919 -3.02335308524 
3.4856516845862 -2.6116841392187 
2.5828516992791 -3.3281333440511 
2.6354385135045 -3.3467995682042 
4.7793869608923 -3.6494378477278 
3.6209234887508 -2.546876288504 
3.1171001703786 -2.5078035390444 
3.1405715857295 -2.3340749950837 
2.7850237730057 -3.3019071629727 
3.4529829778512 -2.0894380876795 
4.252476027068 -2.645077788952 
4.3054698723964 -4.1527412727753 
2.7933757369095 -2.465710133977 
3.7907732630353 -3.5883772876459 
3.2095639853288 -4.192411971693 
2.8257703868262 -2.4931761280219 
3.9719236725792 -2.5874370885065 
2.9088224159013 -2.2326053953988 
2.3869381289879 -2.250933780579 
4.8493925719321 -3.9097670973726 
4.9242995094017 -3.6952439731658 
2.2918598047653 -3.7755471598062 
1.8106621959013 -2.7755021280696 
1.9033616959408 -1.9367068646468 
4.9136570637542 -3.1207891529477 
2.031265460384 -4.4605055622035 
3.5666947412501 -2.6802588044366 
2.3205987257283 -2.4945824008893 
2.8753107778889 -2.5420313526206 
2.0947982000243 -4.0091664951405 
2.9593680855568 -2.0621642930155 
3.8210870465127 -3.2132985543873 
3.0858838500146 -2.0838604914108 
3.4843989343777 -2.6450699433005 
2.2673734024933 -4.0165005501577 
2.9275397423329 -3.9212733246239 
4.8953312000289 -2.871652994924 
4.7776338613833 -4.4567925578417 
4.7661014606288 -2.5028861755274 
2.9809804376053 -3.996390621191 
2.0054971408758 -3.8602661870917 
4.0627439454169 -2.1501070437061 
4.023002237824 -3.5908063216254 
4.5477304273584 -3.2273908558793 
4.7154856855941 -4.4187398597807 
2.4668249457779 -3.7502739816332 
4.4478588374291 -2.8275334606126 
2.637707609563 -2.8780020780784 
3.5080199750551 -2.5205913961578 
2.2612240277659 -2.4251388508675 
5.0271883864369 -2.499355954193 
3.8318369889112 -3.7756397610832 
2.7864660703625 -3.8237353924548 
4.3437348259289 -2.7930298015286 
4.0576035198128 -3.4221115665445 
3.2666112082174 -4.3101494518424 
3.7111188273556 -2.9447157622789 
5.205893648543 -2.9405893315362 
3.1653825555022 -2.3429087197605 
2.8049261693418 -2.4069195794525 
2.634887989359 -4.1887057216096 
2.9349186310119 -2.4005414568224 
3.2280413367865 -3.0495819613365 
2.798111673303 -2.0287383281478 
5.0280089838912 -2.2882568411121 
3.4009539140214 -2.6345178495616 
4.5418219161831 -3.7362317091306 
4.762198061138 -2.8811595418035 
3.0337110855184 -2.6317615080457 
2.7974891451042 -3.7252490450916 
1.962526208938 -2.550994844224 
3.0105758255327 -2.1558976198253 
4.5555841228142 -3.7442708042611 
4.8794577544575 -3.354186306252 
4.3989585999754 -2.205282387917 
2.5279508488698 -2.2815759232667 
3.6305100398664 -3.9203647372237 
1.8258022541048 -4.236318947935 
4.0346454289577 -2.3831000548837 
2.9638845983742 -4.2011727470201 
3.1369938128716 -2.4042919490159 
4.3869861699784 -2.6579758193372 
4.5831201663884 -2.0493179702096 
2.8475285613148 -2.3306117825201 
4.4616379007584 -4.3883120114541 
4.4012120659097 -1.9967752696028 
4.2511263294819 -3.763053100646 
1.8518939939321 -3.1630152751193 
2.6130551111083 -2.0546992162634 
3.9125885252191 -3.4723179575108 
4.8207020216276 -4.2128067231322 
3.6162404201521 -2.8749232146761 
1.8303675872653 -2.5658515902851 
4.1137660163769 -3.8078427984556 
3.7182191343583 -3.4626686258623 
1.9555799672698 -2.1823106057353 
4.0568464569416 -2.6973914051883 
5.2329396970927 -3.3487967456968 
2.3721548171495 -2.4191200925494 
3.2853483965084 -4.1630809303435 
2.0434889122466 -2.8541833302824 
2.6555483475749 -4.0821567429405 
4.8420991642317 -3.5817578179898 
3.2946679028592 -3.1204586148609 
3.306387122238 -3.0869033004067 
4.3977470611368 -2.7218754420488 
3.9729797886731 -3.1824497581726 
5.2866966554748 -3.5901153545044 
1.9212283862509 -3.5936890467467 
4.5498479647231 -3.0655013328393 
2.3520195034247 -4.3117306633644 
4.6557973654386 -1.984211352288 
2.9624618189894 -3.9511715912882 
3.7091898398585 -2.1615097138847 
3.646448083193 -2.4546316186071 
3.113977310036 -3.2742997739122 
3.4913087086451 -3.5651298181021 
2.0050228832459 -3.2466489789247 
5.283174888091 -3.7885251690018 
5.1682730883285 -3.5093122485402 
4.4266002108533 -4.3289819688918 
4.8332056932461 -2.1537343116562 
2.3989986083431 -4.2601621840204 
3.0808348592369 -1.9609472953255 
2.038589452455 -3.247141022339 
4.0549389284404 -2.5832072981472 
5.2962768120761 -3.0755073405847 
4.9574118292086 -2.0998864053471 
3.2261658847371 -3.4385551094004 
3.4930431818981 -3.025999124994 
2.3441033823135 -2.4159057569224 
2.0916544463856 -3.1590911038885 
4.8605261847495 -3.3099299442886 
2.6955847162916 -3.2433817086323 
5.1518773852314 -4.4585566421576 
4.6870122000548 -2.2848432121387 
3.6871518654656 -2.6693698081098 
5.0806023208785 -2.1365728506289 
2.730280871156 -2.9710788862845 
4.4052678951317 -3.2969178802909 
2.0130583782312 -4.2507866008631 
2.2601441241662 -2.5147617942548 
2.3281427266201 -3.8348352403321 
2.4150179239631 -3.1303498256831 
2.6200324912252 -3.4924123864972 
1.8274655468184 -1.9796935770508 
2.8046336400283 -4.4922745359036 
3.9137929953283 -3.904737299699 
3.6781353767884 -3.3992300887646 
2.8663866032291 -2.2455723949327 
3.788842983613 -3.4890243440524 
2.7381351483476 -3.5667575237774 
2.2599334912885 -3.2131505662444 
2.9204692445029 -2.0369075372235 
3.187465729357 -4.2232266827498 
3.8694150610242 -2.3515926074542 
5.250146384182 -3.1521655208921 
2.394367484667 -3.2021150195987 
3.5470511175699 -3.8412154315108 
2.5821458193602 -3.5538342656504 
3.8590854434954 -3.9765794994217 
3.4481185625501 -2.6430800280255 
2.3508229480157 -2.9343128668291 
2.1776213092511 -2.89765846472 
4.9747781990916 -4.402695053455 
2.5174303520937 -3.0064059485515 
2.4268066441968 -3.1467016718509 
4.6016172371763 -4.4442270818312 
4.9581786101721 -2.0890075208105 
4.771875743897 -3.5942555775468 
3.2816107604533 -4.3640941234968 
4.8673737970985 -2.8240587302619 
5.1675538188354 -2.5433129421774 
3.7642241246835 -3.3522755685143 
3.6241625735026 -3.3229506871622 
1.9383610594898 -3.4616030869517 
3.9302431662134 -2.7768889523679 
3.7604414266491 -2.4301807708057 
4.3709757830531 -2.8081355380313 
3.738342184091 -2.0710816063509 
4.7960187328009 -3.2020658322293 
4.044624320024 -3.8352730679152 
2.2192976818358 -3.976863680639 
4.7852082307948 -2.5547243455256 
2.2033073740822 -2.774075490564 
3.1997203810187 -2.3743325226702 
2.4872409827397 -2.1560661319359 
4.5186736591835 -2.996109311018 
3.7771143094857 -3.1643156889404 
1.9653495744431 -4.0236317505803 
2.3237189059844 -2.5335477330431 
2.8552696106123 -2.911016545839 
3.3824615578353 -2.2194860571628 
4.4191759996898 -4.2824427100764 
5.2471960454554 -2.2626538151418 
3.1930005293724 -3.3096477198422 
3.6265774459378 -2.3490573526863 
5.1686401720862 -3.7271028243131 
4.8751430951327 -3.0722296465996 
5.1851271914513 -3.900494095599 
2.1909303220359 -2.8545444834848 
2.8487887629436 -2.5171165109637 
3.1935041585996 -3.0133757512356 
3.9278393488374 -2.9621534825088 
2.4991120774037 -3.6062279855076 
5.2431833995144 -2.4455631480236 
4.8192783313413 -2.6871781853776 
4.5932450409254 -2.6993764311266 
2.2720208801609 -2.1611493767741 
3.2103310612796 -4.1662797432668 
3.5189413847462 -4.12778840417 
4.5712485276306 -3.7793077683518 
2.6114697343257 -3.0889241141311 
3.4116600917723 -2.3248435658832 
4.8725091018184 -2.9592761719854 
3.2059323148312 -2.1251741924675 
4.0384685098901 -2.5235829667908 
5.0448331909728 -3.8555303730969 
2.4724628721296 -3.3597375338027 
2.1682023308518 -2.0195000298024 
3.2692316864704 -2.872506145303 
3.8576924276721 -2.3733235639426 
3.1048834837698 -2.0897133560877 
3.2277451280444 -4.0215323430825 
2.2493445630023 -3.8037344769642 
4.7651255421633 -3.4221070444572 
3.7781108580938 -2.810290697065 
2.6378858639671 -4.0144118891692 
3.6745448667876 -2.8429124978291 
3.4568899462993 -3.1062753243912 
1.996405388169 -3.1641609932237 
3.4535872452186 -2.2546263119426 
2.334993079323 -3.294952326249 
3.6108600031808 -2.8564321555767 
2.8426884937108 -3.9399450864456 
5.3033857129079 -4.5080413727582 
2.8463306533401 -4.4931611172111 
4.3997644881542 -3.1378094456684 
3.6040712255989 -3.3595035076565 
4.0341360579783 -3.5656563913384 
2.9764386651099 -3.4783490669312 
2.0976655096332 -3.2002853912272 
2.8251027893981 -3.024435813966 
3.5541405967255 -4.0350556713777 
2.7135949860393 -2.0841490119427 
4.0363553042076 -4.0808404230575 
3.6962370228545 -2.4205059534086 
4.7532455032669 -3.7208736684399 
2.4687070686817 -2.5653856954563 
2.2022152863148 -2.2928543108213 
2.6248929775384 -4.2778039822607 
4.3713770311214 -4.2070161605712 
2.0310829331867 -4.4631864933641 
4.9411497249007 -2.6928985845198 
3.6616259722499 -2.4326474078011 
1.8175021706897 -4.2053993116629 
3.9094971538355 -3.8199010870761 
3.0947345702703 -3.5172349544335 
2.7219394729676 -3.9399115337673 
2.0629913329735 -2.901751297416 
4.425791497407 -2.4357504231044 
2.2600702212218 -3.6648195542431 
4.4285743341339 -2.0542047527219 
2.2070389649327 -3.2588606889294 
2.9558383097093 -4.0374599688738 
4.3595616060097 -3.7363142247368 
2.7145010675566 -2.880660813595 
2.0555412458772 -4.1433635165678 
4.850847608262 -2.4516878855258 
4.4048250240375 -3.91545769344 
4.0338237882962 -2.3302068076719 
4.0233409434217 -2.0608447092368 
2.312176184007 -2.1027409996526 
4.2873539059469 -2.3966069890458 
3.4004675461895 -3.2719762628775 
4.1327851126852 -2.1423353168168 
3.2821412396615 -1.9546428707411 
1.9815147561604 -3.728525229053 
2.5029732775518 -2.2687047337636 
3.4440721445144 -3.5760977061129 
2.7219044423571 -3.2467367122117 
2.387059132446 -2.5752529867509 
1.8967259161659 -4.3667860377808 
3.0202864598097 -3.5330446858185 
3.9496107590756 -4.2779730186453 
1.969547790414 -2.6151358210627 
2.9175945290898 -3.8461537103772 
2.9430733604557 -2.0602918249473 
3.2480223320928 -2.7883451115456 
5.1751452646012 -3.2894935743149 
3.1572847728022 -3.36919601915 
2.3932683700365 -2.5201965444529 
4.397991919333 -2.0309771626096 
1.9022197494328 -2.1167822413828 
2.9591030458396 -3.5877717802128 
2.6469216670338 -4.5075580707643 
2.312085931846 -3.7622226552015 
5.2382721335101 -1.9752302890091 
2.4051413408993 -2.8362761299509 
1.874137389562 -2.0845848466135 
3.3574236505634 -3.6017712788829 
2.845152539064 -2.5139408196696 
3.4035936759093 -2.442811341448 
2.392000960513 -2.2946582643328 
4.9799472498277 -2.1398417605042 
3.0775879787697 -2.3312938322183 
1.8638244337094 -1.9550444953763 
4.786257159718 -3.8413702022063 
3.7113009521815 -4.2459998673471 
4.2766690775781 -3.1407689946465 
3.8905669542828 -3.9261680601613 
2.2075340929425 -2.003511045197 
4.2974507061222 -2.0305170996388 
2.2685990013585 -3.4753105610076 
4.6137147424253 -1.9528694305738 
5.0791414133626 -2.4440654737765 
3.8560031689052 -4.2571078758887 
4.6827691287151 -3.7012343617009 
1.9295253215977 -4.0993070028365 
2.5503662504599 -3.1436676908695 
4.4554389540174 -3.2908647679007 
4.2021187875073 -2.6424467685441 
4.7303467231254 -3.8529760918984 
2.4820004769421 -2.5263984754857 
2.1632320761221 -2.5032858297697 
3.7196198457989 -2.8635403842805 
4.0228240582627 -2.0692239610695 
5.1216848523615 -2.7939585048377 
3.3749138262093 -3.1838811260785 
2.5460798124393 -2.6167240318757 
2.1538545519896 -2.7143627392339 
2.4775879562625 -2.6483892192044 
3.7492468344732 -3.2577051708453 
2.0658914413608 -3.458698199663 
1.8348121279176 -3.5757787057809 
3.03072016947 -2.4270245728302 
2.906521394122 -3.1084751196618 
4.5320328801145 -4.1383447256321 
5.0236422140848 -2.0340191992076 
3.4260782414466 -3.7928339960854 
2.7903277590876 -2.9816087931185 
5.2038277199444 -3.9811998609108 
4.6812154089815 -2.5056501528339 
2.8166751008511 -2.7319081507799 
4.506858784318 -3.790751278169 
4.9592037810715 -3.0984122583306 
4.5461112649597 -3.0433560456123 
4.593478582 -2.4533305973351 
2.3127023260443 -4.4553595827594 
3.1514502354407 -4.098942511817 
2.08528835301 -2.5170867413863 
2.1095808782805 -4.4694669930468 
2.6147012048483 -2.9236904437799 
5.0289119877399 -3.8667035953619 
2.1093672887733 -4.3118226677939 
4.1888653070042 -2.8226528847602 
2.6165591901838 -3.2265763273229 
3.7268482342461 -3.5931192595277 
2.0592773037132 -3.9854839458577 
5.2000902636697 -2.8600291607721 
4.5358327193476 -2.0867869925327 
2.4814193492644 -2.8076029509089 
3.7644141894729 -3.5374383902383 
2.9478538205209 -4.5004566823786 
4.2038578209738 -4.0404461707141 
3.6317270276269 -3.2840916140297 
1.926080150014 -2.3656023861651 
2.3384279654146 -2.9903936084193 
5.2875091049899 -2.1206507509145 
2.1141804804887 -2.1332064067532 
3.7790797522159 -4.0012448950101 
4.5646428786536 -3.9524922267586 
2.7467174214111 -3.0391383095765 
3.1702933679296 -4.2974419166562 
3.0024935045643 -3.3976802082961 
4.2209243400419 -2.2029247177822 
2.5158370391202 -4.3519762097353 
3.3289632905648 -2.8943282784171 
2.3165935611558 -3.912185165508 
3.3632022824652 -4.1728719956459 
3.8495017801546 -3.0820392870006 
3.7308886166184 -3.2819618945061 
4.2707650724757 -2.4376113146642 
2.786404801037 -4.2534553422607 
3.2587527428539 -4.2997532245732 
3.3749572307678 -3.8747765420318 
2.6635709932109 -2.6773149333466 
4.1157117413817 -4.4086713408542 
2.8893151494736 -2.6625413041347 
5.1050724374951 -3.0167560111205 
3.3450669713432 -4.0286693626087 
2.0896668469786 -2.3883271833351 
2.65288909516 -4.0933676806099 
2.7604925516095 -2.335996771758 
1.9845139742016 -3.8492256392228 
4.0190498829842 -2.9793499051389 
4.5832233821393 -4.1511020999526 
2.7438587359583 -2.3482269952253 
3.5116797108484 -1.9389262962817 
3.1582907955545 -2.309810330107 
4.9790462955057 -3.7021371626174 
2.7016028885057 -4.0836237578308 
3.3336235615924 -4.4530350441026 
3.3854417838741 -3.8044078527816 
2.9359224698723 -3.8530666697323 
2.1582831461587 -3.5234473914956 
2.6110278536996 -2.4818277765561 
5.1623731687636 -3.417419608401 
4.54135955077 -4.5236221177128 
3.4687834670286 -4.3520055354477 
2.2066440323062 -4.2112840250961 
4.3564648863792 -3.1092064231996 
3.6420133344101 -2.9482432658904 
3.0740826765959 -2.1094323410591 
3.6597949593464 -3.3731408153628 
2.055810554982 -2.4087881120989 
3.2706409900697 -4.2174497630714 
4.7674433445296 -2.6374147500237 
2.3521595943695 -2.9763762203045 
2.5629586399058 -2.2109691217605 
3.3832118710215 -2.7740645180064 
3.7145522309372 -3.5401262051527 
4.0204951422392 -2.962225328459 
3.0210801978859 -4.4329680729337 
4.0272410370517 -3.8167332710544 
1.9142474811573 -3.51953592849 
2.5284401004221 -2.6484561760782 
2.6737973404501 -4.3113046073871 
2.3333987114051 -4.1486054159448 
2.9420462254583 -3.6699714053164 
2.2742225491587 -2.2961954971409 
3.2640449273213 -1.9711988127204 
2.5989974462037 -3.0229245046762 
2.2487676508904 -2.825974515571 
2.6165300485987 -4.0674149368925 
3.483310058654 -3.0152708238988 
5.0502425652169 -3.666772491884 
4.9362927328245 -2.6677480198938 
3.4275642395369 -3.3508833745445 
1.8558584870101 -4.4179179637471 
5.2758986451237 -3.6939979015069 
1.8797733356797 -2.6957321025901 
3.2620252796931 -3.1521845489563 
2.3242873341 -3.0742020097534 
3.169856617488 -2.3660203668199 
2.1484191840266 -2.6331886915769 
3.1479553169843 -2.0708074903748 
4.0726306228838 -2.4916496362655 
2.4829367977598 -2.0713662361031 
2.1420456088078 -2.346570488823 
5.2829605984106 -2.994100483941 
3.4095800569891 -2.1098660687287 
2.9238589488406 -3.6035529586791 
5.1979666584934 -2.5765537898896 
2.2029110234617 -4.3324289487511 
3.6477169812817 -3.291859451449 
4.7028716251814 -4.4191523130991 
4.165125108538 -2.4336251346632 
2.6325520781614 -4.3661097248848 
2.0598599235702 -2.1146646257249 
3.6828003126575 -2.1643593914133 
5.2266085116588 -2.5929030521229 
3.3164221141736 -2.6765680897381 
3.3734880290155 -3.5603996397518 
4.6378547160213 -2.4070247428358 
5.2820437170584 -3.8382439288239 
3.0757823629721 -1.9433746882556 
2.6390602382379 -2.1855590133029 
5.1290828269954 -3.5716087717719 
2.9076577628786 -4.1650160423405 
2.9220612123408 -2.1824693199827 
2.7372880415068 -2.3019812934123 
4.0324141840806 -3.4592317471898 
3.01621804264 -2.6654205379122 
2.0702187799315 -2.4595038116091 
4.1713209917336 -2.1512282169696 
4.7850195905388 -3.1433936376935 
1.9695446717581 -2.5634219640142 
2.7394406465404 -3.093001764746 
2.0262698360694 -3.9325458798093 
3.0401412140268 -2.9496917043954 
2.9487018311068 -3.2430264644795 
4.464121324303 -4.4917346794856 
2.139384772255 -3.3547487226928 
3.2287670780314 -2.9679578603485 
3.4924351999831 -2.5463462762378 
3.1792028854013 -2.1187036680318 
4.858481111842 -2.3283532114466 
4.8399303709105 -4.0328040096017 
2.6278756242422 -2.9520789785496 
3.966141128716 -3.7099643365704 
2.6845607860138 -3.8496138855009 
2.548137803662 -4.3470624163019 
3.4457211365229 -4.0176799362002 
4.2213626350821 -3.6100620959557 
3.1358145870437 -4.2445940458109 
4.8448789158786 -3.7448397961897 
2.0820127514119 -2.1870507081116 
4.4730505338917 -3.664845224296 
4.244795474112 -3.9667521762521 
3.3866902549038 -2.1757177888482 
3.2595039645679 -2.0724386177331 
3.3066175656175 -2.1794587031556 
5.1521980784378 -2.8344070496871 
4.2268019551578 -2.4198640144613 
2.495870030091 -3.2907771169478 
2.793528347977 -1.9382492297976 
2.5599617717023 -3.0883583568891 
5.2112750898723 -3.6697008617239 
4.5397153885194 -3.1421250757983 
2.8342993257542 -2.2692534514923 
2.5422970351863 -2.2637571950233 
3.1009726167592 -1.9421005292116 
5.2946245484397 -3.5448629795721 
4.6464500552037 -4.4666775969511 
5.0570789902715 -3.1767773748198 
1.8487360768002 -2.5152108415277 
2.9396062038366 -3.9672632356929 
3.7997148311026 -2.6149584665237 
2.7375279752412 -1.9397153451564 
3.2767851498349 -3.9574442508189 
4.9589085091434 -2.5022576170736 
4.9447932846017 -2.0825018032148 
3.253502192305 -3.2173965732531 
4.4099252017856 -2.0602638625357 
4.7866472798515 -4.2750750363157 
3.2354990310528 -2.5132535787692 
4.7591347479344 -3.4593878932698 
3.0573173782315 -2.6415248454518 
5.1081415702871 -2.1278787162696 
4.0799497062303 -3.0488769360435 
3.4883395901384 -3.2838775718752 
4.0601674921437 -4.0505162683964 
4.6624559239823 -3.2885048307212 
2.4914927057285 -3.260469143314 
3.1966642948102 -3.3430562327564 
3.3327560429273 -4.0683914471617 
3.6940543966046 -2.7789687943228 
4.9590381210305 -2.245458925212 
2.9845346816334 -4.4475775652095 
4.1316730345392 -2.0747509940805 
4.6280898175522 -2.9345469989757 
2.9863174960036 -2.2321550807904 
4.8223113957943 -3.8819241179508 
4.8358153574879 -4.1110024507438 
2.329333539311 -4.2759265907306 
1.7965386547954 -2.482268415547 
4.3886421467594 -2.1024183894925 
1.9105984092151 -4.4931547896801 
3.9554837188058 -2.7678045377015 
2.5343840600289 -4.1243732081577 
2.307332549888 -4.0862774102614 
4.8585098361037 -3.1152797201163 
2.7468740797283 -2.0909162184571 
3.9042644057234 -3.9839156498296 
4.8668385835207 -4.060051843169 
4.1845652527208 -1.9486745948526 
4.2356610669064 -2.0357699272206 
4.5157527294258 -2.6069924174076 
3.5115834517787 -1.9670710795329 
4.6303444687708 -2.1338894254294 
4.9287479216024 -3.2266986097095 
4.8654156668104 -2.0453612788252 
2.2066344990794 -2.2195548972599 
4.4246633747565 -4.4616079328367 
4.310179093004 -2.6062817285336 
2.292409892519 -2.6802617780795 
2.4863008646103 -3.3523367235505 
3.7309230834138 -3.5198355740847 
2.6651004063646 -3.9755193207329 
2.1767321009699 -2.4501689629968 
3.6218325060526 -4.2352286291517 
2.7056880040164 -1.9422879112967 
2.8375254352089 -3.6835598804738 
2.4274517533366 -2.4627222960282 
1.8146489373222 -2.3751191167143 
2.9353882039234 -3.3470177835607 
3.2642452299209 -3.9662132824951 
3.0669331008421 -2.7349235257236 
2.6934393138833 -2.2823314683703 
2.2098335911538 -4.4357928011033 
3.2350018301359 -1.9987036717556 
4.8587773660362 -3.2045039317188 
4.966948712388 -3.9082741766838 
3.2683492309256 -3.8711243327551 
3.0421798961347 -3.4045718887719 
4.912532343256 -3.6095317090297 
3.3087494989972 -1.9971159668524 
4.0921512551667 -3.0519483942122 
4.2146509313799 -3.2276979017049 
2.5904902236335 -2.7340304776184 
2.6188578344644 -4.1825404486387 
2.6196595120428 -3.8133101651306 
2.0315841710138 -2.9312679995317 
2.7714635299584 -4.0523593353431 
3.8734528675906 -2.050586786046 
2.9609985294948 -3.8115910766292 
2.0385709883182 -2.4137724203247 
2.6978781766584 -2.8198345778294 
2.8052132866715 -2.201254972707 
2.7042343713228 -2.7307502166915 
3.1025009591225 -3.9867622308524 
4.9488598330901 -2.1276892053515 
3.4216875648968 -2.6609506814773 
1.9054679341885 -3.2962868663037 
3.140180388859 -2.0615173313401 
3.6663049941421 -2.419002266754 
4.7909283437604 -2.0440051195499 
4.2153557230208 -3.2271096581455 
3.7526434892575 -3.2765375099065 
2.6500563026313 -2.5837021418489 
3.5595580458125 -2.5840775291266 
3.752831239471 -3.8159521148444 
1.8045877425055 -2.0816989625254 
3.0332705236982 -2.0860747506615 
1.8739001678729 -2.397780704634 
4.744390146291 -2.3514388139014 
4.9316616747191 -2.9427624659728 
3.6896242435168 -2.2718438461864 
4.3908122689225 -2.4059612217416 
4.3011189694552 -2.4139075084728 
4.75291804983 -2.9271102157241 
3.3420061426917 -2.830685596646 
1.9584202366205 -2.1519041968179 
3.9425530561976 -2.3091776999384 
3.2108638768378 -3.2461259765098 
3.6855631862694 -3.7347553965282 
4.3197528881804 -4.4917644826169 
2.3620028827998 -3.5612736917394 
3.6666954544471 -2.6963321316758 
3.6284341966797 -2.5775540652164 
4.231142903116 -3.7239011408621 
2.9614934457963 -2.0719541249176 
2.5763280416626 -3.8950579450722 
3.5026992852309 -4.2987299450454 
4.7568042764811 -2.6409602697037 
2.0301755535201 -3.8974509470781 
3.7038840497841 -3.0053791211911 
4.6198608946551 -3.3967719390057 
3.7493826221324 -2.9108594700715 
4.232823234104 -3.017308234964 
4.3889524681093 -2.7621970886464 
2.5940634945138 -3.4238247484739 
3.5632949052055 -3.4338227416707 
3.7505481104775 -3.7319035184266 
2.4233070880786 -2.623408119949 
2.1487861854804 -2.381778880548 
3.7923798310804 -4.1687987272696 
2.3607361893372 -4.3371950093096 
3.4214653609798 -2.2796736270416 
2.1848656685552 -1.943222785009 
2.2435933640483 -2.7926232714191 
2.3189447835441 -2.9177303848927 
3.681884771218 -2.3646093616112 
3.3505814312952 -3.4398444946446 
4.414372292338 -3.7460695862094 
4.7617888071719 -3.460237108926 
2.7261322641478 -3.9208838529392 
2.5480458280469 -2.5137841309865 
2.452432547987 -4.0780451164351 
5.0132267465186 -4.4744922830248 
2.4636728927467 -4.1379061762382 
2.6730305598681 -2.1069640060991 
3.5008926473639 -2.5893952380314 
2.7165550054987 -2.5445441267015 
2.7436223407569 -2.8594591626269 
2.3670415722348 -2.6388122365864 
3.9336928560985 -2.1951921026778 
4.8445217361025 -3.8808921290766 
3.3502079979802 -2.8885447643717 
2.9556548908609 -2.2358200894305 
2.6486549213439 -2.2523945698397 
4.5599172533639 -2.5908552175481 
3.2063105109628 -4.1895785708441 
2.8450053848792 -4.1133970655117 
2.0552946197446 -3.008489305594 
4.9166582452111 -4.3387437494895 
3.7042746537848 -3.2722584642707 
3.7935819021609 -3.028452406375 
4.8568878451596 -2.1464255293019 
4.6958291487259 -3.450329894873 
2.165419714828 -3.7793927118946 
4.1722475430979 -3.7813066008492 
4.7275412683797 -2.0091225588812 
4.3860978901749 -4.1071973354203 
5.0113055480807 -2.226586850417 
3.5040919143431 -3.4683479341456 
4.3405193863134 -3.2253846609685 
4.8648511637826 -3.2910839601332 
2.5138131877785 -2.8131695367501 
3.2467029675951 -2.1796523200997 
4.4404063071756 -3.4177568084961 
2.3157386847911 -4.1868226308549 
5.2187653413246 -3.4649042037676 
1.8638639089652 -4.4320086076239 
2.9019806608677 -2.3917998309062 
4.6620283718133 -2.7432026035454 
3.4119326730015 -2.3164844539211 
2.3078051908804 -3.2617176113767 
4.5740090719773 -3.1683722674119 
1.8415373471557 -2.0812734978274 
4.3462025653753 -2.5901371680425 
3.7621292430375 -4.3659443642833 
3.2963158868773 -3.2899037585095 
3.0860957124076 -2.606383506054 
2.5049748445352 -2.2505896897746 
4.0137639219979 -1.9611637244962 
2.8299646730315 -2.7588635174246 
4.4863837456675 -2.6058849280739 
2.8600379756283 -3.0948583897134 
4.5012747704338 -3.5701912728336 
2.0359555882276 -2.2331213974381 
4.4350303232036 -2.3293830999417 
3.6719412158953 -3.803385585351 
1.8526283696965 -2.5179946168368 
4.7501125050248 -3.7899436361369 
2.1303644439199 -2.2956517897661 
2.8645450498397 -2.2418434427611 
4.4281232648771 -2.4104260262494 
4.9450058552365 -3.9124749165329 
3.8367767657337 -2.151624616804 
2.535806011676 -4.0116272719167 
3.5861230405631 -2.9500260017075 
4.7230297688772 -3.975426364353 
4.9860159646887 -2.5698051544172 
2.5580620743526 -3.0670884294778 
2.2504874370117 -4.3751666310978 
5.1414353568379 -2.5464296875633 
3.0178212180074 -3.6882385480672 
2.9124182895576 -2.7451879268029 
2.9687841929493 -3.0638801299477 
3.712045641453 -4.1381154891747 
5.099496746243 -2.3058931019802 
3.6169541483949 -3.1436431147254 
3.0246514166268 -2.0860596675943 
4.0873083629391 -1.9891112207101 
2.3951593741938 -2.5559675869574 
2.1304422612483 -4.2981670136693 
2.6694732960923 -4.2720794038069 
2.4660017463299 -2.9079669156117 
3.0862640522618 -2.2004989891662 
3.7376248145367 -4.461668417952 
4.0395419089151 -2.5239606598444 
3.0389833163113 -2.4259080570457 
3.8290074442346 -4.1532631578143 
4.9830454469178 -3.0246928178416 
2.2934188725011 -3.9634036660812 
4.2640519929405 -3.5351661281711 
2.7057098383621 -4.2641837268412 
3.0519349939631 -3.6510933806886 
4.7502237811789 -2.9187509601447 
2.0396750360748 -2.5088072855117 
2.1717745225189 -2.9463577595307 
4.4997754483394 -4.1585773358366 
2.5969786197995 -3.981095539482 
2.5271855660467 -4.481353616861 
3.8790461069393 -4.0047538317347 
5.0346622011018 -3.2256135228645 
2.8656635993544 -3.3571634613382 
1.890232410163 -2.545967391086 
5.1555437376484 -2.5712814502974 
2.3175344125128 -2.5659575254948 
5.160606083994 -2.4665798855642 
3.8710269201391 -3.1620214493273 
3.3704430842065 -3.3001881694041 
4.0294905182891 -2.9884395810474 
3.7508981667893 -3.9324863236158 
2.6982857634409 -2.8974224876736 
2.3698258225844 -2.3727850862726 
2.3691561450572 -2.0595140832028 
5.1596244180057 -3.0901675756121 
3.8236784911181 -2.4917707940042 
1.966511761916 -2.0443311525628 
4.0763435415127 -3.3318972577848 
3.4416213748453 -3.3171776773232 
4.0616426607484 -2.8854494468677 
2.3545957085271 -3.5699455003053 
2.8995703404562 -2.0614783426775 
4.1204921213352 -3.1873278467714 
2.5399078300283 -3.8075656163202 
5.2672109235621 -3.5146252217145 
2.4902230576663 -3.1960790130045 
2.0082885916686 -3.2267287595069 
4.2839762805121 -2.3758187368624 
3.6633571688486 -3.6138971222804 
2.5735314084609 -2.388227605381 
3.6180112176986 -2.3718970680211 
2.065933781606 -2.2504996781344 
2.6488971297777 -2.7499685525485 
4.1803339067804 -3.3327611952299 
1.9589033980094 -2.1187937119834 
2.870710345521 -2.719777017254 
3.4183435089726 -3.9920655177063 
3.0046635859944 -4.0338777446915 
2.9790892631314 -2.2864692876644 
4.0125197141212 -4.3026544003172 
2.4799018947303 -2.1303879321171 
3.5755929655285 -2.3684709727124 
2.2828862633429 -2.9987463634149 
2.9601187236085 -4.1910698526335 
4.3449724203926 -3.3550058441499 
2.6922244204759 -2.022782208651 
2.8529907619297 -2.9892252128731 
2.5634677363491 -3.533889360638 
4.3881482312335 -2.1756750568458 
4.0971777062291 -3.1488915581455 
3.4282581110341 -4.4519059519536 
2.5754487744492 -2.5767764984948 
4.6350927887375 -4.4005450966632 
3.0762744931334 -3.3055594617661 
2.7736301510786 -4.3305216753294 
3.3412589085433 -3.3337431341631 
5.2166729182363 -3.5192706121601 
4.3917745873043 -3.6646444941957 
1.977703372567 -3.6316392672055 
3.2804105320094 -1.9774207428731 
3.3895502606808 -3.5880065852316 
4.8212355205641 -2.8981232392588 
2.7516947475998 -3.9991788787495 
1.9192896519442 -1.9959711206521 
2.7790604306252 -2.8104263045158 
2.0767277405386 -4.1187427970861 
2.9379484120227 -2.4545259265015 
3.1555441504 -3.59887538821 
3.9796434347772 -2.7832680416652 
3.1460710221656 -3.4157116660457 
2.9841719211784 -1.9416673902694 
1.9839395048124 -4.0463479341566 
1.887929851178 -4.0561223407283 
3.5080701870898 -4.1982377533312 
1.9695029138504 -4.0503725463804 
2.8989539105193 -3.3021942633694 
2.8087734860759 -2.8787260396641 
3.1611942557788 -4.142653196092 
2.8630773508143 -2.5777831725835 
4.1890159392362 -2.7215839272777 
3.3457499966553 -4.0566494780682 
1.8505672760686 -2.2786647369822 
4.6827807029469 -3.9180733790566 
4.9060912090691 -2.8243948217924 
2.8985666829575 -2.1614102125613 
4.548196950497 -2.3832591080028 
4.5311369853299 -2.9862747459543 
4.4233060307486 -2.4763994925535 
5.1187705721555 -4.1126449115896 
3.4133551725073 -2.3851785330024 
2.7097355536381 -1.9787214329917 
4.2572487380026 -2.8061916990235 
2.3979703297722 -2.8831176218486 
3.9634982517685 -3.9279376093243 
5.2826479503037 -2.9730292924008 
3.8405628254012 -2.6538444003002 
3.5998408014784 -4.3351083838455 
2.2531902144645 -2.7717242007848 
2.9898071726781 -2.7335787314956 
2.6145207624724 -3.5167236872628 
2.7632905853207 -4.2307547316868 
3.5959671701439 -2.7062005842423 
2.0562271941925 -3.6465423773279 
2.2176558834707 -3.7226615733773 
4.0970625710542 -2.4635683712632 
4.0202047066275 -4.0631133338553 
1.8217632448475 -2.9748874453152 
4.6745112328048 -2.3119158544458 
4.226259491003 -2.4664841990381 
3.8205378017564 -4.2345890883554 
4.5061585895771 -3.5953830262665 
3.3715027918427 -2.9368457100201 
4.9860480188929 -3.3598317249999 
4.2387633453262 -4.3526072631163 
4.1478347808216 -3.1354609607508 
2.1453361671969 -2.140888674137 
2.629063431311 -2.074528636793 
3.0980952490029 -2.9921708669964 
2.0532744371326 -3.3370257358623 
1.8263193260069 -2.6049909605219 
2.0614402718164 -1.9416994217093 
4.8074311183738 -2.5953768708533 
3.9559813092533 -3.1469890140927 
2.8720162778055 -3.0208475597988 
4.0512314170786 -3.2309340754531 
3.2235011875567 -3.2638973415515 
4.0780379552199 -3.2757502810289 
3.7268512651315 -2.0494268941892 
4.358981969433 -2.319064854719 
2.1680754534788 -3.2451998296763 
2.7353655363432 -2.8529868100463 
3.3004910284791 -2.6594526440981 
2.1365605715337 -3.5455955612315 
3.2572647643165 -3.7752385229713 
2.5202465900747 -4.0039655932065 
1.8988965840121 -4.1267911023114 
2.6901119160344 -2.4242208082463 
2.6653298253423 -1.9976097182719 
2.9379971222252 -3.5331111527032 
3.2361788818998 -4.1918342991246 
2.1657640493721 -2.4569284006571 
2.245389898231 -2.7585827389901 
3.3741169533024 -4.3629665936165 
2.4586698786049 -3.5051584530646 
1.8634229414668 -4.4797764344147 
3.4345943051085 -2.313213478135 
2.1880780884018 -3.4460723229034 
2.9083381476082 -3.6853903181018 
4.1521669773031 -3.0805761449702 
2.9329700063175 -2.446053712268 
3.4167254631834 -1.9571344723976 
2.7459302792083 -2.1219553824624 
4.9013551091764 -2.1461942546594 
4.7937770457828 -2.0129952815746 
5.0807951093538 -3.5331313127012 
5.092927915167 -2.3538633172449 
2.8100263311659 -3.7745528067602 
4.3813689796727 -2.7311669718136 
2.6265343667922 -3.7230077927609 
2.7465237351507 -2.1942953765668 
3.6724816101985 -3.3485489082016 
2.4795541094161 -4.3050612295941 
4.5632140034923 -4.3591478945752 
2.2995446609345 -2.806650530046 
5.2867162446251 -3.6568327323684 
4.9116791231485 -3.6431990668488 
3.9971537070227 -2.0412401593632 
2.6028770869401 -3.3864472193442 
4.2477844631128 -3.6201693272801 
5.1900530858292 -2.0311735477467 
4.2877812129444 -3.9808237579002 
4.0617480687748 -3.4526151489299 
3.6753922352761 -4.496210447798 
1.8041714510765 -3.9170433874359 
3.8563445048509 -2.1077225856845 
5.0771965267212 -2.4706444555125 
2.929311936353 -2.0622349946981 
2.7803672588022 -2.9311581560713 
4.7073226337455 -3.0662596522538 
2.5409017120897 -2.1746516849372 
3.7707392036579 -2.7248782688678 
2.7970709520179 -3.567814250341 
4.1042772518674 -3.3839579286323 
3.3759377874731 -2.0431165351094 
2.0767839989088 -2.0348767347902 
1.8498633049362 -2.3655177152919 
2.6774576608083 -3.4647686509136 
4.8937039394397 -2.7994498960243 
4.4360747343079 -2.6161650243526 
2.2263796557483 -3.7369138726372 
2.9893155973157 -2.8557884783863 
2.8965312390996 -4.1421524717658 
3.1029182640987 -2.7905198813262 
4.3425825950986 -4.2749950134402 
3.4178392500187 -4.4253365005559 
4.8367383839118 -2.0135233607883 
